10 154
19 35 35 33 129 41 41 174 367 3 6 181 199 32 52 218 364 25 25 219 337 16 27 220 321 16 28 277 377 27 37 349 472 11 23 354 418 34 34 496 616 43 53 505 675 11 23 579 706 17 33 869 998 5 7 1017 1050 11 13 1026 1077 1 5 1034 1051 1 1 1095 1102 3 5 1096 1119 1 1 1123 1126 
13 31 36 31 220 4 5 125 152 24 54 235 404 31 38 294 450 20 22 347 445 20 30 412 527 25 25 452 554 28 33 571 727 21 29 604 729 39 39 717 865 23 23 737 842 21 24 775 913 42 42 818 985 
19 17 20 10 98 39 62 39 257 13 19 85 188 7 7 110 142 4 5 208 229 25 25 253 346 16 31 297 412 29 31 349 488 21 36 461 673 8 9 559 590 20 20 574 683 17 23 720 807 22 37 761 888 22 38 876 1042 5 19 899 962 22 22 980 1085 25 25 990 1096 11 13 1068 1114 3 4 1103 1117 
11 41 41 569 727 42 47 576 741 40 61 634 811 38 38 675 830 17 17 688 749 36 40 791 990 38 63 860 1073 26 31 872 995 18 26 910 999 31 43 951 1084 16 20 1049 1125 
16 26 31 4 164 20 34 110 228 8 12 139 183 30 71 145 343 23 23 158 264 21 21 198 299 21 21 229 318 20 21 388 495 14 16 429 511 12 19 497 560 30 30 612 754 25 38 660 812 27 38 679 831 24 52 706 873 18 26 906 1007 6 8 910 943 
18 16 17 62 126 24 42 135 242 24 44 183 327 10 10 283 332 13 32 358 468 12 18 361 448 18 32 385 526 13 41 515 671 11 23 526 611 26 56 554 727 11 16 580 641 25 25 611 706 37 37 629 777 35 35 721 909 2 3 726 745 35 40 824 987 12 15 1026 1087 2 2 1106 1117 
12 39 43 176 371 29 40 181 310 25 36 357 462 41 45 471 654 25 29 518 634 27 29 618 733 34 34 697 833 41 57 742 933 34 43 953 1115 16 16 981 1051 15 29 982 1069 13 23 1015 1085 
18 19 28 57 184 14 15 72 141 36 36 74 221 52 52 126 318 9 11 200 243 8 9 269 307 4 12 283 326 33 33 376 496 29 29 448 600 39 45 496 712 20 21 520 613 24 25 652 763 12 21 662 752 1 2 787 795 1 1 788 791 33 33 988 1093 4 9 1074 1100 1 1 1113 1116 
13 37 37 14 235 35 41 68 280 52 52 72 266 26 43 333 483 18 53 389 543 19 23 396 501 2 2 430 444 41 41 434 626 4 4 439 460 22 36 591 695 18 18 613 714 48 48 632 813 19 32 978 1072 
15 6 6 90 135 47 63 145 365 31 49 165 365 14 41 328 459 48 59 332 541 22 30 371 456 43 43 520 722 4 4 590 607 6 6 625 666 4 12 674 719 20 26 777 857 46 51 824 1026 5 15 837 881 24 33 921 1073 10 13 987 1045 
