10 109
8 40 90 14 209 18 58 291 434 35 71 336 513 20 88 347 518 30 57 408 592 29 54 415 542 48 78 618 825 7 14 657 698 
9 18 29 14 88 22 49 73 195 28 41 356 463 31 68 465 616 28 38 522 675 27 66 572 696 48 88 572 770 3 6 774 789 8 16 816 856 
11 10 41 128 197 29 53 139 275 45 78 170 354 6 11 286 312 18 28 363 440 21 62 522 652 25 79 633 782 8 17 640 694 3 5 700 715 30 50 776 899 1 1 889 893 
10 43 101 81 284 27 64 416 570 20 50 440 554 21 22 548 630 8 32 577 663 25 59 694 833 30 69 755 917 14 28 760 815 13 13 912 976 4 8 1009 1030 
14 17 39 51 153 26 54 259 393 11 24 283 346 28 55 425 565 23 63 520 626 1 1 584 588 22 41 614 718 7 38 635 713 10 37 653 739 16 93 725 895 21 55 749 855 2 4 853 871 6 32 933 994 8 12 1004 1035 
11 1 3 55 62 25 31 265 367 33 60 291 409 14 21 444 516 18 28 487 580 33 60 663 853 4 6 681 698 7 11 763 793 22 49 923 1021 20 39 928 1023 18 55 931 1040 
12 42 64 107 287 41 79 119 323 13 59 190 303 4 4 193 211 11 18 539 599 24 43 709 845 29 62 718 874 2 4 780 790 1 2 868 872 26 43 899 1031 11 29 915 986 8 20 940 982 
12 40 59 235 380 2 3 315 325 34 65 345 491 51 60 366 523 22 46 466 581 13 48 504 620 9 24 522 594 7 8 539 567 11 19 719 779 21 28 852 962 12 34 920 997 1 3 1026 1034 
13 9 14 85 127 6 9 101 125 6 16 104 146 13 46 175 298 6 11 263 290 26 75 389 555 11 40 419 498 26 94 489 674 19 50 582 694 39 75 713 905 23 99 728 873 19 29 807 883 13 17 948 994 
9 27 96 2 178 37 107 21 196 7 29 212 274 9 17 245 298 37 48 605 726 44 60 680 871 30 32 714 850 13 25 926 978 8 18 965 1025 
