10 73
6 53 70 25 165 49 49 169 286 49 49 399 525 42 65 501 631 47 112 695 879 9 9 1010 1035 
10 5 5 209 224 54 54 220 365 70 71 243 402 65 74 344 505 17 17 419 474 3 4 437 453 14 14 603 631 9 9 666 687 7 11 706 727 28 28 849 919 
10 15 33 151 210 6 10 165 191 33 42 240 365 40 51 297 392 11 14 317 346 29 29 347 417 38 38 840 924 29 64 849 991 6 9 979 999 11 14 1000 1037 
5 106 106 102 304 19 55 110 211 1 4 398 405 93 93 441 625 15 15 558 614 
7 4 14 54 86 67 67 359 555 70 77 535 733 73 81 614 802 15 41 652 743 27 27 686 749 13 13 962 991 
6 67 67 69 233 21 39 286 365 58 83 632 795 20 30 737 788 41 41 813 947 1 1 1038 1041 
6 79 80 33 215 94 94 87 267 2 2 318 325 10 10 528 555 48 55 660 778 23 25 747 818 
9 24 49 57 182 8 12 63 100 53 53 185 311 26 61 248 364 47 47 319 430 11 17 348 386 5 5 417 427 34 56 648 776 2 3 1019 1026 
7 16 16 289 325 31 42 415 505 74 74 643 814 32 54 730 868 10 14 846 876 10 18 846 907 41 41 883 975 
7 64 71 425 597 60 73 455 586 16 16 581 621 18 25 629 715 5 6 698 711 76 76 805 1011 21 37 948 1010 
