10 203
23 2 19 10 51 2 22 10 84 5 25 12 95 10 60 25 198 2 19 35 83 1 8 39 59 10 62 169 312 1 31 247 336 9 73 252 405 4 54 254 375 1 3 463 477 5 63 507 650 5 39 518 646 3 27 579 651 6 39 702 833 2 20 758 816 6 57 788 898 4 50 797 892 2 19 878 933 1 4 880 890 1 7 905 930 1 1 922 926 1 3 930 944 
20 1 1 9 12 1 4 103 116 1 11 149 179 8 52 170 305 2 27 268 338 7 50 314 431 8 94 338 522 1 8 444 473 7 79 493 638 8 100 566 744 10 84 571 722 2 15 669 705 1 13 766 822 5 16 775 866 1 11 777 803 9 101 781 941 4 61 826 928 4 27 837 928 3 42 868 945 1 6 906 929 
20 1 9 65 94 8 59 76 214 3 52 77 207 4 44 192 282 1 9 201 225 9 82 295 481 9 70 342 499 6 73 380 562 9 61 440 576 4 27 527 615 4 38 598 684 4 36 604 714 1 31 629 686 2 20 649 695 4 31 693 801 2 23 699 760 10 59 781 929 1 5 919 934 1 9 922 944 1 6 925 950 
20 4 22 70 135 10 40 76 251 5 39 193 314 1 2 221 228 3 67 284 408 5 70 297 443 6 54 311 436 3 15 330 375 7 64 363 502 10 84 382 551 1 10 601 640 5 28 650 815 7 45 654 768 2 20 713 785 3 81 732 916 3 28 763 832 3 36 791 894 2 30 826 913 1 10 862 886 1 10 924 952 
16 3 21 17 87 4 44 60 157 4 24 65 166 1 9 107 133 4 55 290 436 9 39 306 427 6 32 372 493 10 47 384 528 6 71 530 660 4 27 538 620 6 67 642 777 3 40 731 831 8 86 755 942 2 13 773 822 7 69 800 945 4 11 859 937 
22 4 53 4 130 10 88 12 198 1 13 45 84 2 7 59 102 6 60 77 236 1 11 82 105 4 52 152 242 1 9 153 186 4 70 290 419 7 71 332 486 3 25 376 443 1 14 427 461 7 60 434 583 2 57 444 580 2 13 452 504 7 40 556 713 8 44 620 712 3 22 635 690 5 40 638 732 3 39 659 757 1 13 843 885 2 24 879 941 
19 7 55 48 203 3 33 121 217 5 108 145 332 3 37 146 217 5 50 166 285 9 59 198 371 2 13 210 241 10 63 234 394 10 67 393 554 1 1 419 424 5 34 458 581 1 4 472 482 2 9 619 644 6 84 633 815 1 13 682 716 4 29 717 813 4 36 795 883 3 16 803 878 2 15 894 941 
21 9 47 49 217 4 53 56 159 2 31 140 193 2 9 170 217 9 60 181 339 4 40 201 299 7 53 223 348 4 28 248 349 1 20 255 304 5 46 286 377 1 6 319 333 3 14 338 382 2 13 370 414 3 23 402 460 6 41 418 555 1 10 432 463 1 18 456 498 4 39 524 645 9 77 690 845 3 34 744 848 1 2 920 927 
21 2 22 23 92 8 33 28 177 1 5 91 103 1 6 165 197 3 30 202 268 5 77 216 364 1 8 220 241 3 38 276 415 1 15 276 318 5 63 361 508 8 90 363 523 5 34 459 535 1 10 461 486 3 30 473 550 9 84 546 734 8 79 549 722 3 30 567 635 7 68 571 730 4 69 600 723 9 49 785 908 2 20 901 948 
21 9 53 56 181 3 23 60 148 6 39 205 336 4 35 221 294 8 66 263 400 5 45 292 407 1 15 312 349 1 12 342 368 1 32 365 449 1 4 452 463 4 34 568 656 7 52 595 734 3 37 608 681 3 19 634 705 4 19 687 791 7 49 745 892 8 66 764 947 6 49 773 869 1 10 806 846 2 19 893 940 1 3 937 945 
