10 41
4 36 91 349 510 63 63 426 575 22 22 436 498 32 32 815 893 
5 71 71 33 210 67 67 299 433 3 7 423 440 23 30 868 927 1 1 919 924 
6 5 5 146 166 28 28 165 256 2 2 605 612 58 58 735 852 42 49 807 921 2 2 935 941 
2 72 79 73 246 61 94 109 285 
4 21 21 114 169 14 16 377 435 45 59 426 580 26 59 636 751 
4 6 10 444 465 14 22 699 735 40 40 801 879 41 41 815 908 
4 51 51 17 131 41 45 245 374 24 50 462 599 2 2 945 954 
4 21 23 120 189 5 7 460 480 51 62 524 651 57 57 610 764 
3 59 64 135 292 26 35 251 336 13 21 449 499 
5 15 18 108 163 43 43 234 351 27 44 718 806 22 37 753 825 25 30 881 953 
