10 167
17 10 19 101 152 22 41 139 243 9 13 237 282 49 63 264 488 36 110 433 621 25 72 441 606 27 57 459 636 53 70 461 680 18 37 469 589 25 56 555 689 5 5 557 577 19 44 623 704 3 12 666 693 2 3 790 800 11 25 848 923 19 27 977 1073 18 32 1012 1087 
20 18 30 109 241 14 24 164 231 19 80 274 406 17 30 303 404 3 9 307 325 8 22 362 411 14 32 424 501 23 50 484 652 10 25 554 604 41 63 577 786 46 70 583 776 21 49 660 822 51 89 716 931 14 37 836 922 16 35 898 981 19 42 961 1072 1 4 990 1003 11 16 1005 1078 10 21 1066 1127 2 2 1114 1125 
14 14 88 21 198 6 21 53 106 41 56 132 273 36 76 230 373 5 9 273 303 12 18 346 401 38 86 474 661 32 76 480 635 10 17 586 644 38 65 622 776 37 62 744 939 33 87 794 979 42 55 900 1095 17 28 942 998 
16 23 41 9 145 50 85 15 240 32 81 41 222 36 60 83 246 5 18 135 167 2 6 327 338 34 49 389 558 25 40 493 617 25 25 582 695 41 66 595 783 19 29 759 838 22 31 801 913 9 13 843 890 7 29 957 1043 9 11 980 1017 11 17 1056 1110 
19 21 59 95 213 18 36 141 229 35 83 280 472 8 14 292 325 16 36 298 373 5 10 400 430 15 69 505 629 36 76 521 705 27 58 540 667 64 100 638 860 13 25 702 766 18 23 724 814 39 78 728 946 12 51 846 933 11 23 980 1036 23 52 991 1121 1 1 1036 1041 3 13 1062 1084 6 7 1096 1115 
11 51 101 70 278 7 16 76 109 46 88 304 484 5 14 308 341 27 94 344 541 16 33 383 441 12 21 405 468 47 73 549 703 66 85 632 850 35 56 716 872 39 104 823 1040 
16 36 81 65 283 8 15 220 264 35 37 246 467 44 56 274 458 32 60 282 439 14 38 310 393 43 84 517 717 6 7 525 549 27 73 669 877 15 45 739 847 21 53 744 876 24 79 745 931 16 46 764 874 24 60 953 1094 6 18 967 1015 8 17 1037 1080 
20 21 29 3 77 28 51 46 165 17 58 165 280 30 89 219 399 24 52 259 411 34 99 286 492 36 96 518 680 35 73 560 746 7 16 605 659 1 1 643 647 4 10 720 744 27 44 745 884 22 55 781 925 9 12 795 832 17 47 869 1000 21 46 872 1037 4 13 1018 1049 12 27 1021 1066 3 8 1095 1114 1 4 1107 1117 
15 11 44 17 93 29 93 50 224 27 48 195 289 62 91 256 478 61 78 265 490 1 1 288 293 40 79 390 558 34 45 447 615 35 69 521 655 28 75 554 762 12 22 688 763 8 11 915 962 16 40 929 999 3 7 1100 1120 1 1 1105 1110 
19 15 31 5 97 13 41 16 94 9 21 138 187 27 46 168 270 1 1 177 180 1 5 218 228 33 42 221 360 41 51 222 365 53 86 222 446 25 45 241 385 8 27 331 387 23 43 390 490 15 24 487 585 18 66 596 780 62 98 644 853 10 30 659 721 17 33 742 825 1 6 983 1001 9 26 1058 1115 
