10 467
46 8 80 41 231 8 59 46 203 8 53 63 224 9 63 66 274 6 43 129 278 2 20 136 188 2 18 146 199 7 69 159 323 8 80 204 386 2 37 216 320 6 74 281 418 5 60 341 499 7 84 361 519 7 114 366 556 3 28 368 416 9 86 415 577 1 7 418 441 2 36 423 494 1 7 428 454 5 94 460 631 3 35 484 574 4 55 533 626 3 58 607 747 3 35 636 725 3 61 641 793 3 27 643 700 11 69 657 849 10 71 664 863 1 13 719 773 1 29 774 819 8 33 777 950 5 38 781 901 3 18 875 933 4 31 884 963 6 71 891 1028 6 61 893 1018 3 41 907 984 1 5 909 923 1 13 911 949 5 35 918 1033 2 9 924 970 1 13 932 958 3 28 947 1037 3 14 966 1014 1 8 969 999 1 24 970 1018 
43 10 84 29 199 3 32 57 120 9 74 60 257 1 7 79 102 6 58 86 199 7 55 92 241 11 89 92 261 9 81 124 304 5 63 135 325 1 13 137 173 4 54 142 283 7 90 166 320 9 92 182 327 8 41 229 363 11 56 232 366 6 58 249 424 2 17 268 317 2 9 291 320 10 72 295 500 3 55 430 547 1 1 480 486 11 48 481 683 1 9 491 509 6 46 507 608 2 28 514 569 1 5 524 541 4 23 543 613 1 18 652 692 8 57 688 820 2 30 696 752 2 17 708 745 4 89 714 873 1 8 754 773 10 52 761 963 11 96 800 980 2 35 809 883 5 49 832 925 3 33 934 1013 1 1 961 965 1 15 966 1005 1 5 970 982 1 5 1003 1014 1 10 1013 1036 
46 1 1 62 65 6 59 143 240 3 39 188 288 2 17 189 234 5 18 200 284 3 25 206 284 11 85 229 419 7 39 271 377 3 34 300 368 5 31 313 385 8 98 333 519 2 42 360 473 3 52 365 503 4 35 370 465 5 89 370 560 3 43 376 467 2 17 378 426 3 23 396 464 5 45 402 508 7 41 414 507 7 65 430 583 10 62 465 665 5 35 492 574 2 32 516 576 2 21 550 599 1 5 567 582 1 8 603 633 6 34 611 734 4 65 625 750 9 112 694 895 9 76 695 889 1 7 703 727 9 81 721 926 8 78 726 918 3 34 726 794 6 83 760 946 1 5 775 795 6 80 779 923 7 53 827 975 4 43 867 958 3 14 879 926 1 12 916 956 3 56 951 1032 1 5 998 1010 1 6 1002 1017 1 1 1015 1020 
42 6 61 15 216 2 26 47 109 1 11 62 93 8 56 65 252 11 59 72 220 1 4 87 113 10 72 105 313 5 49 149 261 4 37 184 301 2 17 188 227 2 15 282 324 2 23 295 353 1 1 318 323 2 24 335 397 6 40 338 444 1 2 362 370 11 71 388 578 7 49 439 578 2 11 454 494 6 22 506 610 10 72 514 689 5 40 525 601 6 50 535 651 7 63 552 688 5 37 559 633 1 9 594 611 1 21 626 676 6 76 649 804 3 42 662 772 4 45 677 783 5 47 689 810 13 55 711 874 7 49 722 833 1 12 757 786 3 7 790 837 6 47 797 924 11 85 801 1006 1 25 863 919 13 71 874 1029 1 4 878 898 3 32 927 1002 1 1 1037 1041 
52 4 29 41 124 6 55 46 170 5 61 70 229 7 62 128 262 12 40 171 348 4 40 231 327 4 36 237 314 4 39 243 330 6 30 272 369 1 13 275 309 7 45 287 391 5 45 420 553 1 4 435 449 1 14 437 473 9 73 471 667 2 33 524 590 4 72 525 666 7 92 526 706 2 14 563 639 1 7 587 604 7 39 614 722 1 7 636 653 7 56 641 765 2 23 651 701 4 22 667 737 1 23 669 716 4 42 674 786 2 43 704 801 9 92 716 910 7 45 721 841 10 96 746 943 3 22 765 844 1 1 771 777 3 25 793 866 4 39 842 950 8 72 857 993 1 21 867 911 10 69 870 1018 7 47 872 1002 2 39 898 996 1 12 921 949 1 18 950 980 3 34 961 1032 1 13 977 1004 2 19 985 1035 1 12 992 1021 1 3 995 1006 1 1 996 999 1 4 1016 1023 1 3 1018 1026 1 2 1027 1037 1 2 1030 1034 
57 6 43 4 124 2 35 10 95 2 22 57 110 6 93 69 253 3 23 70 145 7 69 92 240 2 17 99 155 7 99 111 316 7 98 112 280 4 19 116 205 1 1 117 122 2 21 119 178 3 10 121 187 3 20 141 203 1 6 142 164 8 93 151 345 8 67 157 300 1 12 178 209 4 89 196 402 1 5 217 234 11 69 220 390 5 38 247 328 1 15 260 297 3 35 294 375 2 41 312 370 7 76 315 469 1 2 325 330 2 15 337 396 7 49 344 535 4 18 374 443 6 35 398 499 9 48 472 646 1 3 479 492 4 47 491 587 2 9 531 559 2 21 541 579 2 28 541 619 6 60 642 746 1 11 657 696 2 39 663 749 4 48 740 845 1 9 760 780 1 5 807 823 2 22 811 853 10 91 835 1040 3 22 853 918 6 60 876 991 3 22 886 954 3 42 914 1005 3 29 963 1031 4 32 965 1037 3 26 971 1034 1 1 985 989 1 7 995 1012 2 10 999 1039 1 2 1008 1014 1 13 1013 1040 
45 1 30 6 76 4 37 41 125 5 42 69 176 9 53 98 238 7 48 109 234 7 32 188 294 6 54 214 398 4 51 217 313 4 54 228 357 9 54 268 446 3 41 275 382 1 8 286 300 8 40 327 476 3 29 336 405 2 15 378 417 1 5 447 459 6 56 487 649 4 53 488 606 8 48 508 712 5 116 533 723 1 12 546 579 7 62 561 763 1 14 578 612 4 65 582 771 6 35 583 746 5 47 588 708 4 35 626 709 5 45 651 738 5 49 667 792 5 65 671 827 10 73 747 911 10 47 796 978 1 5 798 810 11 56 817 1018 10 56 831 969 3 22 874 936 5 49 896 1012 4 30 902 1017 6 52 905 1018 1 18 907 946 1 4 925 938 1 10 975 997 1 3 987 1016 1 5 1013 1027 1 7 1017 1033 
53 1 9 29 51 11 68 69 248 1 2 76 101 2 38 91 167 5 36 107 203 1 2 151 156 1 3 167 176 1 2 200 207 1 1 204 210 10 58 215 338 6 48 220 385 1 14 250 288 2 10 255 291 2 12 257 324 1 2 314 318 6 60 324 517 8 76 325 528 1 13 326 360 1 23 328 376 14 82 336 543 3 24 354 423 8 40 382 543 6 58 386 525 6 40 400 551 2 20 430 473 7 51 437 599 8 89 449 649 1 14 469 509 1 13 472 504 3 22 510 557 5 43 564 669 8 93 572 770 1 25 597 652 2 25 599 694 7 45 618 765 3 56 632 737 1 9 638 658 9 68 648 845 7 45 650 780 6 48 696 833 8 91 726 930 2 18 749 809 5 40 769 866 1 25 781 844 5 27 840 925 1 17 873 905 1 18 878 913 1 6 894 908 3 29 909 975 1 10 962 992 1 3 988 994 1 6 1029 1040 1 1 1035 1040 
42 3 51 38 142 7 44 55 152 6 22 78 222 6 67 87 241 8 64 117 258 8 92 125 312 7 65 137 313 1 8 145 171 8 98 147 355 6 42 161 260 1 8 232 257 4 56 243 355 1 14 304 341 1 1 306 310 3 20 328 368 5 34 345 450 7 65 362 528 4 14 388 444 10 69 426 607 8 68 429 597 6 38 440 518 5 52 443 563 4 54 445 593 5 101 471 676 5 30 478 595 7 57 485 657 1 5 492 505 1 9 574 599 3 24 580 676 10 116 590 763 13 62 611 794 9 65 642 792 7 25 732 890 3 12 852 906 3 53 868 966 2 33 881 934 5 62 891 1021 1 1 904 908 3 25 926 997 3 26 947 1014 1 5 1018 1033 1 1 1037 1041 
41 9 69 5 159 15 97 15 214 1 24 21 69 3 32 36 95 3 25 73 177 6 51 90 222 3 37 265 357 6 34 268 373 2 5 288 327 8 49 299 465 10 65 306 473 3 16 310 386 9 113 320 516 5 63 339 447 5 57 354 475 1 1 380 383 1 8 392 411 4 35 418 490 1 18 461 538 10 42 465 634 1 4 518 535 6 56 548 667 7 64 550 703 3 26 593 646 6 49 595 735 8 75 616 804 1 3 625 633 11 79 640 832 2 14 686 726 2 18 716 760 3 20 726 779 7 85 765 938 3 32 770 846 10 68 809 1000 8 79 833 1010 3 26 840 905 8 86 842 997 3 23 862 924 1 10 927 952 2 13 941 975 1 1 1037 1040 
