10 64
9 26 48 0 155 3 5 226 238 3 3 309 324 6 13 323 349 20 58 390 533 1 1 491 495 1 2 504 519 42 89 608 788 3 9 915 941 
5 21 41 274 368 22 55 328 438 23 30 425 507 27 44 573 714 1 1 940 946 
10 3 20 212 244 8 13 248 290 6 13 297 326 14 43 353 427 30 58 422 557 1 1 449 452 8 37 605 672 32 54 613 768 8 18 910 953 1 2 938 942 
4 19 47 161 259 44 99 219 407 26 45 445 549 12 48 618 732 
8 19 90 422 596 12 32 468 549 13 17 633 687 1 2 635 640 5 13 773 800 23 29 790 889 11 22 886 941 3 6 914 931 
8 7 21 64 105 13 46 115 202 9 18 174 216 4 8 353 377 29 52 445 613 4 8 602 624 21 37 795 877 1 1 861 864 
3 38 68 30 185 28 55 505 627 21 33 679 767 
5 25 37 83 186 31 60 146 287 8 38 504 598 9 29 672 728 18 36 835 915 
7 8 8 177 224 27 52 469 610 18 41 538 626 3 11 713 736 3 9 744 769 23 58 750 875 4 5 915 933 
5 14 36 76 137 13 26 273 356 10 34 666 730 23 54 722 869 24 32 808 911 
