10 103
10 51 51 26 127 51 62 92 306 71 71 131 287 59 80 236 421 101 101 244 466 26 48 323 484 12 12 492 522 3 5 723 736 4 5 855 866 18 29 1002 1062 
12 10 10 18 41 7 7 126 146 38 38 133 224 55 59 144 268 44 50 154 267 34 56 171 296 5 5 374 388 46 46 504 625 41 55 551 657 61 101 925 1126 1 3 995 1002 5 10 1072 1094 
14 18 19 354 411 22 22 376 424 35 37 378 465 40 40 426 522 52 74 430 624 3 3 511 520 1 2 764 767 3 3 805 815 28 40 832 913 69 70 929 1087 25 36 940 1016 33 44 953 1085 11 15 1072 1110 2 3 1105 1115 
9 24 59 0 165 22 33 6 76 51 54 286 431 36 36 644 735 9 10 681 715 84 84 741 945 4 6 788 804 89 142 796 1007 7 7 1006 1031 
11 46 46 182 313 32 32 325 447 82 84 339 517 17 21 447 529 21 21 479 531 38 51 557 676 30 30 570 660 42 42 670 771 44 44 748 858 24 24 995 1061 5 5 1111 1121 
8 66 69 41 210 69 89 196 361 65 81 389 547 52 95 461 613 20 20 977 1021 43 60 983 1118 42 42 1033 1125 3 4 1114 1128 
12 7 7 88 109 1 1 206 209 69 79 209 393 2 5 468 479 46 46 562 691 49 98 639 852 40 40 649 774 6 6 711 729 8 10 732 752 38 38 754 826 32 32 841 900 54 61 929 1057 
11 43 69 110 255 50 105 129 328 18 18 277 328 3 3 291 300 26 26 563 620 54 54 594 700 25 35 758 839 54 81 853 1028 17 17 894 934 16 20 968 1006 22 34 1005 1063 
8 33 33 64 136 41 41 209 312 42 42 225 327 26 45 284 402 46 69 302 491 37 37 339 468 78 105 649 850 45 48 832 992 
8 54 66 6 151 47 47 264 388 24 35 335 406 98 106 438 627 40 48 868 1026 29 29 869 942 13 13 997 1029 25 32 1035 1123 
