10 120
12 10 10 167 233 26 33 203 320 1 1 676 682 16 16 682 760 15 30 707 800 35 46 779 967 33 47 789 950 31 43 822 1002 17 31 883 988 8 8 995 1025 1 1 1010 1014 1 1 1035 1038 
10 18 39 111 227 33 33 269 397 28 33 339 505 39 40 360 552 24 32 362 493 1 1 494 501 41 65 669 874 12 20 752 838 12 14 785 845 2 3 978 989 
12 27 27 3 154 14 48 174 306 1 2 198 209 31 31 209 326 22 35 363 516 21 27 568 657 25 39 600 750 41 61 720 920 8 8 930 966 4 7 951 976 1 1 1027 1030 1 1 1031 1036 
12 9 9 10 54 30 51 18 177 20 20 123 203 13 42 147 297 33 33 175 293 7 9 200 240 26 26 412 506 14 40 461 605 32 41 466 628 10 15 905 957 1 1 1027 1033 1 1 1038 1041 
16 48 48 17 185 8 9 21 63 19 19 23 132 5 12 94 168 1 1 103 109 28 28 115 210 1 1 283 289 28 34 294 450 6 10 409 443 3 4 562 587 21 26 615 747 13 27 731 819 1 1 824 830 15 21 841 934 6 9 855 883 1 1 976 980 
12 21 34 184 331 10 14 279 324 30 32 332 453 43 67 336 506 33 36 352 520 14 19 365 445 3 3 428 445 24 30 577 701 14 22 586 750 10 15 949 1022 15 18 958 1020 4 5 1016 1039 
11 8 13 48 89 11 12 165 224 30 30 177 295 26 52 180 343 28 28 328 526 8 8 363 402 2 4 523 539 2 2 543 552 31 31 560 684 30 61 855 1022 26 28 926 1037 
13 11 11 63 128 32 32 117 232 15 31 218 329 21 22 224 308 15 22 377 450 35 39 504 636 6 9 559 598 3 3 736 749 22 41 761 884 26 31 774 917 11 11 826 867 2 3 839 854 5 7 991 1030 
13 5 5 58 85 11 15 134 203 4 20 205 255 26 39 225 349 2 4 251 270 5 17 457 513 6 15 487 536 10 13 561 630 30 30 685 818 34 44 748 948 39 39 794 921 16 24 915 1013 15 18 962 1038 
9 11 17 229 318 56 56 483 673 28 28 526 662 3 6 582 615 16 31 606 745 64 64 610 814 10 12 698 756 14 14 747 801 11 13 868 917 
