10 56
5 35 37 39 187 8 9 342 380 1 5 573 603 45 45 661 850 7 10 894 929 
5 8 14 453 512 14 14 488 564 47 47 535 706 24 31 598 722 12 29 750 876 
7 41 52 26 197 4 4 60 78 28 28 487 583 44 47 522 688 10 15 825 879 3 4 875 890 3 3 913 932 
8 19 20 80 189 9 10 113 157 12 19 380 461 3 4 401 417 38 38 577 718 10 27 635 719 12 27 763 862 6 6 772 802 
5 1 1 32 35 41 41 81 255 37 46 357 537 17 31 670 769 1 1 895 898 
5 19 19 27 132 29 29 237 344 25 25 356 477 30 60 475 665 11 19 870 937 
8 25 25 153 269 1 1 246 252 1 1 440 446 22 22 479 575 33 33 487 605 21 32 544 681 8 8 556 600 1 1 950 953 
4 47 47 352 530 29 29 483 623 55 64 578 766 8 12 688 728 
4 26 32 174 303 28 28 615 741 46 49 751 932 5 7 930 952 
5 20 26 323 447 60 60 640 824 28 42 776 900 1 1 782 787 12 14 892 952 
