10 114
11 13 32 117 182 13 24 134 190 27 42 163 251 2 9 163 182 1 2 449 455 28 82 469 632 22 28 516 658 8 22 530 598 3 8 726 742 26 49 727 821 18 25 749 817 
12 25 44 16 121 7 14 29 61 1 1 44 48 21 26 103 184 16 48 115 226 13 31 319 380 7 18 383 440 39 83 394 559 15 54 712 806 17 28 739 816 2 3 806 820 2 6 812 825 
13 2 5 113 124 9 21 167 207 1 4 254 263 28 42 286 397 8 9 348 374 4 6 350 368 30 34 384 503 30 39 413 550 35 83 559 722 1 1 563 566 22 43 600 722 11 22 600 687 2 5 744 756 
14 13 19 2 63 18 35 6 109 7 27 52 98 17 38 74 171 23 49 170 286 2 3 202 211 10 20 246 290 8 21 349 395 4 10 583 603 24 32 599 744 20 58 651 791 23 48 681 822 2 6 708 721 1 3 806 815 
8 22 75 47 197 37 48 103 255 25 44 169 254 13 21 211 274 33 42 389 537 3 6 663 679 17 44 733 824 8 16 774 814 
13 17 32 30 105 14 39 69 191 7 7 305 343 18 73 310 430 31 75 327 480 3 7 339 357 12 35 418 486 11 24 425 493 9 18 439 488 21 70 475 625 6 19 491 535 11 13 538 586 4 11 556 576 
9 23 53 148 247 32 48 170 279 23 46 228 381 24 54 424 580 30 75 471 629 14 29 476 547 21 54 514 616 5 6 791 815 3 8 797 817 
12 18 55 250 407 32 38 295 429 12 37 352 422 31 43 365 530 1 4 387 395 3 12 540 584 8 15 557 601 10 32 617 685 23 53 622 731 9 20 661 711 14 32 699 809 14 26 709 772 
8 3 5 13 30 46 54 65 217 24 45 133 269 14 40 348 429 15 67 464 595 16 20 647 712 29 57 670 806 19 47 706 803 
14 16 42 120 213 14 33 173 274 19 44 235 365 20 46 279 394 1 4 294 304 3 5 320 335 15 15 324 420 3 5 411 424 9 13 516 552 24 48 580 697 15 62 654 755 10 25 691 744 6 11 696 728 7 11 787 815 
