10 148
16 10 13 122 170 26 45 238 395 5 5 249 273 20 20 263 337 26 26 286 386 8 16 315 369 19 25 331 427 34 34 354 490 3 6 463 483 28 33 472 598 4 5 491 514 6 11 522 568 27 27 572 736 25 27 652 766 23 30 713 843 4 4 803 819 
12 14 24 222 320 44 44 267 408 9 28 302 378 38 38 366 532 21 30 374 474 14 18 396 502 12 23 407 482 8 8 414 455 39 41 443 619 35 44 655 831 17 34 677 801 8 8 814 855 
11 27 36 107 269 19 23 154 251 45 52 230 399 21 36 267 373 1 1 284 290 26 51 603 752 31 36 699 858 37 46 702 868 30 39 734 892 12 13 827 877 5 13 841 880 
15 35 37 17 161 27 32 203 343 8 8 286 322 12 12 323 379 17 32 374 505 10 16 379 427 23 36 421 587 40 40 436 566 13 13 556 617 29 48 650 807 20 43 655 816 3 4 717 738 8 10 810 843 5 6 812 845 4 5 832 852 
13 14 19 154 230 33 70 160 331 23 51 176 352 36 36 221 354 23 46 239 407 28 49 376 549 43 43 419 568 20 24 686 851 20 28 697 799 5 5 758 779 13 22 792 869 12 13 825 886 3 4 861 879 
19 4 4 37 50 6 6 92 123 37 39 138 245 15 15 160 249 15 20 225 298 9 9 239 270 14 30 249 340 19 19 260 332 9 11 267 322 35 35 417 555 7 10 432 469 21 26 456 553 31 57 462 634 16 19 542 622 22 24 713 843 10 20 741 800 1 1 800 807 10 24 814 884 3 4 866 882 
12 23 31 19 139 1 1 84 91 24 43 153 320 24 26 179 280 9 11 198 253 7 8 239 277 32 32 449 570 13 19 467 547 45 59 603 769 39 39 613 779 39 39 619 731 6 8 778 816 
18 11 18 87 164 22 27 99 243 3 6 100 123 11 24 168 233 37 40 170 323 3 4 195 212 31 38 258 398 45 45 327 491 18 28 426 572 7 10 510 549 23 44 548 685 1 1 597 600 27 46 720 876 23 24 758 887 7 14 770 823 6 7 840 877 1 2 863 870 1 1 875 881 
14 18 35 24 148 35 42 237 412 1 1 317 325 8 15 450 519 31 31 477 616 17 35 499 675 29 45 548 721 23 24 579 657 14 43 593 742 4 6 658 678 38 38 691 862 12 17 696 767 24 33 710 858 8 17 813 867 
18 19 23 57 185 12 19 92 159 9 9 122 165 16 19 146 222 14 20 270 359 27 41 394 556 20 52 413 590 1 1 440 445 21 21 491 568 25 25 494 618 24 28 564 679 6 8 710 750 18 24 723 823 13 25 762 846 24 47 763 887 2 2 814 822 1 1 826 831 7 17 835 886 
