10 101
10 26 29 10 88 25 48 183 298 38 67 184 318 18 32 226 296 3 6 305 319 25 25 501 555 23 41 569 645 45 45 574 710 36 36 589 697 19 23 787 840 
8 23 23 31 97 6 6 75 92 22 22 285 342 81 93 522 695 10 12 576 621 24 63 609 732 55 55 637 789 41 41 686 804 
11 7 10 84 106 22 22 91 153 21 21 165 214 10 10 324 351 19 21 369 440 40 50 486 604 44 44 517 602 28 33 607 676 39 39 617 726 14 14 760 799 7 7 827 845 
10 60 63 16 164 9 12 229 261 32 40 286 372 41 65 338 478 66 80 417 569 22 22 806 857 11 14 838 874 10 20 851 894 1 2 869 874 3 3 881 890 
10 15 15 101 138 25 25 180 239 58 58 464 614 7 7 515 533 29 35 544 639 2 4 561 569 58 58 657 796 52 86 755 893 8 10 846 866 3 4 878 886 
13 34 40 43 159 11 15 276 319 40 45 341 439 18 22 357 410 77 77 371 536 21 21 378 438 17 33 409 493 14 15 526 566 6 10 616 638 23 23 755 816 2 3 834 842 4 10 837 862 2 2 888 893 
10 66 66 188 344 61 61 214 378 60 60 257 411 7 11 302 336 1 2 461 467 33 33 486 563 54 78 638 798 12 12 732 763 1 1 752 758 8 8 862 887 
7 44 62 81 247 39 53 145 269 62 75 175 343 72 72 209 352 27 29 222 319 27 27 345 425 1 1 889 892 
13 28 33 144 227 5 10 258 282 13 14 408 451 24 24 414 468 61 64 439 576 5 5 625 638 22 22 666 717 44 79 666 833 71 71 676 840 22 28 756 832 19 19 791 845 3 4 874 888 2 3 874 880 
9 19 21 104 165 51 58 202 355 53 53 301 416 61 61 334 488 1 1 359 362 37 37 390 499 10 13 659 693 40 42 747 831 3 4 775 787 
