10 226
24 4 40 20 132 6 34 22 121 4 57 61 177 2 22 104 151 1 12 158 192 6 71 200 343 6 32 260 350 3 63 319 445 1 12 416 437 5 46 443 539 6 56 449 571 2 20 463 505 6 48 477 607 2 44 532 620 1 15 534 562 5 30 570 651 5 54 575 681 1 7 589 613 1 4 620 628 1 11 638 665 2 20 645 686 3 18 684 734 1 2 701 711 1 2 750 756 
23 1 4 1 26 4 53 34 116 5 23 57 150 2 30 145 221 5 79 204 325 3 30 218 298 3 16 230 294 5 48 289 400 5 43 298 414 1 10 326 348 3 33 378 493 6 50 405 512 3 42 419 521 3 27 433 504 1 8 434 480 4 54 434 548 3 21 443 494 6 43 459 563 6 59 459 584 1 5 556 574 3 25 627 692 2 37 640 715 2 20 640 693 
22 1 10 32 65 8 47 65 192 4 21 71 140 3 24 108 189 2 19 117 167 1 1 159 163 5 46 224 340 6 45 240 364 2 43 252 353 7 36 253 394 3 14 274 317 2 24 314 355 2 27 387 453 4 30 398 477 8 79 404 545 6 33 407 533 1 15 421 457 1 9 462 484 1 4 577 585 2 19 584 621 5 45 640 731 1 7 738 753 
22 7 44 5 123 9 29 8 144 2 25 39 108 7 67 75 226 4 27 128 213 5 35 147 233 5 75 172 312 4 22 206 266 2 21 306 363 2 13 380 426 3 18 412 508 1 6 447 465 3 43 457 565 3 43 465 576 2 41 517 643 5 24 560 636 1 3 578 591 4 41 621 749 3 20 637 703 2 20 695 734 1 3 721 735 1 4 734 752 
18 6 51 33 166 5 37 69 206 3 41 98 218 6 41 116 223 9 54 151 300 6 48 178 299 3 30 196 294 6 16 252 354 1 51 374 484 5 50 390 512 6 44 463 587 6 70 464 599 1 9 464 483 5 63 553 684 4 25 615 709 1 19 643 727 4 22 672 752 1 2 728 733 
21 4 48 11 127 4 28 38 169 6 59 55 171 2 18 63 109 7 38 73 182 7 70 102 229 3 37 230 310 1 9 255 272 2 9 264 314 1 1 268 272 3 34 274 351 5 35 308 428 1 7 365 391 7 49 371 490 4 32 494 575 7 56 513 653 2 31 545 608 4 44 551 651 3 42 590 656 1 12 610 637 1 9 619 643 
25 1 3 17 61 1 7 44 74 1 4 63 72 10 24 91 212 3 14 130 196 1 3 155 160 2 28 155 219 8 49 164 306 3 16 183 241 1 1 191 194 4 38 274 358 1 7 297 313 4 22 307 409 1 7 319 335 6 63 319 446 3 27 341 399 4 27 353 438 4 44 444 555 1 8 488 507 7 49 513 638 5 38 577 706 3 33 603 665 1 6 630 656 1 5 656 671 1 6 736 754 
27 4 27 6 80 1 7 23 39 7 66 82 222 3 23 139 219 6 44 148 247 9 62 149 295 5 35 190 295 6 49 195 302 6 55 256 368 4 13 296 375 1 12 326 353 1 6 366 384 1 3 382 391 2 12 387 427 2 16 445 488 4 38 500 589 1 6 519 547 4 14 588 650 3 43 595 693 1 3 689 705 1 2 704 709 1 13 705 738 1 3 719 727 1 10 725 750 1 5 732 743 1 4 733 746 1 1 746 750 
16 2 28 35 97 5 57 51 160 4 40 51 177 6 37 86 222 4 39 191 275 2 25 306 366 2 31 368 431 8 67 371 487 6 36 384 466 7 50 399 524 2 25 516 595 6 60 530 675 6 65 547 692 9 46 564 691 8 79 612 756 2 19 634 678 
28 2 21 5 76 1 3 47 55 1 4 61 73 1 16 124 155 4 48 132 272 6 66 148 290 1 17 237 281 3 16 253 334 4 27 303 382 2 30 320 390 3 24 352 413 4 33 354 431 4 41 360 449 1 8 416 443 6 31 429 534 4 39 471 583 2 11 491 527 1 9 504 536 1 13 547 579 3 7 552 638 6 54 559 694 7 48 588 721 3 27 590 710 3 29 649 737 1 11 669 693 1 9 702 723 1 9 719 740 1 7 729 753 
