10 128
14 32 32 12 141 31 31 29 154 2 3 38 53 18 18 64 140 1 3 83 95 20 20 101 190 5 9 256 284 2 3 326 345 2 2 361 371 27 27 383 509 25 48 676 811 8 12 678 721 7 7 729 758 3 4 759 778 
15 21 51 65 229 8 21 136 223 2 5 141 159 14 33 333 437 28 28 334 422 6 6 360 401 7 7 419 448 14 19 422 515 23 31 440 564 10 16 475 538 21 21 594 683 1 2 649 662 11 11 772 817 8 10 776 812 1 1 822 825 
11 27 28 122 251 16 20 123 211 1 2 154 162 13 23 209 267 33 33 267 381 24 34 455 585 2 2 604 613 18 25 662 753 7 18 675 777 18 18 709 755 21 29 714 819 
15 13 13 9 60 5 6 116 138 19 23 123 250 9 14 155 202 29 29 170 329 2 4 173 186 2 4 195 215 6 12 221 253 4 4 252 273 5 10 297 343 31 44 444 583 25 29 577 713 27 27 624 730 4 6 644 664 1 1 821 825 
11 28 40 75 205 26 32 88 208 15 15 141 213 14 18 259 323 29 29 323 456 22 28 428 555 5 5 435 459 2 3 443 456 9 9 454 497 8 9 587 629 31 42 644 781 
15 10 20 25 83 4 5 143 168 33 33 149 289 32 32 192 350 32 49 219 376 18 24 269 363 1 1 279 283 8 9 290 343 1 2 328 336 9 17 364 426 12 16 423 503 14 35 444 577 1 1 494 500 1 1 511 517 1 1 816 823 
11 14 19 102 160 21 21 144 236 28 54 177 331 19 19 254 341 10 10 303 352 12 16 313 364 46 46 357 518 6 7 406 442 24 43 453 614 11 20 475 584 1 2 812 824 
14 4 11 54 95 1 1 57 62 20 20 102 183 9 13 149 192 6 10 178 241 29 29 196 323 10 10 344 388 23 31 390 487 1 1 432 438 32 32 469 603 4 8 474 505 19 27 634 754 12 23 734 806 1 1 809 813 
9 17 24 82 170 11 44 162 305 27 27 187 301 13 24 244 333 35 37 307 453 25 64 366 509 35 35 468 588 12 18 689 762 1 1 798 804 
13 34 34 67 217 1 2 180 199 12 32 278 386 25 26 343 469 31 31 407 544 16 32 442 593 9 19 456 516 12 12 550 598 12 14 611 667 11 16 683 747 7 9 785 812 1 1 814 818 1 2 816 825 
