10 457
38 1 5 12 29 3 18 12 52 2 25 15 66 1 1 39 42 2 32 58 136 8 80 67 228 5 52 108 241 5 38 117 225 8 29 120 264 8 27 134 259 1 17 142 174 6 39 160 288 6 54 190 311 4 32 216 290 1 6 236 256 11 67 254 415 9 65 256 402 2 18 287 331 9 76 336 494 3 22 362 423 2 16 362 399 8 48 373 503 7 78 404 562 4 57 444 560 7 72 502 662 5 45 512 612 6 42 518 636 8 52 524 679 1 9 550 572 1 4 550 564 2 18 587 664 2 18 615 670 8 37 656 765 1 1 668 673 1 1 700 706 1 15 755 785 1 16 770 799 1 4 790 799 
43 2 17 8 47 5 41 65 196 5 47 78 225 6 71 82 217 1 13 119 156 10 74 184 340 5 32 188 286 4 60 231 348 4 39 234 331 5 54 245 354 5 48 259 381 3 30 348 414 1 31 362 420 6 38 389 481 7 48 451 589 3 18 473 532 7 63 483 612 1 9 483 505 6 79 536 699 6 44 551 680 6 33 564 699 1 5 579 595 8 67 592 735 6 42 600 688 3 28 610 682 4 32 625 722 3 21 628 716 4 39 629 724 1 14 634 666 4 36 647 729 1 6 656 679 4 53 664 766 4 37 670 765 1 18 679 715 5 28 680 776 8 71 702 820 1 13 716 742 2 16 740 801 1 3 763 779 1 2 774 796 1 3 806 816 1 4 810 820 1 1 820 824 
49 4 70 23 186 2 27 32 88 4 42 46 141 1 2 47 52 3 50 55 161 5 66 56 196 3 23 65 127 1 4 68 83 1 5 80 94 4 13 98 163 2 17 159 218 5 19 166 257 4 67 184 320 2 24 281 332 3 19 282 337 7 74 302 457 2 28 327 382 5 60 329 454 9 88 339 489 1 1 354 359 7 61 354 497 2 14 370 405 1 13 409 441 2 29 426 515 2 27 427 477 2 33 452 538 4 23 480 556 5 18 482 563 6 47 483 596 2 22 485 577 6 60 492 606 3 29 497 579 5 34 505 581 5 39 510 615 3 17 511 574 1 19 512 554 3 15 581 640 1 12 602 633 6 31 609 705 1 6 645 663 9 57 645 793 4 47 680 774 6 26 718 798 1 16 768 797 1 1 772 780 1 1 779 782 1 9 780 801 1 7 809 824 1 2 816 823 
41 3 40 19 122 6 51 31 174 1 11 33 64 2 19 45 100 4 47 105 207 4 44 141 238 4 43 141 256 5 68 144 265 4 32 163 253 6 62 173 325 3 27 253 352 4 30 268 327 5 45 279 383 6 53 289 405 5 51 298 414 7 70 316 473 10 46 323 480 6 34 335 462 6 73 347 508 4 32 350 448 2 20 375 510 9 70 397 540 3 32 444 527 7 58 475 602 5 44 510 611 1 4 522 535 3 42 539 618 4 29 542 630 1 7 556 584 9 44 558 719 2 36 575 644 3 15 605 656 1 15 624 652 4 43 638 751 6 39 650 763 2 13 658 696 1 8 757 782 1 9 761 783 1 12 773 793 1 4 787 796 1 1 811 814 
42 1 15 12 43 5 42 23 122 8 79 31 166 3 17 52 105 8 39 87 203 2 13 89 130 3 32 95 153 4 30 103 176 1 18 104 142 5 28 174 288 2 18 177 224 3 45 192 269 4 21 192 265 4 44 203 338 5 40 251 349 7 40 299 440 2 20 327 375 9 67 349 514 8 70 351 506 8 22 411 554 3 15 412 463 3 43 488 574 7 48 494 586 4 64 505 635 2 19 510 573 3 35 540 619 3 36 568 679 3 17 583 636 6 45 585 673 7 46 598 722 1 21 630 665 10 78 634 799 1 11 648 679 5 44 654 753 2 29 681 765 1 9 698 722 2 15 704 757 1 10 718 746 3 30 723 784 1 1 783 789 1 3 805 816 1 7 810 824 
56 3 36 1 77 2 15 18 61 5 67 30 193 3 29 80 154 5 49 98 225 10 97 111 273 3 28 112 198 7 34 115 231 2 30 137 197 4 20 142 216 6 41 185 315 2 20 201 249 5 46 218 372 3 25 245 292 5 26 307 396 8 40 313 445 7 45 339 496 1 28 342 404 2 22 359 402 1 9 362 404 1 18 363 396 1 2 372 382 4 28 396 471 4 35 399 509 1 2 411 416 7 51 414 540 5 50 430 536 1 6 439 457 3 58 446 610 1 5 468 507 1 1 470 474 2 19 506 554 2 13 519 559 1 5 521 533 1 8 526 545 4 39 557 627 2 15 602 646 1 7 605 622 1 1 619 625 4 35 641 712 1 5 657 667 2 19 658 697 3 14 660 710 2 15 669 713 4 48 697 786 5 51 709 821 3 19 717 767 1 11 718 746 3 36 739 816 1 13 744 772 1 3 770 776 1 3 770 780 2 14 777 808 1 11 798 822 1 4 798 810 1 1 818 822 
52 3 40 5 94 5 59 5 155 1 10 6 35 6 32 63 172 3 18 75 154 8 47 99 245 3 29 137 194 3 44 143 247 4 29 143 278 5 51 155 260 1 5 207 224 1 17 227 262 4 32 271 362 1 2 279 287 6 59 343 504 1 15 345 380 5 75 350 489 7 47 383 529 2 9 385 441 3 26 385 464 2 15 399 436 1 6 404 427 5 28 417 494 1 6 458 473 4 38 479 560 1 6 482 494 4 39 501 592 6 39 535 656 6 40 574 709 1 17 580 619 2 25 584 629 4 34 602 662 5 31 631 734 2 17 656 698 9 50 657 816 1 4 657 676 11 52 664 819 2 25 676 741 2 24 701 753 2 27 710 768 2 55 713 797 3 11 714 784 2 23 727 789 2 16 757 809 1 3 771 781 1 1 779 782 1 3 792 799 1 6 803 816 1 4 804 816 1 3 814 821 1 3 815 823 1 2 821 825 
49 7 55 9 136 5 79 20 160 1 11 21 49 1 1 30 33 4 69 35 167 1 9 82 131 5 31 102 235 6 44 117 258 1 25 121 170 3 21 121 174 8 44 130 241 4 49 133 225 9 38 134 284 7 48 160 308 1 10 174 211 8 69 192 318 1 4 201 222 1 15 236 267 6 60 260 378 2 14 269 307 8 43 270 408 2 29 288 344 2 14 296 341 4 56 346 483 3 26 360 418 2 21 365 423 4 45 371 460 4 23 410 501 1 7 443 461 3 36 470 542 3 21 475 525 8 95 489 644 1 14 503 538 3 34 524 614 2 18 526 571 1 4 549 562 3 34 594 677 7 87 644 804 4 69 683 809 3 17 694 760 5 32 708 800 4 17 713 773 1 11 738 768 1 8 770 793 1 3 773 783 1 8 777 817 1 14 785 809 1 6 793 805 1 2 794 800 
51 5 54 25 149 6 68 48 181 2 25 113 170 2 43 120 212 1 6 134 152 5 35 143 270 6 52 156 254 4 32 169 272 3 49 174 318 5 44 176 311 1 11 183 208 5 45 192 306 6 33 216 328 2 27 217 262 1 12 258 285 1 24 260 330 1 21 271 314 7 78 295 445 3 24 315 399 4 53 316 429 2 16 323 375 1 4 339 349 3 34 353 429 3 27 366 445 3 22 397 462 1 7 414 433 7 53 422 563 5 44 454 572 1 7 457 475 1 1 486 495 2 16 500 545 4 37 501 579 6 34 502 600 7 29 504 615 5 67 522 655 1 15 550 590 4 49 554 652 4 21 556 637 1 6 599 628 7 40 646 792 6 62 653 781 3 34 654 757 1 4 665 675 2 28 696 761 3 57 700 800 2 38 701 770 1 12 755 790 2 19 761 798 1 9 769 807 1 2 816 822 1 1 821 825 
36 5 27 29 142 6 56 80 224 6 46 108 230 3 20 115 185 4 50 125 244 8 72 174 319 6 46 228 375 8 64 238 369 3 23 267 361 1 18 280 319 9 80 290 450 1 1 294 302 4 26 297 396 7 49 323 444 7 44 334 469 7 36 365 493 4 79 382 513 6 54 383 502 4 32 384 489 3 14 396 453 2 23 428 490 7 55 429 562 1 11 435 459 1 7 495 512 4 29 508 576 3 41 596 685 1 2 637 643 2 28 650 709 7 72 653 812 8 35 654 800 4 62 665 789 8 51 667 796 7 46 696 818 1 8 718 737 1 4 747 758 1 5 783 802 
