10 45
5 60 60 81 232 49 51 156 281 7 7 416 437 1 1 664 668 7 7 719 738 
3 34 42 242 349 27 43 422 500 19 33 670 734 
9 24 26 81 156 8 8 163 196 3 3 232 241 5 5 257 272 50 50 400 491 9 10 427 453 21 26 690 739 5 8 712 737 1 1 719 723 
5 35 39 262 367 54 54 269 371 1 1 710 713 6 6 728 746 6 7 735 753 
4 16 23 33 87 11 17 401 455 44 44 533 628 18 19 598 633 
2 43 44 452 592 44 44 464 545 
6 28 28 22 98 5 6 204 223 41 71 340 476 23 23 468 525 1 2 506 512 3 9 654 669 
5 26 31 95 164 14 24 107 146 26 76 277 406 2 2 459 466 16 22 464 512 
4 23 24 204 273 23 23 545 610 36 36 554 643 22 24 653 716 
2 70 70 397 544 7 8 717 738 
