10 160
15 12 37 23 106 32 32 25 170 27 40 32 124 13 18 152 215 15 38 203 324 23 73 203 321 13 20 251 307 6 7 382 408 18 30 398 471 15 45 403 516 19 51 536 657 31 73 594 733 3 3 728 747 7 17 843 883 3 5 855 870 
18 1 1 11 15 12 50 67 162 1 1 120 124 5 8 125 143 1 1 148 152 44 82 153 324 8 12 441 474 24 39 480 579 22 38 483 568 24 33 514 614 12 23 567 619 19 35 591 697 18 31 664 773 18 49 672 763 16 35 699 809 2 11 792 828 17 17 813 886 1 2 864 869 
15 8 20 46 92 17 27 117 206 3 6 224 246 29 54 329 452 7 36 370 460 40 50 389 540 20 73 402 542 18 78 487 653 9 17 519 555 1 5 560 577 20 20 572 666 20 44 591 693 34 41 718 890 11 15 830 882 5 8 864 890 
17 13 42 132 210 31 78 135 274 3 5 157 178 37 86 171 344 6 11 232 260 1 1 276 283 15 65 300 427 14 31 500 567 34 63 522 662 1 1 557 563 18 41 583 667 21 61 591 706 9 30 617 663 6 9 631 679 21 52 757 871 6 6 776 808 9 17 827 874 
14 10 14 35 70 43 94 180 339 15 30 189 253 35 89 219 393 13 31 233 307 18 87 292 450 6 15 385 422 18 32 444 522 18 18 674 748 14 31 689 830 30 44 712 844 17 42 740 817 9 17 743 785 1 2 887 893 
19 23 92 52 208 34 63 93 259 11 21 133 199 22 37 146 245 13 66 163 271 15 34 212 302 1 2 321 327 17 38 328 443 28 61 339 510 5 12 350 379 19 26 396 499 17 32 507 599 5 8 602 627 30 59 605 757 3 6 701 718 3 8 770 791 2 3 831 840 1 1 884 887 2 2 884 892 
17 20 67 20 173 19 45 83 172 12 25 103 154 34 39 124 275 27 80 211 378 29 83 257 423 22 41 284 392 5 13 334 367 25 78 442 608 1 3 588 596 11 21 592 661 15 51 658 760 5 12 773 796 13 41 787 879 1 1 792 795 1 4 856 867 1 3 870 880 
15 14 28 162 254 28 78 162 317 6 14 179 227 11 23 326 365 16 31 448 531 32 52 496 629 8 13 499 528 30 50 563 674 5 20 600 634 11 20 642 697 29 51 642 816 14 42 656 749 22 45 747 865 14 48 791 879 2 6 879 892 
16 12 18 4 54 25 50 21 186 40 52 108 238 22 55 166 294 36 51 207 370 1 1 364 369 9 27 366 421 33 79 527 682 17 32 563 643 24 77 597 725 3 9 639 663 19 34 648 745 16 23 653 746 4 7 839 858 3 4 869 889 1 2 884 888 
14 27 50 48 178 31 75 59 233 13 29 106 163 16 35 170 248 20 25 237 306 30 58 238 365 10 28 297 353 13 21 412 484 37 77 513 681 14 17 556 620 28 63 638 777 12 34 751 821 2 4 771 787 4 6 863 886 
