10 59
6 24 24 78 205 6 17 206 253 11 27 316 419 23 32 478 619 11 25 615 713 21 24 621 709 
7 13 25 11 93 18 18 200 311 26 26 432 506 12 19 495 570 9 9 575 611 1 3 737 750 2 2 745 754 
6 30 41 97 246 11 12 291 351 27 29 301 422 8 12 439 484 5 6 452 478 2 2 656 666 
4 30 49 226 364 6 8 235 272 27 27 280 394 28 28 369 510 
6 11 11 114 159 25 46 278 429 19 41 306 447 12 24 461 565 30 30 560 706 5 8 630 655 
4 27 36 166 300 30 30 215 366 3 5 459 482 18 18 504 623 
7 36 36 93 239 4 4 103 119 11 13 167 214 1 2 395 403 6 6 408 436 5 5 458 480 16 17 636 756 
7 1 1 146 149 23 43 359 495 22 26 448 554 15 23 502 577 12 24 571 636 17 33 591 725 2 4 719 735 
4 30 35 199 346 12 12 298 355 27 27 337 485 34 34 447 575 
8 5 8 59 89 16 16 70 146 1 2 85 95 10 13 95 146 16 16 222 303 4 6 247 278 17 17 425 500 19 19 528 619 
