10 72
7 10 37 14 94 18 44 228 335 4 7 260 281 29 41 363 487 17 31 582 643 3 7 670 691 1 2 735 744 
5 6 23 3 44 15 38 6 84 22 54 89 209 22 34 101 193 25 41 328 469 
10 5 8 127 153 22 51 151 302 16 36 173 256 21 32 261 384 1 3 319 327 7 18 491 544 10 19 640 687 1 1 700 704 1 1 752 756 1 1 753 756 
7 1 8 17 43 22 59 74 196 22 37 100 211 11 31 119 184 12 39 313 393 7 13 322 350 5 13 698 729 
6 8 19 33 71 8 23 79 124 15 28 100 166 13 34 325 412 34 46 433 563 6 10 700 728 
9 6 20 2 37 5 11 87 108 20 60 135 272 3 7 439 456 4 11 514 542 4 18 533 566 15 20 583 646 12 15 711 751 9 9 723 749 
10 11 24 16 63 10 20 58 119 3 8 174 194 1 2 290 298 13 20 505 574 14 25 518 591 5 24 541 587 7 7 574 613 5 11 592 626 9 20 647 702 
5 26 53 277 405 20 68 467 585 30 54 560 675 14 33 682 744 3 7 724 739 
5 33 52 331 464 9 22 363 410 2 5 521 540 27 60 620 745 9 28 666 729 
8 24 40 82 211 15 54 237 369 10 19 272 322 14 56 273 416 7 12 360 402 7 19 406 459 9 39 600 677 1 1 731 735 
