10 76
7 27 67 56 189 80 80 119 283 29 29 565 638 23 23 586 634 15 15 654 688 9 21 705 751 27 27 746 821 
9 28 35 21 103 5 5 58 73 15 15 156 203 1 1 279 282 16 21 393 461 38 56 397 529 31 39 549 631 24 24 618 686 50 59 648 772 
9 15 30 231 295 26 34 328 399 13 39 427 497 11 11 447 483 60 60 568 685 2 2 569 576 5 5 586 599 28 62 677 789 2 5 685 694 
7 13 18 97 153 39 39 123 242 29 38 337 494 17 26 459 528 15 15 467 507 50 55 665 797 5 11 756 785 
5 48 69 5 157 63 63 70 207 42 42 162 257 30 43 589 726 11 14 759 792 
7 62 67 34 185 20 21 328 384 5 11 379 423 23 27 408 523 22 22 646 737 29 36 660 781 30 33 661 745 
8 31 49 6 117 44 49 144 299 44 44 329 472 4 7 424 438 35 70 613 737 4 4 680 694 16 20 750 805 6 7 754 774 
7 52 54 273 431 25 25 286 339 72 72 370 534 5 8 396 414 37 37 624 709 2 3 812 820 1 1 817 821 
8 61 70 34 190 23 23 44 101 7 7 81 96 4 4 235 250 23 25 323 414 25 34 354 432 1 1 444 447 24 24 705 777 
9 3 4 5 16 16 28 60 145 27 27 112 186 17 30 191 247 41 41 374 473 34 69 501 627 37 37 525 627 7 8 576 597 8 8 747 768 
