15 53
4 5 9 251 272 21 22 283 352 31 39 398 514 2 41 522 602 
3 44 44 285 391 25 32 386 479 12 12 396 435 
4 31 31 35 112 16 20 470 586 15 34 518 606 9 9 550 575 
3 29 37 221 320 46 52 338 438 2 2 406 412 
3 28 30 30 133 39 45 356 456 6 6 498 514 
4 27 45 33 111 38 38 506 585 5 12 513 537 14 14 573 608 
4 16 20 37 86 18 18 96 135 24 30 132 212 1 4 265 277 
4 40 40 274 368 22 22 545 608 3 4 599 606 3 3 602 609 
3 9 14 32 62 17 27 310 364 40 40 333 431 
1 70 70 190 312 
4 33 65 92 206 21 39 219 309 9 9 284 320 26 28 361 413 
6 3 4 75 86 7 11 203 229 40 40 227 318 22 37 323 409 14 14 448 474 6 6 483 498 
2 36 56 340 445 30 30 368 485 
3 41 41 212 313 15 15 517 559 5 6 529 544 
5 4 6 374 391 23 36 382 449 2 3 427 438 22 40 485 573 14 16 496 541 
