15 359
25 2 10 2 51 6 38 2 110 5 50 89 189 2 26 90 150 8 67 117 236 1 5 125 138 4 13 128 195 2 15 148 187 1 10 184 219 6 65 197 314 1 10 208 231 1 12 306 336 1 12 322 359 1 6 325 337 2 29 330 390 2 26 403 464 4 26 405 512 4 49 460 566 2 25 476 538 2 20 486 553 2 9 490 526 1 4 497 510 1 3 572 580 1 2 576 583 1 3 592 610 
26 3 10 41 120 3 28 76 155 2 26 163 212 4 25 184 246 6 38 239 354 1 10 271 297 2 38 278 348 4 35 286 354 1 32 300 360 4 53 325 432 4 34 346 433 5 59 362 479 2 25 370 423 6 51 391 496 2 16 460 500 1 1 473 482 1 7 483 500 1 1 485 490 1 2 491 498 3 23 506 604 1 10 522 549 2 30 542 605 1 1 559 562 1 6 574 589 1 4 585 595 1 5 590 601 
22 2 59 42 149 1 2 99 105 3 23 122 181 3 18 122 192 1 4 125 137 1 5 128 140 5 52 133 253 2 28 155 238 4 40 180 286 2 28 188 254 2 15 217 274 7 52 264 371 7 49 304 405 4 30 305 378 3 36 352 416 1 5 365 381 2 18 384 444 3 50 426 540 6 52 470 590 2 18 555 602 1 1 590 593 1 1 605 610 
26 3 22 7 76 3 19 10 97 1 9 91 118 5 34 135 211 1 7 157 177 2 33 206 266 1 2 212 217 4 41 215 299 2 14 219 251 3 43 229 334 4 26 231 309 1 11 259 281 2 17 292 330 3 26 306 363 7 32 312 418 1 1 379 382 7 16 381 493 1 14 389 428 2 38 390 454 5 35 419 537 1 12 420 446 1 8 474 494 1 15 487 523 2 25 499 571 1 6 513 531 1 13 573 601 
30 5 33 14 130 5 46 19 128 4 40 52 139 1 7 70 95 1 5 106 118 2 11 143 173 3 23 143 216 1 4 148 167 1 11 152 178 4 55 192 297 1 1 197 201 1 6 236 252 3 21 247 337 6 54 309 421 1 3 311 318 3 39 313 398 1 7 356 373 2 23 386 428 1 2 398 406 1 2 412 425 1 1 429 432 4 44 476 556 4 24 527 602 1 18 542 582 2 14 555 600 2 5 568 595 1 8 573 592 1 6 577 596 1 5 581 596 1 1 581 586 
28 4 24 4 67 2 51 21 139 3 34 28 113 1 24 45 86 6 49 62 155 5 43 111 210 3 29 112 174 2 26 133 209 1 13 162 194 1 8 208 235 3 26 214 281 4 18 295 384 1 4 295 312 1 10 311 333 2 10 312 356 1 10 319 346 2 13 323 368 7 42 422 499 1 1 431 434 1 1 434 437 2 33 435 509 3 49 457 544 1 1 461 465 1 14 489 525 1 8 555 573 1 19 557 602 2 7 565 604 1 1 606 610 
24 1 12 57 77 3 43 57 179 6 60 106 228 4 33 118 197 6 46 152 240 3 20 160 246 5 30 184 280 1 5 191 215 2 45 209 324 4 24 217 281 2 17 270 313 4 34 306 400 1 9 318 347 1 14 334 368 2 10 364 406 3 25 391 457 1 2 401 407 3 34 419 478 5 36 438 558 1 2 535 540 2 29 550 607 1 24 561 607 1 2 566 571 1 4 590 607 
17 2 25 1 45 6 47 35 148 7 20 75 186 5 51 100 219 4 38 108 182 4 47 152 270 6 41 248 370 7 49 277 393 2 27 343 438 1 5 365 381 1 11 371 397 8 25 376 497 3 26 426 499 4 34 466 586 3 37 467 561 1 7 509 525 1 3 571 581 
25 6 55 19 112 4 53 56 159 6 44 79 166 7 29 90 180 1 1 97 100 1 11 106 137 3 28 112 182 1 33 165 214 3 30 166 253 1 6 197 222 1 2 228 232 1 4 242 254 1 7 273 296 1 2 279 288 1 45 301 398 5 49 310 396 2 21 324 358 2 29 350 417 1 2 401 406 4 38 414 507 2 24 432 488 3 24 440 495 4 37 485 582 1 2 566 572 1 14 567 610 
21 1 5 21 33 4 30 45 118 2 21 82 125 5 23 150 246 2 19 169 227 8 46 179 298 4 45 189 290 3 15 191 249 4 36 200 277 1 29 202 251 3 40 214 323 3 43 316 388 2 14 330 380 4 31 340 404 2 28 355 422 4 57 357 457 4 44 389 485 1 1 410 415 3 30 510 582 2 21 555 606 2 15 580 610 
30 1 1 23 28 5 31 34 133 2 18 94 140 1 21 117 159 6 50 182 287 1 16 202 240 4 30 215 296 1 4 233 249 1 23 268 320 5 58 287 403 1 3 309 318 3 19 354 397 6 68 358 474 1 15 363 413 1 3 382 392 1 14 402 447 1 25 408 469 2 14 412 452 3 24 428 514 1 12 438 471 1 4 441 455 3 27 465 535 1 14 473 503 5 24 474 561 3 25 495 569 3 20 545 602 1 23 546 591 1 14 570 604 1 2 590 598 1 3 602 609 
23 2 25 29 88 3 44 42 136 4 21 44 111 1 4 78 97 1 10 100 134 4 42 160 253 6 43 177 293 1 1 211 215 2 12 252 289 7 60 297 397 1 11 302 330 4 44 322 432 1 18 326 364 5 73 335 453 1 6 351 365 3 41 365 454 3 46 396 504 6 39 416 507 3 59 463 562 1 11 500 527 1 2 529 535 2 14 545 585 1 10 554 587 
24 1 16 49 84 5 34 69 173 9 59 86 207 1 2 102 108 3 23 172 230 1 35 187 241 2 28 241 320 2 19 278 331 2 22 287 335 7 35 287 402 1 21 335 376 5 29 351 431 5 39 371 457 3 34 402 478 4 28 412 514 3 37 416 478 1 11 463 482 3 30 495 550 1 6 523 539 4 21 523 584 2 33 531 603 1 2 544 554 2 30 551 610 1 10 582 606 
18 1 7 37 58 4 21 61 122 4 26 68 148 4 23 92 150 8 45 139 259 1 4 158 169 2 21 199 257 6 28 202 311 3 23 205 264 4 34 263 364 3 30 278 345 4 54 283 371 6 41 291 374 2 23 317 371 2 13 370 418 2 12 375 406 9 54 474 584 1 3 574 585 
20 3 26 26 113 7 38 40 150 2 28 62 134 1 1 87 97 8 33 102 223 7 41 109 227 4 35 152 244 3 36 215 298 3 34 230 337 3 39 239 343 3 19 306 369 4 15 343 402 2 13 354 391 1 13 382 421 4 27 386 459 1 19 448 487 2 17 492 544 3 25 543 597 1 4 566 581 1 1 604 611 
