15 242
14 12 38 55 175 31 73 70 207 12 27 123 188 5 10 152 179 31 46 178 284 40 53 286 416 1 3 286 295 35 52 380 524 5 25 472 545 3 7 531 556 17 52 550 662 6 10 590 620 21 74 605 719 3 3 657 669 
17 17 40 25 104 11 31 128 192 3 11 156 183 21 36 172 247 18 33 174 263 15 27 221 289 34 53 253 390 1 2 296 303 25 55 437 573 3 35 477 577 34 38 484 624 8 20 523 564 6 7 610 628 3 7 611 627 1 3 636 644 5 20 651 681 15 29 660 714 
20 19 19 107 174 19 76 148 283 2 4 172 184 7 21 222 272 5 7 251 281 11 21 327 380 11 51 338 431 14 26 382 463 16 29 401 479 19 64 510 637 3 7 520 542 15 15 532 581 8 17 598 641 18 43 623 714 13 47 635 712 19 32 637 715 5 13 663 697 2 4 682 693 2 17 690 718 1 5 710 720 
16 10 71 46 169 23 66 62 194 3 7 120 138 29 45 251 377 12 40 318 411 5 12 389 424 21 56 395 502 29 56 437 561 26 52 438 565 1 1 459 463 19 36 497 590 21 54 524 643 9 23 670 716 3 7 685 698 1 2 706 713 1 1 716 721 
14 9 33 8 61 31 66 66 196 24 24 109 193 28 48 124 240 17 44 205 297 11 37 331 404 34 53 346 464 2 4 355 370 22 34 495 582 3 5 501 515 24 53 561 662 5 17 600 629 8 10 630 679 1 1 714 717 
14 19 84 41 184 29 64 81 219 15 63 144 261 20 46 162 292 26 37 228 358 11 28 230 298 18 38 236 378 17 48 437 543 25 81 527 663 15 27 537 606 3 7 565 580 14 41 600 682 1 2 616 621 4 5 667 688 
16 14 29 0 98 19 55 27 162 33 33 47 162 1 1 74 77 25 61 84 222 4 5 93 108 27 37 125 263 22 47 138 233 17 40 197 296 4 34 257 389 1 1 392 396 23 45 409 503 16 25 444 536 11 36 504 593 7 22 557 595 1 4 661 671 
14 3 5 117 134 31 59 144 281 3 4 159 179 13 32 200 268 22 76 252 377 14 28 256 327 32 49 306 447 23 28 330 461 7 15 356 385 28 64 359 501 27 27 431 552 7 11 670 717 4 12 678 710 1 6 699 712 
22 15 28 22 85 4 13 28 52 21 48 31 131 17 61 32 137 16 35 35 104 3 7 112 128 5 18 123 168 8 15 155 187 3 5 193 206 14 17 226 275 7 18 230 287 8 24 297 352 4 7 300 319 6 19 439 476 12 16 439 485 20 36 478 581 4 13 506 531 8 21 519 569 15 21 547 608 7 7 547 576 13 34 588 689 8 19 668 702 
15 6 19 9 53 13 18 29 95 11 27 68 116 21 58 78 194 10 17 176 232 27 84 276 415 4 11 300 323 15 26 318 407 9 18 328 365 17 58 360 483 6 12 378 412 18 18 433 513 29 59 512 625 15 54 611 708 15 15 659 711 
18 15 33 5 90 25 48 36 140 13 30 104 168 2 5 110 125 14 29 111 193 10 17 149 201 6 12 159 210 32 50 186 289 21 30 316 405 11 36 362 492 13 47 415 536 8 13 466 514 6 22 517 585 6 13 532 570 8 14 556 594 8 37 647 722 11 16 647 691 1 1 704 707 
13 44 51 16 143 17 36 96 211 3 12 108 144 1 1 114 117 1 5 179 187 11 22 278 344 18 40 392 486 9 12 437 489 35 41 497 621 22 23 512 591 33 36 554 656 19 34 605 700 7 10 670 701 
16 9 22 169 235 15 49 249 327 21 57 297 396 20 33 409 496 22 43 471 567 18 38 490 596 23 51 491 611 9 36 515 591 13 30 515 586 22 44 550 664 18 32 563 681 25 29 567 686 2 8 596 616 2 5 668 690 1 1 716 719 1 1 716 720 
16 21 28 124 204 12 16 137 207 19 66 181 317 12 28 195 256 13 19 213 267 29 34 218 329 16 36 247 338 14 25 281 354 1 2 281 288 1 1 292 295 8 15 324 363 14 42 519 630 11 16 601 654 26 42 624 717 11 19 626 687 6 14 669 703 
17 6 8 2 39 28 33 226 356 3 8 236 266 21 25 250 315 13 19 285 356 18 33 290 373 7 14 293 326 29 41 357 484 14 53 378 463 13 22 404 464 14 24 472 520 18 47 507 582 15 36 548 659 3 11 632 665 7 23 658 704 10 24 662 707 3 4 663 678 
