15 151
6 37 37 236 361 25 25 241 364 10 12 275 324 14 24 308 380 9 10 403 451 26 40 426 542 
8 18 21 10 91 25 25 173 299 1 1 195 201 13 13 250 296 26 34 376 491 24 28 391 517 17 19 420 504 4 7 496 522 
12 20 34 80 203 12 30 101 180 7 20 116 172 6 11 204 253 8 20 292 364 32 42 322 455 3 5 481 497 10 14 525 603 10 10 539 590 9 9 621 666 1 1 633 636 1 1 659 665 
11 18 20 115 188 5 17 128 191 12 12 134 186 23 29 143 260 12 12 244 287 19 31 255 385 3 5 264 283 11 11 342 413 4 4 427 447 12 15 598 658 3 3 644 659 
9 13 36 91 212 8 9 124 158 20 25 206 289 38 38 228 345 7 13 253 299 4 4 283 305 16 20 332 425 4 4 372 395 10 10 438 503 
8 33 33 153 285 24 24 332 445 2 3 442 454 5 20 500 573 29 31 515 632 24 29 525 635 10 14 543 601 1 2 655 664 
9 3 3 27 44 10 10 106 154 32 32 130 245 31 31 177 282 22 26 323 446 15 15 409 462 8 13 563 606 6 6 603 640 2 2 621 630 
14 11 19 199 267 11 23 241 341 4 10 271 305 8 13 288 335 14 14 296 374 5 10 329 364 17 17 389 459 4 5 406 427 23 30 437 540 4 6 465 484 6 13 482 552 15 18 577 639 7 9 587 622 1 2 619 630 
11 9 11 74 119 20 26 258 352 23 43 368 480 8 10 430 493 6 11 442 479 14 14 534 609 6 8 537 573 20 23 548 638 2 4 551 570 7 17 575 660 3 17 583 636 
10 4 4 67 112 17 21 167 255 2 3 177 191 14 16 324 396 28 30 347 475 10 12 351 438 14 18 367 438 19 19 372 485 1 1 444 449 11 17 589 648 
11 18 18 83 169 9 9 95 132 7 11 265 308 15 20 280 373 13 17 301 367 24 28 305 404 2 4 314 342 19 21 423 511 1 2 601 609 11 15 608 667 2 2 634 643 
12 18 39 80 207 1 1 82 86 24 47 212 333 11 11 214 255 18 18 229 291 25 25 260 369 8 16 355 401 11 22 424 493 9 9 494 527 3 9 597 636 4 4 615 637 1 1 656 663 
10 13 13 21 63 14 31 62 183 6 8 69 108 27 33 82 188 2 7 89 119 1 1 183 190 2 2 196 206 21 34 270 381 39 39 451 584 6 8 621 658 
11 19 20 23 124 32 32 23 143 2 2 104 114 22 28 121 215 9 19 174 231 15 15 364 437 2 3 386 401 21 21 439 520 9 12 590 635 2 3 625 638 1 1 661 667 
9 10 10 10 61 15 18 30 96 8 11 36 77 3 7 73 95 30 30 135 260 9 21 139 253 8 9 169 209 24 24 273 384 21 22 421 510 
