15 136
7 55 55 129 236 8 20 139 188 9 19 192 228 27 42 202 311 18 28 282 351 32 32 363 481 53 55 392 530 
8 16 19 61 121 19 61 102 210 42 66 183 311 52 52 304 405 23 23 359 417 46 46 417 513 5 8 549 567 1 1 718 722 
10 5 5 18 30 51 51 29 150 39 39 42 120 1 2 110 115 24 34 191 281 1 6 244 257 11 11 279 312 45 67 433 571 38 52 560 678 4 4 661 670 
8 15 23 10 62 25 40 103 182 30 30 125 187 49 49 250 362 11 17 568 607 44 57 590 706 25 48 606 699 5 5 630 640 
10 33 36 21 120 16 23 59 124 12 13 85 117 36 61 210 322 15 15 219 259 7 13 235 267 12 12 329 365 28 30 357 421 44 44 367 451 28 38 426 504 
9 31 47 10 153 38 76 10 143 15 33 25 82 7 8 28 50 22 23 166 242 68 68 228 343 4 4 257 268 19 19 600 647 8 13 650 676 
6 46 46 204 340 42 51 271 389 38 43 311 418 44 58 343 474 31 34 576 693 11 21 670 711 
10 32 59 50 154 25 31 64 155 51 51 69 207 9 9 99 120 39 39 173 288 20 20 185 229 15 36 377 429 1 2 423 430 17 22 562 631 1 2 701 707 
8 47 47 46 166 42 42 77 191 37 44 263 363 19 24 287 354 24 25 546 599 13 14 598 628 26 26 632 689 2 5 693 703 
7 17 28 92 157 38 38 279 374 47 47 293 393 58 58 338 452 26 26 362 435 40 40 459 559 21 21 524 567 
11 6 7 34 55 66 66 67 208 3 3 91 101 51 51 182 287 16 16 411 449 7 10 466 484 23 27 485 541 14 14 626 657 9 13 656 685 1 1 691 696 1 2 698 706 
13 32 32 31 111 8 13 131 161 20 24 197 236 27 31 218 325 1 2 284 291 42 42 336 451 21 24 350 401 6 7 452 471 18 23 534 591 25 25 577 647 15 27 581 635 9 11 598 630 10 22 644 689 
9 22 22 79 134 22 23 198 276 21 30 206 282 23 23 358 404 18 21 368 426 21 49 459 595 45 51 543 671 41 41 567 692 12 26 624 676 
12 10 12 131 161 38 55 140 254 6 6 140 158 41 41 185 313 25 30 245 305 23 35 299 386 35 58 351 473 5 9 386 415 15 23 599 643 12 12 630 660 20 20 645 694 1 1 719 722 
8 40 40 84 168 10 10 198 230 34 42 366 472 25 50 410 531 38 38 416 506 39 39 435 516 23 36 513 593 5 9 667 704 
