15 181
8 19 28 247 327 21 48 256 374 22 33 286 363 6 16 335 368 27 49 358 483 15 30 426 491 19 31 501 573 11 17 590 653 
12 1 2 50 60 24 36 68 169 14 34 91 170 11 32 91 163 5 10 131 159 14 34 194 301 12 26 199 273 2 5 347 358 30 50 357 466 14 44 373 446 4 33 441 508 5 10 476 506 
13 7 20 39 102 18 39 145 256 4 5 173 194 17 28 207 282 1 4 241 250 20 28 275 382 8 22 302 353 35 70 311 436 25 50 331 433 6 15 460 501 5 7 507 527 4 11 622 647 1 2 656 661 
18 12 22 14 66 17 42 39 135 2 5 75 87 10 36 98 184 2 2 146 155 13 19 174 234 6 7 200 231 17 39 206 281 8 21 221 277 1 2 223 231 12 32 259 340 4 7 406 430 15 17 441 514 1 1 489 492 9 9 518 568 3 3 535 551 5 7 578 599 1 5 594 605 
12 11 18 30 90 2 3 47 57 18 21 64 143 10 31 117 176 23 41 242 364 14 15 253 333 9 27 296 358 19 46 412 516 17 36 428 513 3 5 433 449 16 26 454 562 8 19 597 641 
14 24 45 56 176 10 27 78 140 8 9 179 209 27 34 181 298 1 3 192 198 3 4 336 347 5 12 382 423 19 28 385 477 7 14 390 421 9 22 423 470 1 1 533 538 7 17 534 565 6 20 538 587 13 33 609 667 
9 39 47 179 301 11 13 205 279 22 26 232 325 5 10 257 281 15 31 266 348 23 33 396 486 9 19 429 485 12 15 446 491 7 12 576 603 
13 14 26 8 97 2 6 10 24 2 3 33 44 16 25 56 122 25 31 68 173 7 35 80 162 15 33 208 304 9 21 300 349 25 25 334 419 5 9 385 418 18 34 478 553 3 17 606 657 1 1 623 626 
11 5 12 212 236 23 36 307 403 9 18 351 385 18 18 399 472 27 61 457 588 15 21 506 577 21 60 507 616 11 44 550 645 9 17 551 600 5 12 624 652 1 1 644 649 
11 8 10 27 64 18 45 45 133 16 24 193 255 2 2 334 344 21 25 382 483 28 39 514 645 20 25 551 633 16 26 577 657 13 19 577 653 1 1 621 626 1 1 664 667 
11 10 19 222 275 1 1 249 256 11 52 277 402 30 35 300 424 9 24 310 365 22 50 324 419 21 29 345 454 6 12 462 496 15 22 477 542 9 12 522 564 8 21 608 652 
10 24 56 99 195 18 56 101 230 18 40 188 298 9 13 206 280 2 3 296 306 5 12 379 412 15 35 411 506 23 84 434 562 24 41 549 655 11 16 606 644 
12 4 16 55 86 14 44 57 140 10 26 71 120 27 29 264 362 15 31 341 439 2 5 343 354 13 31 365 428 11 18 467 526 19 20 490 573 21 54 546 652 5 10 560 583 5 10 595 620 
11 10 14 16 53 3 7 77 96 20 46 90 187 4 8 126 152 9 26 245 307 24 28 307 415 4 7 342 358 10 28 392 450 22 34 462 586 25 48 471 591 6 35 569 641 
16 7 9 39 73 8 12 75 107 2 7 108 122 6 22 138 184 8 16 189 234 28 45 232 343 4 11 240 264 6 13 246 277 6 10 351 372 1 2 413 422 15 31 415 499 15 19 489 558 20 38 495 617 4 8 542 566 7 12 617 652 1 1 659 663 
