15 87
4 17 17 45 136 14 14 123 172 10 16 313 372 25 26 499 599 
7 26 26 113 231 3 4 119 138 2 3 273 284 3 7 424 453 9 9 528 568 17 17 528 604 4 4 593 611 
4 25 25 12 108 11 16 169 234 25 34 183 283 16 16 434 497 
4 5 8 12 43 24 32 168 277 21 22 338 442 8 12 553 596 
10 10 18 40 106 1 1 40 47 1 3 149 158 7 7 191 222 5 5 197 221 22 23 231 339 22 22 257 360 9 26 428 509 1 4 516 542 1 1 590 595 
6 17 19 83 160 2 2 147 156 23 44 168 287 14 38 231 352 3 3 370 389 1 1 501 505 
7 9 9 12 55 22 22 271 380 2 2 337 349 16 17 453 569 5 12 481 518 5 8 529 556 2 3 574 587 
6 13 30 57 145 2 6 60 83 18 37 133 239 3 4 413 429 17 30 426 534 11 28 511 599 
8 10 24 17 138 12 24 165 280 6 7 272 298 19 28 322 418 5 8 533 561 11 13 547 593 1 2 568 578 1 1 607 610 
6 16 21 48 108 2 4 126 149 12 12 335 398 9 12 345 403 6 6 370 393 25 29 382 494 
4 16 26 76 180 12 12 141 195 21 25 489 590 20 22 521 611 
5 18 18 109 187 15 20 119 194 10 17 133 202 7 9 205 236 14 16 506 575 
4 21 21 51 155 23 27 60 164 4 8 121 145 12 12 471 514 
7 6 12 57 93 10 12 90 135 21 33 91 213 12 16 182 237 14 30 365 478 3 7 452 474 1 4 575 589 
5 1 1 55 61 28 28 107 217 27 27 381 503 17 17 389 486 12 16 422 472 
