15 92
6 14 22 198 263 22 40 275 370 17 24 278 354 11 27 313 379 1 5 511 523 1 3 599 606 
8 16 23 56 170 6 11 124 154 5 9 169 196 18 36 322 391 25 58 430 540 8 16 439 501 1 6 528 541 2 4 563 575 
5 10 20 42 90 15 16 71 122 20 20 91 182 22 30 287 396 6 9 540 578 
5 6 8 25 59 24 41 109 223 6 10 270 301 2 5 380 397 24 24 447 557 
5 17 47 28 127 21 39 100 194 10 17 404 458 23 25 493 583 4 7 584 606 
5 12 13 5 52 2 5 119 133 15 45 240 312 12 20 247 308 28 60 274 392 
11 18 21 12 96 2 2 123 132 17 25 159 252 6 10 216 245 6 13 293 319 13 33 391 458 1 1 486 489 5 17 502 563 1 2 562 568 1 2 562 568 6 17 567 607 
8 7 22 1 48 11 31 129 209 3 3 179 191 13 31 216 277 1 5 278 289 11 28 335 406 11 24 375 432 6 17 530 567 
5 16 42 117 201 12 20 121 217 12 43 271 355 1 4 277 288 22 32 347 447 
7 13 29 220 287 2 4 302 316 15 52 361 464 10 22 390 464 12 17 440 532 10 17 499 553 1 2 594 599 
2 38 40 194 307 27 38 396 517 
8 17 40 48 131 6 22 108 144 9 17 153 201 1 1 165 168 6 19 385 424 14 14 418 471 7 11 494 527 7 13 518 546 
5 29 32 74 187 6 14 178 226 10 24 377 438 7 9 404 439 24 30 445 543 
6 13 37 180 275 6 10 326 358 11 23 394 496 29 52 471 587 6 17 471 514 1 2 595 602 
6 8 27 52 96 24 37 54 154 5 11 83 108 2 7 94 115 21 36 257 356 3 5 263 279 
