15 217
16 17 17 59 125 3 4 69 86 11 11 173 217 16 37 183 295 18 18 216 311 4 4 218 240 2 2 268 281 30 30 339 480 26 31 347 454 5 5 365 391 2 2 561 572 4 4 591 613 27 27 617 719 6 8 623 657 12 12 671 715 7 11 677 717 
16 2 4 116 135 11 16 137 205 25 30 161 266 7 7 166 191 9 16 215 260 1 1 237 241 28 28 237 336 5 6 252 290 20 29 446 577 22 31 530 616 28 57 566 709 18 18 572 693 8 10 618 658 3 5 638 657 4 4 672 690 2 2 694 704 
15 30 30 40 145 15 17 50 114 20 20 77 147 15 21 120 188 14 20 144 200 1 1 206 214 26 39 239 375 14 20 257 339 1 1 317 324 4 9 354 387 3 3 381 396 21 21 575 667 12 15 614 679 16 19 652 714 1 1 719 722 
18 26 39 20 157 34 34 92 211 14 14 112 163 16 16 174 246 15 15 212 282 18 18 215 292 2 4 224 249 27 41 262 406 5 5 355 380 5 5 357 378 7 11 370 411 17 32 513 626 6 6 518 550 4 9 523 549 2 5 529 552 4 7 539 558 2 3 584 599 6 6 621 648 
13 21 24 157 294 13 13 238 291 24 25 281 406 18 28 320 444 24 36 415 522 11 11 417 468 5 6 432 467 14 16 452 530 31 31 509 631 20 20 525 619 17 17 541 611 3 4 649 663 2 3 696 712 
10 35 35 173 310 6 6 173 197 29 33 262 396 17 17 262 338 15 15 293 354 33 44 311 421 21 21 336 417 26 26 385 513 7 10 422 464 3 4 631 649 
12 18 32 14 125 25 37 15 155 13 18 50 109 24 25 92 207 34 34 180 298 11 20 251 308 5 8 254 300 29 29 303 432 11 12 424 470 12 25 529 644 7 7 597 626 4 8 639 683 
18 3 3 36 63 3 3 41 55 2 3 64 74 4 5 85 109 27 29 99 210 19 22 165 249 16 26 186 261 24 24 228 343 10 10 416 461 13 13 453 524 13 19 494 563 29 29 515 648 5 8 524 557 3 6 582 607 15 20 585 659 5 5 622 648 10 12 666 718 2 4 701 714 
13 14 27 28 114 24 24 120 229 2 3 123 136 15 16 238 304 25 31 274 396 16 24 301 375 29 45 366 504 25 25 368 477 20 23 464 552 3 5 526 547 12 20 565 657 3 3 670 683 1 2 711 722 
11 27 27 187 281 38 38 191 316 22 56 205 339 17 24 208 319 23 24 294 437 6 6 346 380 15 15 370 445 5 14 388 438 20 40 444 552 13 15 481 524 6 12 667 710 
14 3 4 38 54 32 32 140 279 37 45 157 299 15 15 179 256 6 6 181 210 6 6 181 206 19 20 433 513 20 20 434 519 6 6 549 594 8 24 607 665 20 26 612 707 1 1 628 634 12 20 629 697 8 11 657 695 
14 27 30 16 129 10 12 18 66 31 46 79 222 8 14 124 170 16 23 156 255 6 6 157 186 21 21 158 276 14 16 262 332 2 2 363 372 8 11 457 494 3 3 550 566 38 41 580 710 7 10 639 677 1 2 656 662 
15 21 23 50 135 23 23 166 254 27 27 177 272 19 23 253 391 7 11 405 444 12 16 431 502 10 16 439 500 3 3 442 463 7 9 465 522 15 19 487 605 35 35 520 623 1 2 523 531 4 4 622 641 5 7 627 659 1 1 697 701 
15 23 40 36 176 16 22 72 156 4 8 90 124 16 35 231 348 25 25 288 392 26 36 293 419 22 45 335 443 12 18 461 520 6 10 465 514 11 14 538 593 2 5 584 600 20 24 597 679 3 3 648 669 1 1 697 701 1 1 708 711 
17 6 7 66 92 27 37 95 211 11 11 118 189 25 33 131 272 9 9 169 205 14 14 215 315 5 5 230 250 16 16 327 388 10 29 451 556 14 14 478 588 13 24 494 563 9 10 531 583 13 13 535 586 5 7 562 590 20 24 596 690 9 12 614 668 2 3 616 627 
