15 115
8 23 32 22 119 13 18 94 148 41 41 148 230 9 10 170 193 1 1 322 326 34 34 373 460 19 19 562 628 1 1 655 658 
7 24 46 84 175 37 60 285 397 26 26 367 436 14 18 375 411 17 21 433 481 45 45 458 557 7 9 640 667 
8 6 8 38 60 20 32 74 148 8 8 324 347 6 10 369 390 42 46 495 599 27 37 500 589 15 21 552 627 6 6 560 575 
6 21 44 27 152 37 58 221 354 10 14 446 476 2 5 508 519 36 44 558 653 42 42 569 655 
9 9 9 308 337 50 50 350 455 3 4 359 376 11 13 368 394 48 59 420 551 26 37 509 608 15 19 530 573 1 1 630 633 1 2 649 655 
6 2 2 62 69 28 42 82 172 36 62 179 311 11 15 263 294 11 11 434 459 57 57 466 594 
12 10 14 38 76 9 9 40 66 8 11 122 164 25 32 145 215 15 22 284 332 17 24 385 444 1 1 411 414 15 23 432 480 6 9 558 574 12 12 574 603 11 14 626 656 2 3 655 666 
5 42 42 32 138 20 20 198 258 19 20 327 391 36 36 405 506 24 34 466 554 
10 24 24 45 94 26 33 138 207 17 26 138 181 6 6 249 262 22 22 292 342 3 3 392 402 7 40 403 479 5 5 408 421 11 11 422 458 7 7 615 632 
5 50 50 119 251 55 58 231 359 15 16 295 332 25 43 381 475 16 18 598 646 
8 8 16 34 78 11 11 85 110 31 38 240 351 18 23 269 318 58 58 303 415 12 14 307 338 28 29 462 534 3 4 642 654 
5 56 56 80 205 49 49 302 429 11 15 401 445 9 13 503 534 21 52 508 605 
10 36 50 127 231 4 8 129 150 5 8 247 261 20 22 299 352 36 46 431 519 4 4 459 470 21 21 461 515 11 11 606 639 5 9 634 652 1 1 659 663 
8 4 4 65 75 6 7 84 99 25 28 159 253 2 2 278 284 22 36 284 370 51 51 297 411 20 20 452 498 11 16 454 495 
8 9 11 30 58 8 8 166 196 29 29 241 323 15 20 304 359 5 14 383 420 42 42 523 638 10 14 576 614 13 13 623 655 
