15 718
53 2 14 4 58 5 46 19 121 1 12 30 72 6 38 37 137 10 52 44 171 1 8 46 69 4 34 49 150 1 13 55 97 1 6 86 113 4 43 99 199 2 23 101 151 1 2 101 106 2 10 114 146 4 25 114 180 1 20 125 174 2 17 143 181 1 6 164 195 2 13 171 221 1 16 184 214 7 42 219 345 3 28 228 320 3 23 239 298 1 6 256 278 1 9 266 291 4 28 289 420 1 13 302 341 2 20 307 355 6 28 308 437 1 9 309 328 1 1 322 328 2 27 325 394 1 8 328 339 1 12 349 381 1 6 365 382 5 54 368 455 4 25 405 467 1 8 406 430 7 41 424 534 2 22 464 529 5 27 469 574 2 19 493 544 4 31 500 598 1 2 560 568 1 4 563 575 4 26 569 625 4 37 584 662 3 21 596 653 1 2 614 623 1 8 630 646 1 3 640 650 1 4 644 658 1 2 656 666 1 1 658 662 
48 1 1 10 16 5 58 39 135 3 27 109 181 4 22 123 228 1 5 126 139 6 60 138 253 4 36 141 227 3 35 158 224 3 31 160 228 3 53 171 277 2 9 189 225 6 49 227 335 3 34 232 308 1 4 262 272 1 18 291 334 3 18 301 367 1 7 305 322 4 25 316 390 1 5 320 332 1 6 323 353 1 12 354 378 4 34 361 448 6 53 370 490 4 35 392 479 1 7 398 415 2 29 400 458 7 55 402 516 1 4 408 422 3 17 426 505 2 28 447 521 1 5 453 465 2 17 462 508 2 24 467 548 3 23 474 522 1 14 476 524 8 41 487 610 4 25 520 632 4 28 524 625 3 39 529 602 7 42 542 659 3 16 545 603 2 17 557 608 4 25 558 637 1 16 614 643 1 10 615 634 1 14 619 656 1 1 647 650 1 1 664 667 
52 4 44 0 78 7 43 7 118 1 1 9 12 1 9 12 40 1 6 26 36 4 40 81 159 1 9 83 107 1 8 83 101 2 31 85 148 5 54 102 213 3 28 104 186 5 48 121 242 1 4 148 160 1 9 167 186 2 24 186 251 1 15 191 226 2 14 195 240 6 36 204 317 1 18 224 257 1 7 259 285 1 16 261 302 2 32 269 341 1 6 311 333 1 14 321 350 4 46 337 446 7 56 353 485 4 33 387 495 6 41 389 505 3 28 398 482 2 23 413 467 6 64 423 530 2 26 460 527 7 32 461 577 4 36 478 569 2 34 490 566 1 5 517 532 6 46 518 608 2 11 518 567 1 3 519 526 1 10 532 561 1 7 536 551 4 42 536 626 3 34 563 633 2 25 564 647 2 17 568 624 1 5 572 582 4 21 600 661 1 6 608 628 1 10 613 636 1 11 619 639 1 9 636 664 1 1 660 665 
44 7 53 15 129 6 26 22 107 3 18 31 83 5 28 33 121 3 23 39 140 4 40 64 158 4 26 79 154 1 13 87 111 1 19 142 183 3 36 155 247 1 18 158 219 1 14 163 186 5 47 169 293 2 36 179 261 6 44 182 281 5 30 190 284 5 44 219 336 3 40 240 325 8 54 243 364 4 43 248 342 1 17 304 357 1 31 309 392 3 29 316 375 2 21 347 403 5 21 361 446 3 30 367 457 4 36 393 479 4 49 398 491 7 29 412 535 1 8 414 437 3 53 417 544 5 34 438 570 1 8 441 476 2 41 462 529 2 22 497 534 3 25 521 574 2 19 530 577 1 5 535 548 5 41 535 641 2 22 601 651 1 6 605 627 1 2 651 656 1 1 652 657 1 1 662 666 
55 4 21 7 95 5 28 12 107 3 39 24 135 6 64 26 158 2 25 40 121 5 34 51 150 4 27 76 149 3 22 77 173 1 10 86 117 1 14 87 112 3 24 96 145 2 36 100 180 1 3 106 118 2 7 115 142 7 46 135 251 1 12 149 170 7 52 155 288 3 32 173 241 6 27 189 277 3 20 199 269 4 26 207 311 4 32 215 295 2 17 221 259 1 1 233 236 1 4 263 275 2 32 267 339 1 18 269 320 1 9 281 297 1 16 284 328 1 11 305 329 1 1 332 335 4 33 342 420 1 3 363 370 1 5 392 407 1 10 402 418 2 14 436 484 1 32 446 505 2 16 458 525 2 24 475 530 4 38 488 590 4 35 493 596 3 18 520 572 2 20 534 587 1 11 555 584 6 27 567 659 1 1 570 575 1 18 578 620 4 26 587 663 2 15 599 636 2 27 612 667 1 4 618 631 1 1 622 627 1 10 631 660 1 4 649 660 1 3 653 662 
41 1 8 13 31 6 52 18 116 7 33 19 124 4 21 58 111 6 48 63 161 7 54 66 171 1 12 83 108 3 20 108 175 2 33 109 167 3 30 110 173 3 46 121 248 2 24 124 187 2 19 130 175 4 43 158 246 6 65 162 286 3 30 188 291 2 16 197 233 2 18 223 264 4 26 247 324 2 23 254 294 4 21 271 369 1 46 364 442 5 64 379 476 5 33 391 465 2 16 420 466 1 1 424 429 7 45 425 549 6 49 447 550 5 62 456 579 5 52 497 608 6 41 509 617 2 12 568 603 2 20 578 646 3 20 582 636 2 18 588 636 3 18 591 655 1 1 613 616 1 2 622 629 1 3 637 645 1 11 638 663 1 2 643 648 
46 4 21 18 97 1 13 78 107 6 47 80 199 3 20 84 165 3 24 123 170 3 22 132 205 5 51 134 255 1 11 138 164 3 37 149 233 5 57 155 272 4 31 184 281 6 48 198 327 6 46 220 348 4 39 222 313 4 39 227 340 1 34 229 290 2 33 239 309 5 31 244 318 1 19 333 382 2 23 368 426 4 42 371 460 4 32 400 493 1 11 402 426 4 29 425 557 4 47 439 520 4 56 458 583 6 23 463 554 4 40 472 578 1 1 476 479 2 22 477 522 3 27 480 543 8 60 489 613 2 24 498 562 2 25 502 604 2 17 515 558 1 4 535 563 1 10 539 571 3 24 549 614 1 11 584 613 1 2 588 602 2 13 606 641 1 2 609 616 1 15 622 664 1 3 625 633 1 11 642 665 1 1 661 664 
47 6 34 15 143 2 17 25 70 2 24 27 87 6 53 42 142 6 41 54 181 3 39 71 192 7 78 72 203 2 51 75 193 7 52 93 190 2 24 116 175 1 11 116 152 1 5 119 130 1 8 126 146 1 3 131 139 4 24 139 205 1 18 179 222 2 28 191 260 1 12 210 254 1 7 213 232 9 58 225 357 2 15 230 287 6 50 245 357 4 59 302 398 1 3 320 336 2 10 351 381 1 17 361 399 1 15 388 422 5 50 402 515 7 43 408 538 5 48 420 528 1 14 421 465 5 52 421 549 1 19 424 464 1 12 435 463 2 16 464 513 5 27 467 585 2 12 484 542 1 6 491 505 2 23 501 555 2 19 505 560 3 35 552 618 1 3 571 579 1 12 577 629 4 30 579 667 2 11 585 617 1 11 630 661 1 1 651 654 
47 4 32 1 90 1 2 19 25 4 58 72 204 5 29 86 178 1 5 93 103 5 39 93 222 1 9 94 116 1 7 97 131 1 3 113 125 4 17 144 206 1 1 158 169 4 16 187 257 3 40 187 267 8 53 193 316 3 54 197 305 7 36 203 324 1 6 213 236 3 28 230 292 3 41 231 329 5 38 255 339 8 55 320 450 4 24 332 391 6 54 337 462 3 41 343 421 2 25 346 411 1 12 381 413 1 12 388 419 1 7 405 426 7 41 424 537 2 13 424 451 2 19 452 524 5 38 458 546 2 25 481 540 4 27 486 585 1 8 498 515 1 8 498 524 8 37 499 631 1 5 517 533 3 19 523 583 1 3 539 551 1 6 565 580 3 16 606 665 1 9 616 635 1 7 621 638 1 5 643 659 1 4 650 659 1 3 654 666 
45 4 31 30 110 2 12 74 115 5 49 87 190 7 36 103 209 1 2 118 124 1 7 136 163 2 18 141 195 1 7 151 162 2 12 159 208 5 40 176 285 6 51 182 307 3 48 203 315 4 62 220 320 3 32 226 314 1 1 228 232 8 39 229 362 2 24 247 299 4 57 249 349 4 32 274 393 3 16 276 349 1 11 343 370 3 45 357 435 4 19 361 430 1 4 362 374 5 65 373 478 3 26 397 469 6 38 401 527 5 41 409 501 2 13 409 443 2 19 418 484 5 51 452 583 7 33 455 570 1 8 470 494 1 6 480 503 1 3 500 509 1 2 502 507 1 1 503 508 8 60 518 651 2 24 530 603 2 20 562 606 1 8 567 591 2 12 583 619 1 7 607 628 1 10 615 636 1 2 630 637 
44 7 51 1 125 6 36 7 111 4 34 37 115 1 8 65 101 5 24 72 159 3 33 84 134 4 46 100 194 4 47 106 225 4 28 115 183 4 37 120 205 4 34 122 201 6 22 156 263 4 43 157 242 1 3 186 196 1 15 200 249 3 34 213 301 2 16 216 264 2 22 227 293 2 7 247 287 1 7 256 271 6 50 260 392 1 11 263 299 1 7 276 301 1 14 310 345 4 25 316 386 7 48 322 438 2 25 342 390 4 45 353 464 3 28 359 432 4 26 366 471 1 11 373 400 4 45 377 469 3 32 392 474 1 6 410 425 8 26 439 540 4 47 474 597 2 11 481 522 3 37 502 579 1 11 522 547 2 47 563 659 1 4 578 592 2 17 585 630 1 4 605 613 1 8 616 628 
47 5 36 73 186 6 21 105 214 1 1 143 147 4 37 168 248 1 12 172 206 3 25 178 266 4 43 179 264 5 56 208 336 2 19 211 256 1 4 217 230 4 30 224 318 4 27 224 350 1 6 250 263 1 6 279 295 4 36 298 369 4 36 300 392 1 3 315 322 1 10 333 361 1 5 344 360 4 50 356 456 5 34 374 459 7 58 393 508 1 16 418 455 1 10 418 450 1 5 422 438 1 5 423 439 2 16 440 483 1 12 452 472 7 57 452 585 3 29 464 523 5 36 476 569 4 29 485 552 1 2 500 507 4 47 516 620 7 43 517 636 2 28 522 581 5 36 538 622 6 41 538 639 3 25 556 626 1 5 577 591 3 22 579 637 1 1 589 595 2 21 608 661 1 7 641 660 1 6 651 665 1 3 659 665 1 1 662 665 
52 3 35 14 77 3 27 24 92 1 15 48 76 5 33 68 166 1 16 98 141 5 59 103 220 2 35 116 179 5 34 142 225 3 36 157 242 1 12 184 216 5 27 193 301 4 30 201 285 3 40 212 304 5 35 233 325 2 18 238 284 5 25 282 390 2 13 284 320 1 16 287 337 2 19 289 345 1 4 289 319 3 41 310 383 3 19 333 378 3 45 352 427 2 21 357 426 1 17 362 398 7 44 406 539 1 3 418 426 6 44 419 548 1 6 422 450 2 36 426 499 2 18 435 485 2 18 439 494 8 63 450 577 1 2 455 461 1 1 468 471 4 43 477 574 1 2 486 494 9 42 504 629 3 40 513 598 4 31 535 638 2 25 561 617 1 6 562 581 1 2 563 570 1 10 585 611 3 23 596 654 1 7 614 637 1 17 618 650 1 10 620 642 1 5 629 641 1 3 647 656 1 1 647 650 1 4 653 667 
52 3 35 6 88 1 8 9 37 7 42 31 132 1 10 37 75 3 58 37 155 1 4 45 53 6 37 53 160 5 59 75 185 2 41 92 212 4 32 101 182 3 31 101 169 3 46 103 222 1 18 108 154 1 6 115 130 1 19 119 167 1 12 127 156 3 27 137 214 1 10 138 168 7 51 139 260 4 48 140 251 5 26 147 246 2 28 165 242 7 50 179 305 4 37 220 309 1 10 229 262 2 17 234 283 1 5 262 271 3 30 277 350 1 4 315 324 1 41 342 402 3 27 356 419 1 15 394 430 4 22 404 483 1 1 408 413 2 22 425 480 2 17 429 471 5 23 449 531 7 41 456 577 3 49 464 581 3 21 476 576 2 22 516 575 1 12 524 560 4 39 537 621 1 11 551 585 2 25 589 650 3 9 592 643 2 30 606 666 1 8 614 638 1 1 619 633 1 9 625 648 1 3 629 638 1 2 645 652 
45 4 44 11 108 6 65 17 145 5 40 24 118 6 64 29 161 2 10 39 71 1 3 104 111 8 55 117 234 2 22 120 170 3 51 124 206 2 11 131 169 2 15 145 183 6 25 147 266 3 46 174 285 2 12 181 219 3 21 182 240 1 7 193 210 1 8 198 231 3 55 202 291 4 39 230 305 4 44 233 365 4 39 238 310 4 24 238 305 3 29 275 390 3 44 278 374 1 7 303 319 7 46 307 438 1 5 312 331 1 3 317 329 1 2 337 346 3 28 343 420 1 10 345 371 6 53 388 510 4 32 394 466 2 41 397 490 4 21 415 493 3 42 422 536 1 9 422 449 4 14 426 501 1 14 426 460 4 42 457 569 2 46 505 609 3 9 564 616 1 5 613 627 1 1 654 657 1 1 664 667 
