15 260
18 22 30 94 202 15 15 104 190 14 25 141 203 12 26 184 269 8 8 359 398 26 26 377 469 7 13 381 449 3 4 409 424 18 21 418 482 14 14 449 507 34 34 467 592 6 14 491 531 11 13 570 640 28 28 590 718 4 6 626 659 1 1 672 675 1 1 717 721 2 2 721 731 
21 2 3 9 25 22 43 54 186 9 12 99 161 2 2 107 115 5 7 170 194 6 6 180 213 14 20 182 274 33 34 217 348 2 2 218 228 15 16 246 323 1 1 379 385 27 29 390 478 24 35 522 641 5 7 524 558 9 20 536 621 5 5 551 578 7 7 559 590 23 41 589 716 8 16 652 690 3 4 657 676 1 1 713 722 
11 28 37 78 216 14 22 100 195 10 10 255 313 22 30 299 426 22 27 328 439 31 31 374 501 34 34 378 497 24 24 391 484 10 15 410 462 17 17 546 621 25 25 586 696 
17 14 18 74 147 11 26 84 160 29 29 84 197 14 34 198 318 13 19 199 280 11 14 244 305 4 4 309 328 33 33 332 443 13 20 427 486 11 14 437 500 13 39 505 606 16 20 526 602 10 10 615 654 22 23 622 723 4 7 690 722 1 2 706 715 2 3 711 732 
17 14 19 8 66 11 37 17 145 22 30 87 208 9 10 91 129 15 20 101 162 6 9 102 134 29 29 127 257 23 23 165 251 6 6 232 264 31 31 315 438 14 14 319 374 5 6 322 346 1 3 329 341 8 8 333 365 25 34 350 467 3 4 650 664 7 7 666 709 
25 5 7 10 35 20 38 21 130 4 4 31 55 8 17 73 126 6 13 90 128 1 3 98 114 3 4 128 142 24 28 128 244 1 1 131 135 4 4 153 179 5 7 169 205 9 15 171 263 8 9 201 244 24 35 235 356 2 5 236 255 11 24 282 390 19 25 340 435 19 19 378 458 8 13 396 449 11 13 525 603 6 6 528 554 14 23 601 679 7 14 615 663 10 11 624 659 1 1 715 719 
14 27 32 50 166 7 8 70 105 3 12 152 198 30 30 229 364 24 24 272 410 12 12 339 387 20 20 403 500 4 7 443 464 14 21 492 572 28 41 546 688 22 22 564 665 15 18 608 684 4 6 634 653 16 16 637 705 
16 10 17 7 62 11 16 86 129 17 23 189 299 27 31 226 354 17 17 322 396 13 20 351 412 16 34 388 504 12 19 394 458 13 14 413 482 25 33 488 616 21 38 562 676 10 16 595 675 24 27 619 727 3 3 622 643 2 4 651 663 15 15 655 726 
18 20 36 70 195 16 17 73 143 6 7 177 205 20 31 179 264 21 21 237 345 15 24 337 405 9 17 342 392 9 12 352 408 30 35 480 588 33 41 509 645 2 3 514 530 11 17 556 624 6 14 559 602 11 16 566 638 10 12 601 645 1 2 700 708 1 2 713 719 1 2 722 729 
16 11 18 31 118 28 40 120 266 25 32 158 298 10 10 191 232 22 22 228 332 4 7 258 289 15 24 261 350 7 18 288 372 11 14 411 471 24 26 432 552 17 25 437 526 1 2 505 515 11 16 558 640 23 30 582 696 12 15 612 721 6 7 640 670 
15 18 18 33 112 29 42 34 174 9 12 114 168 11 21 126 192 20 22 191 280 6 10 238 281 1 1 322 328 17 17 382 452 8 8 426 461 32 43 548 693 32 32 555 680 2 4 560 578 34 37 593 722 1 1 716 721 1 2 720 735 
18 1 1 15 22 17 28 74 207 2 4 86 98 16 26 109 188 18 30 121 220 11 11 143 186 12 15 221 289 2 5 225 242 3 6 228 254 12 12 244 299 1 3 286 298 15 15 359 451 15 15 395 456 33 43 398 517 8 21 404 456 17 30 533 635 21 37 587 700 21 26 599 685 
14 7 7 3 42 32 47 7 154 27 44 63 204 14 21 163 255 23 23 284 382 1 1 306 311 21 21 311 403 16 28 312 401 23 27 333 430 18 18 398 495 7 7 422 459 21 27 430 547 13 14 558 619 1 1 723 728 
22 10 10 35 89 19 43 73 219 5 9 105 132 27 27 150 237 9 18 162 213 4 9 199 230 5 5 256 282 20 21 307 430 11 33 317 440 22 47 382 528 18 25 539 629 14 18 543 624 18 24 620 702 3 5 622 642 8 11 625 672 1 2 635 644 19 23 638 732 4 7 689 723 3 6 693 714 1 1 718 724 2 4 720 731 1 2 726 735 
18 20 20 146 229 16 16 240 301 16 27 260 351 8 11 264 315 16 21 312 389 1 1 348 361 30 30 380 504 9 9 409 446 5 13 440 488 17 20 441 531 14 14 460 520 24 27 525 671 20 20 612 699 17 21 615 704 10 13 626 693 8 10 646 697 3 3 710 723 1 2 725 732 
