15 57
3 35 35 54 161 23 34 247 304 19 19 267 318 
4 20 29 129 208 26 27 208 301 31 35 244 333 5 6 288 310 
3 38 43 139 233 15 21 247 294 20 26 437 507 
5 32 45 253 363 1 2 284 293 37 40 414 513 6 9 501 526 1 1 559 562 
3 27 49 260 369 34 51 264 371 16 20 484 546 
3 30 50 12 124 19 19 106 150 45 45 357 442 
8 11 15 11 61 17 17 122 163 13 13 221 254 7 7 232 249 18 26 455 533 6 9 466 484 2 3 538 544 6 6 588 602 
3 17 34 14 97 13 19 79 125 37 53 87 206 
4 30 36 198 286 21 28 201 252 29 31 286 344 2 6 496 510 
5 16 16 55 98 25 39 211 324 28 36 324 416 4 4 419 432 5 5 486 508 
3 43 43 267 375 16 22 303 368 22 22 540 599 
2 40 58 95 211 41 41 212 313 
3 12 12 82 120 32 36 269 348 24 31 297 376 
3 15 15 129 161 36 42 311 409 36 41 428 504 
5 20 23 93 162 27 29 131 225 9 23 150 207 18 19 290 328 2 2 614 621 
