15 121
9 29 39 56 139 38 47 118 239 20 26 126 185 7 7 154 178 3 7 207 226 37 37 291 363 7 10 499 522 17 17 589 631 2 4 645 654 
5 34 34 31 119 20 20 87 139 51 61 264 393 22 29 288 356 24 24 605 674 
12 25 50 247 366 26 31 273 338 3 4 319 331 10 10 363 389 14 14 373 418 9 18 422 450 27 27 500 582 2 2 503 514 3 4 551 562 1 1 577 580 16 22 634 679 6 6 640 653 
7 35 42 54 186 28 42 107 203 27 53 127 256 18 18 300 342 14 14 497 529 26 29 560 627 1 2 665 671 
8 12 15 52 93 32 32 106 191 10 18 167 204 26 26 313 368 33 33 382 468 8 12 418 453 21 41 449 542 16 30 505 563 
7 33 37 38 161 5 5 48 62 26 27 77 142 9 9 294 315 43 49 334 444 17 65 521 635 13 18 535 581 
8 42 43 16 119 10 13 49 78 16 23 82 168 23 23 88 141 2 2 105 111 39 42 212 318 8 11 429 454 3 6 650 665 
6 13 18 71 122 50 59 100 220 8 10 169 190 19 19 261 312 23 23 353 405 28 34 494 576 
12 26 33 25 93 7 10 107 132 27 42 213 301 6 11 228 252 9 9 269 305 39 39 273 392 1 1 337 341 16 16 474 505 8 10 588 610 4 4 590 603 7 9 647 675 4 4 671 679 
7 2 3 31 39 38 66 76 205 15 19 101 146 30 47 140 213 19 26 235 288 44 57 381 495 9 11 517 560 
7 8 14 22 58 43 43 24 133 39 39 126 231 50 50 265 381 17 25 348 399 26 42 459 568 6 6 493 505 
9 13 13 85 113 1 1 109 112 27 38 155 233 24 29 167 221 4 13 387 410 31 33 552 654 17 17 564 613 16 16 631 671 10 14 645 679 
10 17 29 240 312 12 13 247 280 6 6 248 268 17 25 324 370 23 23 388 469 3 3 404 412 2 2 443 448 12 17 539 609 27 35 589 670 22 25 603 653 
7 14 22 42 99 25 25 57 149 30 30 222 280 9 27 224 289 45 50 279 408 33 46 411 514 7 14 485 513 
7 43 56 104 222 36 50 183 283 38 62 200 295 17 17 378 431 27 37 455 535 3 3 632 647 3 3 663 674 
