15 87
10 9 23 102 183 3 8 268 290 1 5 272 281 4 10 274 304 9 15 280 328 12 21 357 404 7 14 450 496 21 35 451 542 2 5 465 481 1 2 570 576 
5 14 16 9 89 5 6 247 270 8 17 492 540 24 33 511 590 9 16 576 615 
7 3 4 99 117 14 27 229 296 3 4 353 366 24 68 422 540 6 8 546 576 5 5 554 581 1 3 582 590 
5 9 32 60 124 21 42 107 222 7 40 213 308 11 15 261 317 16 56 314 434 
3 11 11 172 249 24 24 287 407 27 32 483 591 
4 22 23 77 190 19 70 125 240 15 48 186 294 1 1 191 196 
7 9 26 163 226 22 39 208 319 14 22 243 311 1 3 251 257 2 4 334 346 13 40 391 483 1 2 536 547 
5 1 1 211 215 15 47 242 320 19 28 311 390 21 30 325 434 17 34 432 505 
3 35 40 100 222 26 38 288 388 9 15 546 600 
4 15 43 115 197 21 40 198 296 16 16 318 387 8 15 542 578 
7 10 25 104 157 1 2 114 125 22 25 176 286 6 18 203 241 10 33 260 336 10 20 263 317 9 12 487 522 
5 16 50 59 172 19 31 118 188 10 46 149 228 13 75 438 555 1 4 527 538 
7 5 7 25 47 9 13 62 99 1 2 88 92 5 14 105 136 24 27 320 421 9 16 582 614 3 7 592 605 
8 29 68 177 301 1 3 268 276 6 22 279 326 3 9 331 349 12 14 366 414 10 23 439 498 4 4 467 493 10 20 548 598 
7 6 13 185 218 12 36 227 306 1 4 258 266 6 13 271 302 17 32 289 405 13 45 439 562 4 8 569 592 
