15 222
18 26 49 17 146 28 54 46 180 3 8 59 82 3 15 200 236 23 34 253 376 1 2 324 329 20 38 356 461 17 47 432 507 7 11 447 492 2 5 447 461 5 10 495 522 22 44 519 617 4 7 568 588 9 17 573 621 15 23 586 663 6 11 641 671 2 5 705 721 5 9 705 728 
12 18 44 23 123 3 11 53 84 26 26 177 256 32 44 277 423 31 64 294 431 27 40 347 451 21 69 413 522 16 33 516 597 2 5 551 568 6 15 628 663 6 10 657 686 11 18 663 720 
17 27 59 7 121 8 24 34 82 29 29 220 313 11 19 227 269 3 7 227 245 21 57 337 453 11 28 344 411 4 11 349 368 1 3 427 434 22 77 439 555 11 26 512 571 6 9 520 544 4 4 546 562 27 39 601 718 7 11 629 657 3 8 666 682 2 4 686 699 
14 9 27 17 68 11 24 31 85 10 11 83 129 26 58 100 241 15 25 124 206 29 32 179 311 5 8 253 277 33 71 392 522 19 43 443 547 7 7 469 500 1 1 505 511 25 51 571 699 11 19 587 646 8 18 649 700 
12 23 54 46 155 26 55 75 211 3 6 82 96 16 45 155 229 29 57 344 476 24 55 363 505 4 16 426 458 20 37 456 562 32 56 481 623 8 29 592 646 1 1 613 617 23 44 627 733 
19 32 51 25 161 11 16 233 301 1 2 257 264 10 10 326 375 27 59 349 485 18 40 384 511 10 26 422 478 4 8 440 465 15 33 453 538 4 5 475 494 5 9 500 523 12 23 505 573 8 15 557 608 1 2 561 568 17 29 561 633 1 2 589 595 6 28 618 667 6 13 636 673 11 14 679 730 
14 20 52 55 193 23 68 68 210 19 53 158 256 5 8 177 200 16 53 228 317 1 1 313 316 38 38 383 530 12 26 389 461 15 33 500 573 4 10 525 546 5 11 531 561 22 61 602 728 15 24 626 701 3 10 637 664 
19 11 14 6 49 19 32 23 121 9 34 101 165 21 21 134 236 8 9 201 231 28 59 237 370 1 2 273 278 10 16 289 335 4 14 338 360 19 40 357 467 7 25 404 454 2 5 423 440 1 2 439 445 29 37 471 564 9 16 472 530 9 16 566 622 5 12 651 685 1 3 687 696 1 8 688 707 
13 20 20 8 77 16 16 12 70 24 46 15 136 23 54 103 225 13 48 266 366 14 23 431 489 12 17 497 555 22 51 524 643 11 19 529 590 3 10 552 578 21 62 582 716 17 29 606 674 1 1 726 729 
12 15 32 77 143 35 39 256 390 36 41 272 373 19 26 285 363 10 21 339 396 23 48 403 492 13 30 409 515 15 42 426 525 3 12 511 535 6 16 512 543 16 38 600 709 1 2 714 721 
15 17 22 14 128 16 41 70 164 9 31 131 243 3 4 140 154 20 53 143 279 20 20 197 262 42 56 246 379 11 24 298 352 4 11 336 354 15 26 508 574 5 13 644 696 9 26 647 719 16 38 648 735 1 1 692 696 3 7 714 731 
14 4 20 27 65 25 59 119 251 8 24 120 165 21 34 139 232 25 55 140 259 21 41 175 277 9 17 242 284 8 13 243 280 13 31 269 335 27 63 327 439 26 39 356 493 5 13 479 513 5 13 550 588 8 10 652 687 
15 7 7 29 59 42 48 63 210 17 43 82 163 8 18 89 146 2 2 168 176 4 6 197 227 6 27 236 296 28 29 296 415 3 6 384 401 33 50 477 573 4 15 505 537 12 27 574 632 14 26 577 638 13 14 681 731 5 9 701 719 
13 26 49 90 218 8 14 129 184 14 39 142 227 1 1 184 189 27 32 279 413 9 48 329 438 7 12 354 385 12 13 376 426 20 42 450 570 45 45 457 602 16 30 459 534 1 3 481 490 6 10 687 718 
15 5 41 24 99 6 9 143 167 26 77 160 304 21 35 220 304 7 15 225 268 19 40 226 318 7 11 226 252 24 38 248 383 9 19 296 349 22 51 396 516 17 39 472 585 7 10 513 558 15 45 633 716 5 6 669 689 1 1 715 721 
