15 706
50 6 48 1 123 1 26 10 78 1 12 14 54 5 32 22 134 3 41 22 121 3 55 31 151 2 31 41 118 4 30 63 166 8 55 74 192 3 29 75 139 1 4 83 93 2 9 90 150 3 47 107 215 5 52 132 228 1 9 154 180 1 12 159 186 4 42 170 254 1 1 173 176 1 1 175 185 1 14 179 210 6 35 199 316 5 42 205 311 5 25 205 280 1 10 248 269 5 21 264 336 2 21 272 340 2 21 293 346 1 3 331 342 1 5 337 351 1 1 348 351 6 40 349 453 1 15 361 391 3 31 368 454 5 56 385 495 4 26 385 477 1 11 431 458 3 25 476 537 2 23 487 550 1 6 505 521 2 15 526 568 1 8 543 571 4 34 562 632 1 11 564 584 4 39 580 668 1 12 595 625 1 7 599 636 1 1 616 619 1 6 635 655 1 1 642 646 1 3 648 658 
50 3 22 5 72 3 18 9 75 4 43 24 105 1 11 33 56 6 30 37 134 2 38 90 175 4 23 97 191 3 35 98 166 1 9 116 166 2 32 138 199 6 50 188 313 1 23 189 270 3 18 200 244 2 24 203 264 4 24 211 284 1 1 225 228 4 49 243 349 5 5 280 405 1 15 286 336 3 26 286 355 4 40 288 368 2 18 330 372 4 48 336 421 2 25 359 420 1 1 360 364 2 19 369 411 1 11 373 399 5 49 391 486 2 22 407 464 1 3 423 431 4 49 429 535 2 37 434 516 1 23 437 499 2 17 444 500 1 18 451 484 3 23 461 527 1 12 507 542 5 43 520 652 2 22 522 563 1 20 538 576 4 59 539 670 1 5 540 552 4 26 541 642 5 49 573 676 5 43 575 659 2 10 618 655 1 14 624 663 2 16 632 673 1 1 635 641 1 5 666 678 
38 5 66 1 134 5 41 23 137 1 4 31 47 1 4 81 90 4 32 87 205 7 55 106 232 2 38 121 200 3 11 142 180 3 55 185 278 6 77 193 317 3 50 205 292 4 30 225 317 6 58 256 386 1 3 259 273 5 30 263 351 3 31 264 325 1 9 267 318 4 26 287 402 1 19 296 325 3 32 307 406 6 37 330 455 8 40 335 456 5 33 337 454 5 46 341 444 3 41 353 477 7 53 369 498 3 32 409 470 4 23 413 527 3 27 420 486 1 5 508 525 2 21 517 566 6 44 557 670 2 16 557 608 1 7 561 585 1 3 598 611 1 24 620 664 1 10 646 672 1 1 675 678 
51 1 15 5 38 1 3 34 41 1 5 36 50 4 31 42 120 1 2 42 47 2 38 65 196 1 2 89 98 5 58 117 246 2 29 160 217 4 43 161 239 4 23 164 236 2 18 169 208 1 7 174 197 4 30 182 290 2 16 182 227 5 34 196 276 2 20 213 272 1 2 216 226 1 5 219 237 2 22 246 302 1 11 252 305 2 27 265 325 5 38 270 352 3 29 292 365 5 27 323 417 1 15 330 370 2 27 331 396 2 31 385 457 1 1 397 403 4 38 418 499 1 7 420 435 2 25 426 472 1 11 427 454 6 31 472 576 1 30 484 567 1 9 491 523 7 62 493 628 6 49 495 622 2 47 496 587 6 47 512 635 4 15 527 581 4 37 528 639 2 18 542 623 1 12 546 579 1 7 564 603 4 26 570 657 3 20 608 661 2 21 610 656 1 10 616 641 1 9 648 679 1 1 676 679 
47 2 25 9 64 5 36 34 127 2 18 90 143 3 21 105 171 6 51 112 239 1 12 129 156 3 30 137 207 5 41 140 228 1 1 146 186 3 43 151 243 2 30 152 220 4 30 168 243 1 3 170 176 2 42 180 265 2 16 185 247 2 19 209 259 1 4 216 230 4 39 216 311 2 40 218 292 5 40 221 324 3 42 236 343 3 21 239 309 2 19 259 361 5 39 298 418 1 2 336 341 2 35 348 450 3 44 362 457 1 3 366 381 5 30 372 481 1 10 383 410 2 31 387 452 1 4 399 413 2 53 427 547 1 3 433 440 2 32 458 519 5 25 466 557 7 26 484 614 6 34 508 610 1 18 536 565 5 55 554 660 4 37 557 643 1 2 586 591 1 6 590 605 3 14 590 655 5 32 591 673 2 24 600 662 1 5 642 659 
51 2 39 4 90 1 13 49 87 3 37 59 152 1 11 60 82 1 11 61 81 3 23 81 138 5 49 82 180 3 25 91 163 4 24 92 189 4 15 101 158 1 9 123 158 9 57 143 274 1 4 145 167 1 9 177 198 6 38 184 296 1 3 184 193 2 13 185 219 3 39 203 276 2 11 268 314 3 26 272 343 4 57 312 412 1 11 313 337 1 5 314 325 3 42 339 439 5 45 343 458 1 31 361 446 1 6 395 416 2 44 405 504 1 8 405 422 1 15 424 451 6 34 425 556 3 19 426 478 4 59 433 551 4 61 457 585 1 10 469 505 4 28 472 549 4 52 490 572 2 74 494 622 5 36 505 626 2 14 510 553 1 11 517 545 2 7 526 559 3 19 531 584 3 35 540 604 3 25 598 665 1 4 609 619 1 9 610 629 1 2 619 632 1 5 665 677 1 3 665 672 1 2 675 679 
53 8 51 40 160 5 41 48 172 1 5 66 88 1 6 71 90 2 18 76 118 1 6 87 109 5 49 100 212 2 25 128 172 1 4 129 142 1 10 136 175 8 43 155 273 3 29 159 249 3 20 168 215 3 15 191 275 1 3 201 209 1 6 202 224 7 28 211 324 1 12 217 240 6 58 221 343 1 5 224 241 1 2 255 261 2 9 263 312 4 35 287 376 1 11 328 362 3 31 339 404 2 26 340 413 4 23 347 422 1 9 361 399 1 1 381 384 1 3 391 397 1 9 421 447 6 55 433 565 4 31 450 514 2 19 456 518 1 9 496 523 1 16 524 554 3 30 529 605 2 16 531 572 4 23 535 605 2 28 551 623 5 52 553 676 1 2 568 573 3 15 586 643 4 27 590 664 1 10 595 615 1 9 595 620 1 12 608 629 1 2 614 623 1 9 623 648 1 14 630 655 1 3 643 652 1 10 651 671 1 1 668 671 
49 3 29 6 73 2 16 61 101 3 42 73 191 4 41 75 165 5 46 96 202 1 21 97 142 1 6 99 120 1 17 125 164 5 65 133 254 5 36 137 246 1 5 144 174 4 33 158 246 2 38 159 222 1 4 167 197 2 22 179 224 4 48 196 282 1 2 204 210 3 64 205 309 1 2 225 236 7 39 227 343 1 1 251 255 1 7 259 273 2 25 269 335 2 10 273 310 1 8 275 290 3 19 295 345 1 13 332 374 3 17 353 426 3 26 387 436 1 8 390 410 1 11 404 436 1 18 416 455 3 38 426 499 1 4 449 463 9 70 474 604 3 36 478 561 3 31 491 602 4 28 492 566 2 12 500 537 3 48 518 633 5 35 529 630 1 6 533 552 10 64 548 678 2 14 563 611 2 14 598 646 1 13 610 633 1 7 649 665 1 1 657 662 1 1 670 677 
46 3 19 5 68 2 18 9 45 1 12 40 70 1 12 76 105 1 1 93 96 3 22 100 154 2 26 118 174 6 48 123 246 6 36 160 270 1 3 169 179 3 21 175 236 1 1 190 194 4 35 194 304 1 4 195 207 5 37 203 332 2 22 209 263 6 52 216 339 3 15 227 281 3 23 242 308 1 16 251 285 2 19 257 317 1 2 316 321 5 47 318 403 4 26 323 401 6 43 328 448 5 40 357 447 2 42 377 478 3 26 377 471 4 25 395 477 7 54 404 537 7 43 405 527 4 33 423 517 1 12 436 466 1 19 449 491 3 59 454 589 1 6 473 490 1 7 481 497 2 10 527 570 3 44 555 635 2 23 578 649 2 14 580 615 1 33 580 629 3 20 603 652 1 8 604 638 1 2 632 639 1 1 663 670 
44 5 42 31 138 5 21 45 155 4 31 80 168 9 49 96 227 3 31 101 168 1 6 142 157 3 23 152 219 1 12 179 208 6 51 199 321 1 3 200 206 4 41 221 307 4 29 223 307 7 70 224 356 2 25 240 301 4 38 264 332 3 27 287 377 2 29 322 387 3 30 325 420 6 34 346 460 1 16 348 407 4 36 349 447 3 26 379 446 2 15 391 430 3 33 395 453 1 6 410 429 1 27 473 564 1 14 487 530 3 47 492 587 7 10 497 616 6 64 511 640 1 9 516 556 4 32 561 663 1 16 561 593 1 5 567 588 2 30 574 652 4 25 589 656 1 6 599 617 3 18 606 670 2 12 621 658 1 1 636 642 1 14 643 676 1 11 649 677 1 2 662 668 1 1 674 679 
40 3 21 88 160 4 18 89 160 2 26 89 164 7 60 90 225 6 58 117 235 2 21 127 185 6 53 141 264 1 1 151 154 1 34 152 206 6 35 164 261 6 43 165 285 4 56 169 274 7 69 196 322 1 1 202 210 3 23 206 269 2 23 225 266 1 9 256 276 4 72 290 417 4 32 291 379 7 57 357 484 1 1 377 380 6 49 385 507 5 42 395 484 4 30 400 471 2 25 446 509 8 47 463 580 1 1 465 471 2 62 491 600 1 9 498 521 2 18 535 610 5 26 536 623 4 28 558 634 2 13 566 596 1 8 570 581 1 10 573 601 3 29 599 658 2 19 603 648 2 16 606 646 1 2 646 653 1 15 646 679 
45 1 14 2 33 5 68 22 148 1 18 27 59 2 40 55 144 5 42 72 202 2 55 78 186 6 33 104 236 1 7 186 214 1 15 187 243 1 21 199 249 1 15 204 239 4 42 206 309 2 30 209 302 1 1 214 218 5 37 220 315 4 32 231 319 6 61 231 361 1 11 234 257 2 23 280 347 1 1 284 287 7 50 285 416 7 29 308 424 7 25 332 449 4 43 384 468 1 10 401 431 4 35 412 517 1 2 431 439 1 11 431 455 2 31 443 528 3 31 444 523 3 24 451 501 3 42 485 590 9 41 507 632 1 6 513 524 4 40 517 609 5 33 520 592 5 27 554 656 1 7 564 580 3 25 567 617 1 12 604 630 1 3 611 619 1 14 615 666 1 1 648 651 1 4 666 674 1 1 671 674 
43 1 7 3 21 2 12 4 40 3 22 12 72 2 10 39 75 3 26 76 150 5 62 79 202 3 18 79 146 2 65 80 180 3 33 108 210 4 39 110 199 1 1 115 119 1 4 121 134 6 27 143 230 4 34 153 265 4 37 163 250 5 58 164 279 6 63 170 275 2 14 179 216 4 38 191 315 3 29 247 333 7 60 251 370 1 10 257 280 3 29 269 354 6 27 290 391 1 7 297 321 5 21 358 441 7 79 378 510 1 4 392 402 1 18 398 444 2 38 431 522 1 1 443 447 4 45 444 537 4 18 465 547 4 43 496 583 1 15 529 565 2 16 538 576 5 49 543 653 1 15 561 601 3 22 566 619 2 18 587 627 1 1 602 607 1 10 604 627 1 9 658 679 
57 1 4 31 49 1 29 32 84 5 41 44 171 3 36 69 148 5 47 75 183 3 24 76 148 1 7 98 118 1 1 112 116 1 5 117 126 1 3 132 155 7 48 135 239 1 14 135 175 1 2 147 153 1 1 149 154 5 60 153 263 1 9 157 184 4 27 164 262 2 36 165 252 1 2 175 181 5 51 183 298 2 29 184 237 7 38 187 312 1 2 196 205 1 4 202 220 4 43 215 298 2 15 221 260 2 18 225 268 4 74 228 358 4 45 233 337 2 22 269 322 1 18 288 341 1 3 301 314 2 26 302 371 1 8 323 347 5 56 342 450 3 36 361 447 1 6 383 400 2 21 414 466 2 22 424 478 1 33 425 488 1 8 428 448 1 8 459 478 1 6 515 538 2 27 521 580 3 22 527 583 8 39 531 666 1 19 534 567 3 25 537 624 1 14 581 619 1 1 585 589 2 19 598 656 1 12 616 652 1 10 629 652 1 4 652 662 1 2 660 668 1 5 662 675 1 4 666 676 
42 3 28 3 65 2 21 5 47 4 42 6 84 5 37 33 145 5 50 38 141 3 30 61 141 1 8 66 87 10 54 72 207 5 51 98 209 7 49 117 230 1 9 128 162 1 2 132 138 7 65 133 254 3 40 198 274 7 70 226 352 3 27 235 341 3 22 239 296 2 25 257 315 3 30 265 350 1 1 294 297 6 48 297 390 1 2 297 305 1 16 310 351 3 44 346 458 1 17 366 403 3 21 378 453 1 5 387 404 2 12 393 437 6 50 399 512 2 42 419 493 1 19 426 466 1 9 444 465 2 24 449 500 5 61 470 584 3 27 481 553 1 13 487 517 6 40 529 647 1 24 537 586 3 21 544 620 2 42 604 675 1 10 616 644 1 6 649 671 
