15 172
11 18 22 112 216 8 18 141 186 11 26 183 266 19 29 207 295 4 5 442 466 27 30 444 558 11 14 503 556 31 31 509 630 7 11 606 637 4 12 619 646 6 10 648 677 
8 6 27 15 78 27 45 39 148 30 48 245 371 12 22 298 355 13 27 306 375 23 62 375 473 32 32 530 645 3 8 654 674 
16 11 22 57 106 16 46 91 182 5 9 122 146 9 35 211 305 6 13 230 261 5 20 294 334 1 2 299 305 17 28 360 438 7 14 432 463 23 31 446 538 11 11 449 504 8 34 469 558 17 29 563 630 3 7 604 623 1 12 630 647 7 12 635 674 
10 11 23 12 66 21 28 123 224 21 28 193 290 8 13 311 344 22 25 318 398 10 11 347 387 9 14 369 405 21 47 413 542 21 21 452 527 4 8 475 495 
15 11 12 12 58 6 18 57 103 19 28 117 187 2 2 145 155 16 31 171 245 12 38 221 329 4 11 298 322 5 21 342 393 2 4 398 406 13 21 408 497 28 28 468 569 4 8 530 552 6 12 539 569 14 24 576 653 1 4 667 678 
11 20 33 14 98 14 42 116 223 17 54 122 217 14 38 335 421 5 17 421 478 9 16 433 478 1 2 487 496 28 48 491 597 11 37 519 587 9 56 540 647 12 16 614 660 
12 14 26 3 90 1 2 76 80 18 31 142 208 7 15 147 189 4 9 326 351 19 28 343 400 23 30 351 459 13 39 363 424 21 30 407 542 27 47 486 600 8 33 530 588 3 10 643 667 
14 19 24 95 175 21 44 111 242 2 5 247 261 23 27 271 358 5 11 302 330 7 13 322 361 9 19 331 380 3 4 381 397 6 6 388 412 16 53 392 508 5 9 425 444 18 18 564 644 9 12 614 662 5 7 661 676 
9 7 13 14 45 29 36 54 177 13 29 99 174 25 32 134 231 23 34 181 273 9 29 298 372 27 38 308 441 7 9 473 505 1 2 671 678 
13 14 58 47 164 2 4 78 88 1 3 101 107 36 38 161 290 10 23 217 289 6 14 460 492 33 71 476 595 4 10 583 605 18 28 585 653 12 25 587 637 10 22 613 659 2 6 658 672 2 4 664 673 
10 9 28 4 71 16 50 43 144 21 30 47 148 16 45 176 258 3 15 185 213 32 33 196 292 2 2 319 327 6 12 331 374 15 35 366 433 14 23 509 570 
9 23 71 32 163 28 43 88 186 21 38 136 220 20 52 148 239 4 11 180 206 1 2 216 224 17 21 300 357 8 10 555 598 14 25 595 668 
12 20 44 109 213 16 37 154 277 10 14 167 210 9 23 211 259 4 14 240 271 21 46 254 362 5 15 319 352 11 21 369 420 7 18 378 437 19 51 461 567 21 30 569 645 3 8 580 602 
13 15 36 5 81 21 56 31 145 21 38 41 147 21 21 96 173 21 36 180 264 1 4 221 230 11 18 233 292 3 19 318 366 5 11 388 435 30 46 418 544 1 1 561 564 5 5 645 664 1 1 675 678 
9 7 23 23 73 14 44 132 250 25 32 254 375 18 34 291 374 4 7 320 346 25 31 403 500 22 40 433 548 8 22 454 505 11 33 464 566 
