15 319
22 2 10 21 60 7 43 58 176 3 10 73 147 1 9 75 99 2 23 105 158 2 40 118 212 3 38 128 230 1 1 212 216 3 43 290 391 2 17 294 336 1 5 295 312 4 27 370 435 1 17 374 411 7 33 378 457 2 21 397 449 1 7 430 451 1 6 448 464 2 39 450 528 1 2 476 483 5 39 482 583 1 2 594 604 1 1 617 622 
24 5 60 5 98 2 30 59 149 1 23 69 129 1 13 99 134 1 3 135 145 6 41 163 259 1 10 190 223 1 8 207 230 7 38 312 432 1 6 313 327 1 4 318 325 1 12 320 348 3 22 332 383 3 30 354 426 3 27 364 433 2 26 392 452 4 37 399 466 2 32 401 478 1 14 431 470 1 4 463 479 4 65 521 612 1 4 566 574 1 18 569 614 2 16 570 603 
13 6 41 112 221 11 45 190 314 5 43 196 288 6 44 294 409 5 44 326 438 1 12 337 366 4 34 366 460 3 30 394 455 3 27 417 503 5 50 477 595 3 31 526 592 1 6 554 575 1 5 577 607 
20 5 62 50 169 1 13 63 98 6 43 95 215 3 16 147 192 6 41 185 281 1 3 185 192 3 27 221 293 1 47 237 356 1 28 254 317 1 10 305 332 5 53 311 428 4 27 328 414 4 46 328 422 2 16 377 461 4 48 420 503 1 5 457 470 1 7 524 541 1 1 570 574 2 18 573 614 1 4 608 621 
25 2 20 62 120 1 7 126 144 2 27 128 183 2 22 157 206 5 32 179 265 1 8 188 204 2 28 213 267 3 45 251 335 4 41 262 381 1 13 294 341 1 18 300 340 1 4 307 322 6 24 310 427 1 1 313 320 1 22 322 380 1 11 326 354 1 10 337 358 4 27 343 445 3 42 357 446 1 7 400 423 4 16 408 463 1 18 444 480 4 25 463 544 1 2 495 500 2 12 575 609 
23 3 17 41 93 1 4 41 49 1 1 45 49 3 24 56 139 1 2 62 68 1 6 138 154 6 53 143 236 3 24 148 219 4 20 148 261 3 39 161 275 4 26 190 260 2 18 315 362 6 25 315 427 2 22 409 450 2 14 421 494 2 21 436 512 2 29 458 547 4 43 488 603 1 6 560 578 2 21 576 619 1 14 577 601 1 9 579 600 1 7 609 622 
20 5 22 62 137 3 43 68 186 2 32 159 228 6 32 167 259 3 20 208 261 5 55 215 335 1 15 226 253 1 1 239 243 5 26 248 358 5 41 273 371 1 1 316 319 2 18 327 385 4 45 354 448 1 18 356 401 1 4 385 397 4 31 439 534 1 14 475 511 3 30 493 561 1 9 512 540 2 13 578 620 
20 6 32 25 131 2 24 29 106 1 1 89 95 4 24 117 201 5 41 119 224 2 18 132 179 1 4 150 165 1 6 163 186 3 23 165 231 1 9 255 282 6 30 321 411 2 10 322 357 1 8 414 434 7 65 434 551 2 16 436 488 2 26 470 522 3 60 493 603 5 36 503 602 1 11 518 545 1 5 597 612 
22 1 6 1 15 1 9 50 102 4 45 54 138 7 45 82 187 1 18 119 161 1 3 121 129 7 36 170 263 4 32 250 345 1 15 271 306 2 19 288 340 1 10 313 336 1 14 315 343 5 23 323 412 4 43 379 490 1 12 393 426 3 30 423 512 3 38 432 516 1 9 486 518 2 18 487 526 1 11 516 556 1 18 544 587 1 6 556 578 
19 2 11 19 68 4 44 22 142 6 70 44 160 4 27 74 132 1 7 83 101 1 16 150 196 1 6 162 175 4 32 204 297 1 1 241 244 2 21 272 332 5 31 299 382 1 2 320 325 1 3 321 330 3 39 356 436 7 31 374 493 3 31 424 505 5 25 459 582 1 9 466 497 1 2 610 619 
25 3 16 7 70 1 4 14 26 1 2 42 47 2 21 64 120 4 44 82 173 1 19 109 157 5 48 146 240 3 17 152 264 5 41 179 267 4 42 198 298 3 25 224 298 3 24 254 325 1 1 270 275 2 16 296 340 1 5 302 325 2 27 345 397 4 24 347 440 1 10 355 382 1 17 382 418 2 15 386 440 1 5 485 509 1 6 490 508 1 7 501 519 1 19 506 562 1 4 585 600 
21 4 51 29 134 4 47 87 177 5 36 137 234 7 58 167 290 1 14 218 253 2 29 233 305 1 12 261 290 1 2 274 280 3 23 286 333 6 58 286 391 1 11 292 314 1 1 382 385 4 28 387 454 4 48 392 493 2 15 397 442 2 19 448 491 1 6 482 502 1 10 495 515 2 11 529 570 1 1 536 541 1 2 610 617 
26 1 7 6 21 2 19 15 77 8 44 19 141 7 29 61 167 1 8 79 105 1 7 84 111 1 8 106 125 1 10 112 133 6 39 124 232 2 19 189 241 1 3 197 208 3 30 228 298 1 13 302 345 1 5 303 316 5 54 315 411 1 3 339 347 1 24 368 427 1 22 377 424 2 34 401 453 2 15 456 498 4 29 475 552 3 17 485 541 2 15 516 560 1 4 575 582 1 8 590 612 1 6 601 617 
16 4 20 110 232 5 57 138 260 7 39 145 256 5 32 166 266 1 6 196 210 4 38 235 320 2 42 241 326 3 23 307 387 2 20 338 380 7 52 374 458 1 2 387 392 3 26 388 465 3 32 394 456 2 14 502 539 3 11 567 622 1 2 613 618 
23 1 3 8 18 7 40 33 148 2 11 55 114 4 31 115 190 1 7 144 171 1 5 163 175 1 19 165 208 4 22 175 253 1 3 223 232 6 52 336 445 3 21 342 419 5 36 345 431 1 16 359 393 1 5 394 409 5 48 429 511 1 9 456 484 5 42 456 577 1 11 468 497 1 10 469 489 1 2 522 528 1 1 559 562 2 12 582 614 1 9 605 622 
