15 174
9 4 4 54 75 20 26 211 337 28 28 251 371 28 28 310 410 12 13 412 468 10 17 444 502 21 25 525 620 18 28 537 626 9 11 633 675 
12 12 12 23 78 20 20 99 175 4 4 153 171 12 19 180 273 7 23 261 362 7 7 328 358 5 5 388 415 19 19 389 466 27 27 541 662 10 10 550 600 13 13 628 676 4 7 646 674 
9 25 31 111 244 16 25 206 292 26 26 211 318 32 32 220 346 7 7 222 252 19 19 272 359 13 13 409 466 1 1 618 627 4 9 645 672 
11 21 26 4 129 4 4 25 38 13 27 56 140 18 18 116 187 6 7 129 162 31 40 187 320 24 24 346 472 8 9 347 380 3 5 540 560 10 15 577 633 1 1 670 674 
14 23 23 100 190 17 19 131 196 15 24 204 276 3 5 274 291 15 20 323 390 2 3 373 384 4 16 381 426 8 13 396 451 18 20 507 572 4 4 570 590 11 21 579 673 9 9 616 658 4 5 636 658 1 1 652 659 
15 14 15 6 66 1 1 97 106 21 23 110 193 1 1 237 243 2 4 386 402 8 8 393 423 17 44 394 517 14 14 403 454 2 3 450 464 31 36 469 593 9 15 517 577 10 12 530 631 2 2 560 579 1 2 569 579 1 1 675 678 
11 23 29 19 146 1 2 133 142 21 23 231 359 9 15 317 357 17 21 318 403 8 8 374 411 3 3 390 405 14 22 394 487 11 14 450 504 23 23 559 676 6 6 606 649 
12 30 45 67 199 16 20 77 152 25 35 124 235 1 2 198 208 23 31 371 496 27 27 376 497 8 13 401 446 6 6 457 475 3 3 513 530 2 3 547 564 8 9 574 607 4 7 658 679 
10 3 6 21 40 23 34 180 315 22 22 187 317 21 21 247 369 2 3 252 262 12 36 253 383 24 27 369 475 17 24 503 593 1 1 504 510 9 29 542 628 
14 19 19 23 91 15 25 85 162 25 25 112 227 1 1 123 129 5 5 263 285 1 1 300 305 4 4 359 380 24 25 364 476 15 31 426 512 10 20 433 538 1 1 442 447 9 16 492 550 3 3 505 520 9 17 608 676 
10 18 23 110 212 1 1 161 166 20 20 176 279 24 26 267 378 19 22 299 390 20 32 404 517 11 21 464 527 14 18 508 581 1 2 612 618 8 10 617 672 
11 26 34 34 167 12 19 59 124 16 16 108 189 7 12 134 175 3 10 183 221 3 3 246 266 31 31 291 416 23 37 467 593 1 1 470 479 14 14 607 673 5 5 640 668 
10 19 28 16 139 6 9 42 75 6 13 158 200 7 13 162 228 2 2 192 205 19 25 244 341 18 18 254 320 30 30 441 556 21 22 459 576 8 8 614 659 
12 16 18 1 104 1 1 2 6 27 27 48 172 10 26 53 165 17 24 54 137 2 3 68 85 20 24 149 243 6 12 223 263 17 28 353 451 8 15 359 417 15 15 449 523 2 10 642 665 
14 16 29 53 169 21 30 81 215 2 2 107 116 8 14 200 251 3 5 225 244 16 18 308 387 9 9 361 401 17 17 372 440 8 8 373 401 13 25 389 470 25 31 458 578 1 2 465 476 1 1 551 557 1 1 633 637 
