15 139
8 8 8 242 261 18 24 266 324 64 64 288 433 24 24 371 449 39 39 453 580 1 1 487 491 27 35 521 595 15 20 559 606 
10 10 16 2 46 6 6 52 70 12 24 148 231 46 47 256 362 28 28 391 450 3 3 396 404 12 14 397 430 59 59 438 561 18 44 458 554 44 44 462 541 
8 38 49 122 235 13 26 247 312 45 50 267 414 23 25 305 358 53 80 321 456 23 46 421 521 6 9 689 716 1 2 714 718 
13 9 10 33 59 44 45 58 180 5 8 81 96 1 1 104 109 11 29 149 215 32 32 257 333 8 18 265 313 15 15 284 319 6 7 297 315 5 7 376 393 30 30 416 475 33 33 573 693 4 4 689 700 
9 22 22 65 134 5 8 177 193 1 1 225 228 30 31 274 351 34 54 474 580 37 37 513 624 15 18 537 587 54 54 558 694 1 1 704 707 
9 10 10 53 75 17 17 189 226 14 15 193 229 23 33 331 397 3 3 376 385 42 42 387 503 31 39 449 562 56 56 496 602 15 15 634 671 
9 43 67 23 138 22 28 40 111 28 54 231 368 30 38 249 334 24 26 455 524 38 38 504 616 19 50 554 663 17 17 558 596 2 2 707 713 
7 35 35 61 164 21 31 353 428 48 68 419 551 40 51 436 549 55 63 447 594 10 14 519 560 4 5 720 732 
12 9 18 45 83 24 63 136 271 20 31 139 211 29 69 166 281 46 56 173 288 14 14 195 225 19 19 215 273 14 17 495 529 6 10 530 551 7 7 587 612 5 6 656 670 3 3 703 711 
8 9 10 20 55 33 53 65 192 25 37 217 301 35 35 231 305 39 49 462 569 41 41 470 565 37 37 589 700 5 6 717 730 
8 21 27 39 128 55 55 57 175 20 20 135 186 34 53 436 572 15 21 509 552 45 52 595 689 6 6 650 665 16 16 659 708 
10 3 7 83 98 56 91 101 246 24 28 111 168 37 46 165 281 21 21 215 283 2 2 264 270 9 10 275 301 22 22 379 423 13 13 420 451 15 18 643 691 
10 2 2 97 106 49 52 113 245 52 52 129 256 41 41 145 252 27 27 236 307 12 12 276 303 23 33 283 367 18 24 433 493 9 15 657 687 2 3 707 717 
10 6 6 62 78 26 36 99 179 43 43 168 309 21 22 179 220 31 53 283 416 18 18 387 433 15 30 402 454 23 27 461 508 18 33 570 631 10 10 686 711 
8 14 14 41 78 15 17 126 166 15 15 239 293 55 55 403 531 15 28 453 514 45 45 505 652 47 47 570 670 8 18 645 686 
