15 93
6 9 16 20 77 7 11 98 141 13 20 226 283 20 23 305 400 9 15 385 432 12 19 394 461 
5 15 32 195 290 5 10 264 296 2 4 381 397 29 31 394 514 14 14 511 576 
3 24 35 84 202 28 28 179 279 23 34 243 361 
7 11 11 77 129 25 28 172 277 27 30 205 295 9 14 228 278 1 3 232 251 10 18 424 483 3 8 552 581 
8 1 1 176 182 1 2 278 284 10 16 379 443 20 27 464 565 9 14 478 523 22 22 484 581 1 1 486 489 14 17 493 597 
4 24 24 120 208 24 26 131 238 17 21 283 364 1 1 349 356 
4 25 28 123 223 30 38 187 294 18 23 433 529 1 1 591 600 
11 5 14 53 131 1 1 285 295 10 31 288 380 14 24 299 387 5 14 306 346 11 20 386 453 1 1 440 444 11 25 442 526 3 5 530 554 2 7 564 590 3 7 566 588 
5 26 26 275 386 17 23 313 391 24 31 355 476 1 2 396 403 3 6 530 548 
6 21 35 106 226 19 19 121 189 5 8 198 228 10 13 274 319 6 11 281 332 12 24 380 464 
8 5 7 187 233 14 30 193 303 15 15 220 282 5 11 327 368 29 31 359 476 3 4 556 568 2 2 605 617 1 1 609 618 
6 9 22 78 161 30 30 214 332 10 22 252 335 17 28 380 458 1 1 614 619 1 1 615 620 
8 7 12 20 74 7 9 53 90 8 11 252 288 7 14 264 315 16 18 452 541 20 24 507 612 1 3 600 611 1 1 616 622 
5 10 12 100 145 14 25 273 350 23 23 326 439 31 31 458 572 1 1 604 611 
7 18 24 28 105 12 15 119 186 3 3 166 180 8 12 215 254 5 5 225 259 10 21 246 319 7 7 324 356 
