15 271
12 30 50 17 151 36 42 66 210 28 28 66 158 18 19 111 182 23 60 161 266 39 39 230 373 33 43 254 378 11 24 282 343 2 5 394 403 7 17 424 475 23 32 469 567 3 6 716 730 
23 16 17 71 136 16 36 120 192 14 21 131 187 17 37 141 237 10 16 176 214 13 22 196 243 19 36 234 333 30 68 234 378 2 3 235 248 1 6 258 269 11 19 296 358 5 8 300 324 9 18 314 360 15 24 344 389 24 64 473 619 9 29 477 542 9 24 479 556 4 5 497 513 2 4 537 552 17 26 556 633 1 1 609 615 10 26 652 727 1 1 697 704 
18 29 54 38 147 7 17 49 96 2 6 107 123 25 31 120 254 10 24 127 182 11 24 178 236 15 43 264 365 11 15 360 420 23 41 386 479 13 18 420 467 24 40 433 557 9 21 472 512 1 2 506 511 24 37 581 687 17 32 581 659 4 8 589 609 8 16 665 717 6 13 682 715 
16 32 32 36 141 16 37 58 154 7 27 71 126 17 36 131 209 13 20 164 239 17 37 204 281 21 48 283 418 13 31 355 423 8 25 366 420 1 3 377 385 10 22 379 458 34 59 458 597 10 28 486 536 12 48 586 681 34 55 596 719 16 51 601 705 
16 21 49 31 159 21 28 101 223 14 19 223 297 23 40 389 511 22 27 401 496 11 13 411 453 16 16 415 483 23 35 436 543 15 44 459 565 7 16 516 556 12 19 559 603 5 7 606 629 19 37 616 710 16 49 656 731 4 9 680 699 4 11 687 707 
13 5 36 18 90 17 46 26 124 17 57 51 167 17 48 142 264 28 75 280 412 17 29 329 410 4 14 405 429 28 72 470 606 9 18 496 542 24 26 513 600 39 54 518 662 29 34 533 660 10 22 655 717 
24 6 13 16 49 24 35 33 149 1 2 70 77 1 3 89 97 19 30 97 234 16 30 115 180 11 21 145 197 22 27 154 268 8 46 178 276 17 36 218 335 4 14 255 301 5 9 276 297 21 60 293 413 3 8 302 326 7 18 335 390 2 2 388 403 2 5 397 416 12 27 471 541 27 70 496 627 6 38 534 617 6 23 590 649 8 21 609 651 5 12 646 684 3 3 647 661 
19 6 8 21 49 7 20 58 98 3 14 100 135 25 29 193 333 22 43 194 335 12 34 195 251 22 51 277 401 2 5 325 338 5 10 327 357 27 36 337 455 13 20 373 423 12 33 500 579 13 49 520 634 9 30 522 612 8 17 555 613 23 45 625 725 1 1 626 629 3 7 629 649 17 36 641 703 
19 31 53 22 143 7 22 70 135 13 52 128 232 14 23 129 182 31 49 154 255 20 48 233 329 3 7 259 273 4 10 264 289 18 31 285 379 26 49 381 513 2 9 406 422 3 11 430 446 2 2 519 527 12 36 565 626 8 48 567 688 23 44 597 714 6 11 615 642 2 4 640 653 4 10 656 685 
19 13 44 20 151 22 25 65 165 25 39 198 335 28 76 199 342 17 42 201 339 19 28 243 306 1 3 276 284 4 25 405 456 17 25 459 524 9 21 464 505 24 38 483 612 11 22 571 632 19 49 577 712 11 42 582 669 1 5 632 647 1 1 676 681 5 12 678 699 4 10 706 730 3 4 709 724 
19 23 38 11 118 36 36 31 163 16 30 31 111 1 3 41 51 18 40 126 215 13 28 168 225 5 5 204 227 20 20 301 372 15 49 395 527 7 20 407 448 4 8 496 516 5 22 525 571 12 31 589 679 18 27 601 676 17 48 633 718 4 8 668 688 5 20 676 725 10 15 680 730 1 1 728 731 
19 28 40 19 125 9 18 96 140 17 44 128 237 30 35 148 265 12 21 153 204 27 34 195 325 9 13 273 306 2 5 296 307 3 13 417 452 5 24 480 530 25 43 491 630 15 26 502 564 2 7 503 519 30 75 567 696 4 5 640 658 10 22 653 704 1 2 664 672 1 1 719 723 1 1 725 729 
15 1 3 24 31 13 19 55 117 5 8 136 164 22 61 146 278 29 61 195 323 21 27 208 284 28 69 236 382 27 72 303 428 1 3 381 390 6 11 394 426 20 43 400 511 42 46 420 560 7 18 469 520 17 27 529 588 8 9 584 615 
23 1 3 66 75 6 18 72 112 33 42 75 200 4 10 75 105 2 5 117 131 20 47 196 316 1 1 200 205 8 13 206 247 12 30 253 359 24 26 262 385 2 4 269 280 13 16 336 398 7 32 349 430 15 29 355 416 14 35 420 496 8 26 424 464 18 42 430 526 7 17 463 502 17 34 496 576 15 39 619 686 6 11 675 708 2 5 676 686 2 3 718 729 
16 14 24 107 160 18 36 114 190 2 6 231 250 14 49 236 323 24 62 245 371 17 17 265 355 18 34 312 398 20 37 356 454 28 72 369 510 18 39 384 477 9 20 398 452 19 45 443 540 10 21 473 519 3 5 504 522 11 33 506 564 11 18 671 716 
