15 47
4 8 8 20 40 11 11 101 125 17 17 240 280 27 27 373 463 
4 28 39 163 250 20 27 221 303 14 15 274 308 8 10 558 582 
2 34 34 288 383 32 53 399 506 
2 41 75 134 253 34 34 414 492 
3 3 6 94 107 16 42 371 470 37 37 387 481 
3 12 12 5 38 40 40 239 334 6 7 363 386 
2 47 47 138 248 40 42 422 530 
3 38 38 181 273 13 13 288 317 29 29 348 422 
5 2 2 57 66 17 26 174 259 30 30 405 476 2 5 471 481 10 10 573 595 
2 22 22 127 174 42 42 422 528 
3 17 17 193 243 31 50 474 586 14 35 559 618 
2 37 59 203 319 19 19 404 453 
6 6 6 222 246 20 25 227 282 1 1 232 235 20 47 440 559 3 3 494 501 42 42 509 601 
2 19 31 305 372 37 39 327 423 
4 44 44 221 320 4 4 379 390 16 25 484 528 7 12 595 617 
