15 378
31 1 4 9 21 2 14 31 70 1 1 33 36 7 53 66 187 4 44 74 161 1 12 89 120 2 36 114 188 2 16 115 161 1 18 120 155 2 31 141 206 1 24 151 213 1 10 184 205 4 22 219 289 1 11 233 261 2 10 248 277 1 7 268 291 3 13 271 328 1 17 282 326 3 31 286 385 1 10 335 370 1 2 352 359 5 20 460 531 1 2 503 509 3 32 506 581 5 38 509 603 1 17 509 555 3 11 516 573 1 6 547 562 2 11 554 609 1 2 593 601 1 2 607 619 
25 1 17 16 56 4 40 128 247 2 17 136 192 2 19 158 214 1 2 178 184 4 35 211 284 1 7 228 241 2 19 274 319 1 45 289 361 5 25 292 387 6 40 306 409 4 34 326 446 5 35 366 482 4 43 370 470 5 21 372 456 5 37 392 498 1 2 428 435 1 1 463 468 2 29 475 553 1 15 505 540 3 31 526 607 1 13 534 566 1 4 540 552 1 1 585 589 1 2 614 619 
29 1 1 19 24 3 41 20 104 2 30 29 98 1 11 60 92 4 37 85 181 2 30 121 191 4 23 147 219 1 11 163 193 1 2 167 171 2 37 168 236 3 35 175 237 3 30 195 257 2 28 229 325 2 26 240 298 1 6 284 305 2 22 323 371 1 12 323 360 6 42 339 448 4 53 352 463 4 32 414 481 3 51 429 550 5 35 435 533 3 40 454 556 3 22 460 527 1 5 540 559 1 13 545 588 1 9 576 614 1 5 581 592 1 3 607 618 
25 4 51 140 257 1 13 142 178 5 25 160 252 1 4 161 180 4 49 230 341 3 25 236 318 2 31 242 300 1 4 244 271 3 32 246 309 2 19 303 340 1 41 306 378 2 20 315 363 7 45 318 412 3 30 323 395 4 55 336 451 1 26 367 411 2 17 381 432 4 45 388 470 6 41 423 536 1 15 452 489 1 10 461 481 2 32 493 557 1 13 546 572 2 14 574 610 1 1 615 619 
27 2 8 1 31 1 21 19 63 3 12 38 88 3 22 66 119 1 5 86 107 1 5 110 140 1 2 114 121 4 45 127 227 4 50 127 238 3 26 133 243 1 4 161 171 3 17 168 234 1 1 182 187 1 5 242 256 3 21 247 310 4 38 255 342 5 37 266 366 6 52 309 422 2 32 314 405 5 40 324 414 1 1 348 353 1 15 370 418 3 41 422 493 1 6 479 503 1 4 500 512 3 44 524 592 1 20 539 595 
27 4 29 6 80 1 9 6 32 4 27 58 125 1 7 129 148 2 8 142 171 1 5 170 185 1 8 196 231 3 34 200 287 1 6 227 248 3 31 269 346 5 23 270 367 1 14 276 311 2 14 280 325 4 51 283 391 2 22 310 368 1 3 323 332 1 12 367 397 2 14 457 500 4 57 466 560 1 17 481 528 6 30 508 603 2 22 519 565 1 8 525 557 5 35 529 618 4 23 553 610 1 10 575 611 1 9 596 610 
24 1 9 20 59 3 51 23 144 4 19 25 77 4 56 41 155 1 9 64 88 5 29 80 186 1 3 86 103 3 42 106 186 2 32 119 222 2 23 129 196 3 20 156 233 1 10 247 269 3 37 252 343 5 47 312 421 8 56 332 437 1 4 366 376 4 20 375 442 1 6 404 442 3 33 440 511 1 19 444 476 2 22 453 501 1 16 498 527 3 22 525 585 1 3 577 588 
25 1 25 8 53 1 6 77 89 5 20 82 170 6 45 110 219 3 28 191 248 1 3 237 247 3 27 264 349 6 51 276 385 1 11 289 320 3 12 289 342 1 11 299 317 4 35 324 410 1 7 335 349 3 30 355 427 2 23 447 515 3 26 464 519 7 29 471 593 3 22 475 568 1 12 475 500 3 22 498 548 1 16 539 580 1 3 557 570 1 8 591 614 1 6 595 619 1 1 598 602 
21 2 20 14 69 3 19 32 97 2 38 140 230 2 16 152 191 2 19 156 215 7 44 245 345 1 5 255 291 2 18 303 353 2 18 319 365 2 19 327 369 3 25 345 406 2 26 347 434 4 35 352 452 6 28 356 441 5 44 368 483 5 30 404 495 1 12 449 470 6 50 459 550 5 17 534 608 1 7 551 574 1 3 570 581 
20 4 28 13 89 6 14 39 119 6 29 48 150 1 2 51 55 3 15 59 138 6 42 61 166 6 41 85 205 1 13 91 133 1 7 101 121 2 19 110 158 4 38 149 233 1 13 164 189 5 28 181 273 6 36 190 283 5 14 281 351 1 6 310 321 1 8 330 350 4 23 396 457 1 16 424 459 1 3 608 614 
24 1 23 6 62 7 26 8 124 2 23 27 105 1 1 32 36 4 34 198 299 1 16 215 259 4 39 225 324 1 27 264 312 5 30 274 382 1 18 281 312 4 24 282 363 5 51 282 384 5 42 320 417 4 18 355 429 2 20 382 423 2 16 433 484 1 7 447 463 6 45 450 546 4 22 468 552 1 16 508 540 1 3 523 535 2 9 533 570 1 11 535 558 1 16 585 618 
27 2 23 96 153 1 4 110 125 6 49 115 224 1 7 137 158 2 10 145 182 3 22 158 234 3 58 173 285 1 12 281 322 2 17 288 323 7 43 291 402 1 10 313 338 1 6 330 345 4 47 343 444 5 35 344 437 1 8 348 370 4 46 394 489 3 24 404 495 3 19 416 463 2 13 440 480 1 20 533 572 1 3 534 548 3 36 537 615 1 8 543 562 2 11 573 606 1 1 587 596 1 3 608 615 1 1 616 619 
24 5 35 31 132 1 16 82 115 1 8 90 108 4 24 106 191 3 26 123 188 2 17 124 171 5 51 195 286 4 47 216 301 1 7 220 245 3 27 271 361 1 1 352 359 2 23 359 406 3 67 393 511 2 20 427 479 7 47 435 555 2 21 484 545 4 38 485 567 1 3 495 516 5 28 512 612 4 39 517 575 1 27 535 601 1 2 567 576 1 3 599 616 1 1 616 619 
27 4 39 0 109 5 36 0 116 1 1 3 9 1 9 18 39 4 51 63 183 1 10 84 113 5 49 109 221 1 7 115 138 1 14 127 163 3 45 138 222 3 22 140 205 1 11 156 180 4 42 167 280 4 41 169 251 2 11 171 208 3 24 212 263 1 13 214 258 4 45 353 440 2 24 380 434 1 11 393 418 1 7 464 493 5 27 464 547 1 3 469 475 2 5 484 535 1 1 493 496 1 1 549 553 1 7 562 591 
22 4 15 68 127 2 26 76 126 1 9 87 108 2 20 91 125 6 42 98 204 3 40 109 194 1 20 122 166 2 33 167 248 5 17 169 274 3 29 202 276 4 35 212 320 4 30 278 354 4 44 278 354 3 50 287 396 2 15 410 453 3 34 415 518 6 36 422 499 1 31 470 556 3 12 504 558 2 17 547 607 1 1 568 571 1 4 577 589 
