15 275
16 10 10 8 57 4 9 19 55 16 19 20 94 6 8 83 116 25 25 120 210 17 17 229 356 18 23 252 347 20 22 340 442 6 6 375 398 10 19 495 553 31 36 581 725 22 22 584 666 2 2 613 624 6 16 613 665 20 20 620 695 4 6 638 663 
18 17 21 18 86 16 44 88 195 7 19 140 229 8 11 343 385 19 25 369 476 18 19 381 475 11 39 383 494 18 18 396 514 4 6 402 428 25 25 404 501 31 36 453 584 4 9 502 553 18 22 536 631 4 8 574 608 16 22 628 700 1 1 645 653 1 2 678 686 2 2 715 727 
16 8 9 9 51 5 6 50 75 2 2 117 128 18 18 119 212 18 18 246 321 25 25 287 370 20 32 294 432 11 15 311 364 25 25 345 434 31 31 366 485 32 32 392 518 7 16 411 474 5 8 419 442 5 6 603 642 6 7 694 721 1 3 712 726 
20 18 33 24 147 4 5 38 59 4 4 67 88 7 11 70 119 12 25 91 151 1 1 151 158 41 41 206 343 32 32 313 440 7 9 347 442 10 26 376 476 5 6 399 425 11 15 431 485 39 44 455 569 6 6 529 556 9 18 641 719 3 3 652 665 5 5 678 707 7 8 685 717 5 5 702 722 1 3 704 717 
20 18 19 71 139 15 15 98 158 12 21 192 269 1 1 195 201 23 24 253 355 2 3 259 270 5 7 266 291 11 11 281 328 6 6 325 357 24 24 381 483 15 29 390 483 10 14 419 475 23 25 425 519 9 9 461 501 11 14 466 510 13 26 490 556 2 2 546 557 10 12 559 617 1 1 597 603 4 7 709 731 
17 8 19 33 107 1 1 68 71 26 28 93 222 26 26 198 313 15 34 297 393 1 1 339 350 16 22 344 453 10 14 428 489 22 22 451 549 31 35 454 575 12 12 523 604 18 26 558 668 7 13 561 605 12 16 578 638 10 17 607 672 3 3 615 630 3 3 717 729 
20 16 20 19 121 20 28 102 192 1 1 109 117 10 12 117 171 12 22 130 195 12 20 142 211 14 20 230 316 23 32 290 415 22 31 298 405 10 17 316 379 7 7 328 372 14 20 341 409 8 9 429 462 16 16 486 554 2 3 501 524 1 1 538 543 19 19 574 667 4 9 644 671 1 1 689 698 1 1 709 717 
14 2 3 122 136 7 7 200 221 7 27 253 373 9 17 320 384 18 20 337 420 13 17 406 458 20 28 481 583 22 37 489 620 22 22 492 580 17 20 493 564 37 37 516 631 11 11 553 606 23 23 600 717 4 4 645 663 
18 17 18 153 240 4 4 154 173 25 42 211 347 10 15 255 321 19 26 291 368 13 18 301 377 12 12 358 414 16 16 362 431 14 14 419 483 20 27 466 559 15 34 510 653 32 39 546 679 19 21 555 636 6 10 563 593 1 2 620 631 10 11 652 698 8 9 669 731 1 1 723 726 
22 3 6 47 64 16 17 116 169 16 24 133 206 1 1 138 143 17 25 205 287 13 14 213 288 5 6 219 249 2 5 258 278 21 31 308 425 9 16 371 435 4 9 429 456 11 12 480 529 18 19 481 557 6 11 526 562 22 26 547 670 1 1 569 583 1 1 605 612 13 15 610 710 2 6 628 651 20 28 635 731 9 10 673 725 5 7 686 708 
13 28 28 50 193 33 36 60 190 21 31 216 336 35 35 268 409 10 29 345 445 11 12 402 452 21 36 537 646 30 30 540 677 1 1 551 559 12 33 597 719 9 9 601 661 11 20 620 716 1 2 648 658 
15 13 15 10 78 8 11 25 68 4 6 37 60 36 36 49 186 5 19 93 174 38 38 140 268 17 17 235 329 13 16 276 380 21 21 417 503 20 29 425 536 4 10 530 555 14 21 534 629 20 33 587 722 10 10 615 653 5 6 701 725 
23 10 10 40 86 11 35 43 146 12 12 134 181 7 13 139 180 15 22 163 254 12 21 184 251 1 1 212 219 10 10 269 313 18 18 298 436 11 11 324 371 13 13 325 388 4 6 351 377 5 7 531 562 10 10 536 587 5 8 550 575 13 18 565 637 29 35 599 713 4 16 627 667 4 7 636 662 5 5 649 676 6 8 688 719 6 6 694 728 1 2 708 715 
22 5 10 7 46 14 37 62 208 5 8 101 140 14 19 156 224 2 2 254 269 4 6 258 280 1 1 260 264 14 22 265 347 9 13 283 333 10 11 355 403 7 7 438 470 22 34 455 580 21 21 462 528 1 4 510 524 30 36 517 644 18 18 543 617 17 23 590 695 16 24 617 684 4 9 637 676 5 10 657 690 4 10 679 731 1 3 706 718 
21 1 2 22 29 6 22 30 87 3 6 40 78 8 13 86 130 25 27 213 326 6 6 213 236 15 18 219 287 8 11 303 339 23 36 403 540 5 7 409 447 19 46 431 555 37 37 516 653 1 1 520 524 2 2 524 534 22 22 577 665 16 17 636 694 6 9 645 695 9 11 657 695 4 4 669 685 6 7 670 711 1 1 673 680 
