15 80
4 28 28 1 99 21 36 94 203 14 21 425 548 11 17 433 496 
6 16 32 51 147 7 11 228 269 12 22 239 340 12 19 363 462 5 5 443 470 8 8 478 510 
9 10 23 120 220 8 12 122 162 3 4 234 247 4 5 241 268 10 21 353 410 4 4 355 374 18 18 383 454 8 8 423 456 4 4 513 535 
5 22 29 257 356 16 19 342 419 14 21 419 519 2 3 534 550 11 17 551 603 
4 18 22 56 165 5 7 416 439 26 27 498 617 11 20 521 596 
5 18 18 32 119 15 19 124 207 12 14 449 504 10 13 503 545 12 16 546 613 
6 4 4 19 43 10 14 20 77 5 9 266 312 29 29 286 396 9 21 353 434 8 8 579 619 
6 15 16 137 205 19 30 277 380 15 24 420 506 13 28 451 552 3 3 474 488 5 9 500 542 
5 5 10 64 94 11 15 76 133 18 18 328 416 16 21 537 606 7 11 551 587 
6 10 21 53 126 14 15 90 147 1 1 232 236 9 9 302 340 18 24 477 573 8 14 564 614 
5 12 20 155 235 15 15 192 261 11 11 200 258 20 32 447 563 5 5 542 567 
4 31 31 58 164 15 15 118 175 3 4 343 360 9 19 487 543 
4 13 13 152 207 19 23 165 263 14 16 188 255 14 20 387 460 
6 21 39 72 188 17 17 154 226 9 13 374 428 1 1 404 410 3 5 529 553 15 15 558 608 
5 7 16 191 244 24 37 362 473 16 16 411 476 7 12 505 557 9 12 530 576 
