15 718
48 5 21 37 118 1 6 58 79 1 10 62 88 7 39 118 246 1 4 123 134 5 61 128 252 1 5 140 171 2 15 145 190 2 10 150 187 1 2 154 162 1 13 157 188 7 79 159 294 5 80 170 292 1 7 173 197 4 55 185 282 1 9 196 220 2 22 228 285 5 72 239 372 4 40 259 341 2 13 269 315 3 51 326 432 6 49 331 439 5 48 333 459 1 15 361 397 3 15 369 429 2 21 369 432 9 76 385 512 3 9 387 453 1 15 391 428 4 11 399 487 2 34 419 517 1 6 439 459 3 20 445 514 1 7 462 476 3 35 468 540 6 36 469 568 2 21 472 524 4 57 502 606 1 2 513 522 4 48 547 655 2 17 551 588 1 1 579 583 2 24 599 661 1 2 604 608 2 27 617 675 1 11 630 673 1 2 662 670 1 2 665 673 
52 1 2 12 20 3 19 15 72 7 50 22 148 4 50 35 155 5 43 42 177 1 9 49 76 1 31 65 113 1 10 91 123 4 22 99 192 4 27 102 173 4 19 119 208 1 8 134 163 1 4 140 154 3 44 151 232 1 24 175 228 3 27 184 241 5 46 204 311 8 44 206 325 1 8 209 229 3 53 231 353 1 9 241 271 5 21 262 339 1 10 285 312 4 50 324 414 1 18 332 376 3 18 367 425 2 15 408 446 7 56 420 544 2 30 424 471 2 28 433 483 2 24 441 537 5 42 462 560 1 20 499 549 1 22 506 550 6 34 516 616 4 38 518 610 1 10 528 568 5 22 546 621 1 15 567 614 1 7 572 600 1 7 585 620 1 13 587 610 3 16 590 642 3 17 594 660 3 14 602 650 2 20 603 643 1 17 627 660 1 5 629 638 1 2 635 639 1 2 647 656 1 1 670 673 1 2 671 675 
46 3 13 18 103 5 72 24 152 6 45 26 144 1 39 27 112 1 1 33 39 1 6 33 49 2 51 49 170 3 37 105 222 4 35 125 207 4 48 143 227 1 11 175 211 6 50 180 292 1 1 219 225 6 47 228 347 7 58 273 386 1 16 273 309 3 21 304 355 2 22 310 349 1 2 332 340 2 22 362 408 5 27 387 490 1 21 398 435 1 10 416 431 2 41 418 506 1 55 453 563 7 50 457 587 4 33 459 533 5 52 459 557 1 17 475 508 3 23 481 545 1 16 486 519 8 33 490 618 5 32 496 575 4 22 506 582 1 19 507 565 3 32 513 583 1 4 522 534 5 49 535 650 5 45 566 663 2 12 572 630 2 16 584 636 1 5 591 624 2 18 615 655 1 1 616 619 1 8 634 661 1 4 655 667 
40 6 38 18 129 5 42 18 115 1 8 82 108 4 32 116 190 2 28 124 177 1 15 153 191 5 46 174 282 1 9 175 195 6 39 188 303 1 2 207 213 1 17 219 258 1 3 247 261 1 4 249 261 5 52 258 373 6 53 288 407 4 32 291 410 2 22 296 359 7 25 298 403 4 53 308 432 3 41 311 404 2 20 318 357 6 57 319 450 1 4 332 339 4 26 337 394 3 25 366 434 2 11 401 439 2 13 416 467 5 45 425 522 2 25 455 515 1 11 458 494 6 51 478 597 5 57 480 603 5 43 494 580 6 38 529 631 5 25 550 658 5 62 570 673 2 17 583 625 1 13 583 614 3 38 585 672 1 5 608 624 
48 5 43 17 102 3 35 59 155 1 1 75 83 1 12 77 102 5 46 103 190 4 43 109 204 6 57 110 215 7 52 127 257 1 18 158 189 1 14 160 199 6 50 211 346 3 28 220 300 3 55 234 351 1 5 262 273 4 31 311 397 2 10 321 374 5 46 321 451 2 10 337 377 6 28 337 427 3 27 349 448 6 24 352 476 5 42 367 464 1 8 377 404 2 27 387 436 3 40 389 475 2 20 425 476 4 19 426 497 8 73 440 564 3 44 448 544 1 3 458 470 1 15 461 496 1 10 461 478 4 50 488 599 4 38 522 620 4 23 524 612 2 15 532 578 1 7 536 552 4 53 550 648 1 10 560 582 1 12 568 604 1 9 604 631 3 12 609 663 1 2 611 618 2 12 617 675 1 3 644 651 1 6 646 669 1 4 653 664 1 3 653 665 
51 5 44 1 118 3 12 13 65 4 51 27 121 4 43 60 161 4 52 91 225 1 7 98 135 1 18 119 171 1 10 120 149 3 31 124 197 3 18 124 188 1 16 130 166 3 29 136 199 8 44 174 285 6 50 179 290 1 2 180 188 2 15 215 253 3 36 220 322 5 45 226 332 2 19 236 282 4 45 251 351 4 41 278 385 2 28 307 389 2 9 321 359 3 33 336 415 1 18 342 373 1 21 344 396 1 16 348 390 1 13 358 387 1 8 370 383 2 14 376 416 4 20 377 448 4 48 401 483 3 19 402 468 8 53 405 530 4 32 448 554 1 11 448 479 1 16 450 482 1 8 478 505 1 2 505 510 2 31 505 575 4 30 551 630 2 28 554 623 2 23 556 614 1 9 560 588 4 28 567 658 2 25 587 636 3 24 597 649 1 10 603 634 1 19 613 649 1 11 636 665 1 3 654 662 
50 4 28 22 114 1 15 29 64 1 11 33 62 2 29 46 119 1 12 50 82 1 3 53 61 8 58 79 211 5 27 86 184 1 6 97 116 3 28 110 194 5 48 111 237 2 28 123 192 6 55 155 266 3 24 172 242 1 3 186 194 3 21 189 241 5 33 244 345 3 24 251 323 1 9 270 299 2 37 275 338 2 12 282 336 5 27 293 363 1 21 301 335 7 42 304 413 1 20 334 381 4 27 346 412 6 48 363 486 1 16 368 405 3 56 375 472 1 18 392 427 1 4 399 416 2 25 399 470 6 43 409 533 1 11 414 442 1 2 434 447 3 42 516 603 4 26 522 630 6 38 547 642 7 34 556 665 2 33 557 622 4 40 581 659 1 10 591 628 2 27 601 664 1 6 612 631 1 5 613 632 1 4 640 662 1 7 645 662 1 6 659 675 1 4 663 671 1 1 671 675 
45 1 11 8 36 1 28 9 68 1 9 30 55 4 37 35 140 5 45 60 163 2 33 62 129 5 43 83 211 5 43 86 218 2 36 130 197 6 51 163 281 4 29 179 261 3 35 184 277 2 20 209 249 1 15 220 257 1 8 232 253 1 5 248 276 1 7 269 297 6 64 303 426 8 36 313 437 1 4 315 333 6 44 316 436 2 24 320 364 3 30 343 411 2 16 354 390 6 48 372 496 5 32 373 475 1 10 376 404 1 13 399 428 6 36 437 521 4 55 438 522 6 45 442 576 5 47 457 571 8 48 459 573 5 46 468 559 1 11 475 501 1 16 520 565 1 3 544 552 1 13 544 577 1 19 559 593 2 19 587 641 2 10 589 622 1 17 627 663 1 3 649 659 1 3 662 669 1 5 663 675 
50 1 3 3 10 2 21 15 62 9 38 27 156 1 2 74 81 1 20 75 116 2 26 110 168 1 10 110 145 1 3 123 131 1 11 139 183 5 33 149 239 1 7 155 171 1 8 165 191 1 6 196 222 7 26 198 319 1 3 239 250 1 1 241 245 4 38 248 306 1 5 296 311 4 39 304 387 1 9 331 347 1 5 334 346 1 4 334 347 4 28 342 416 3 23 368 438 1 2 370 380 4 31 397 504 2 24 397 446 6 50 404 524 2 18 410 453 3 44 416 520 4 66 426 536 1 2 447 453 3 25 449 524 5 37 463 565 5 42 484 597 7 35 485 603 3 49 498 585 5 44 510 643 2 10 516 554 2 17 521 565 5 44 524 625 1 12 546 583 6 33 548 650 3 31 553 622 3 31 553 637 1 11 588 614 1 1 621 624 2 22 629 675 1 7 643 657 1 8 653 671 
50 3 18 19 82 3 41 21 107 1 14 24 58 2 17 25 70 2 20 27 76 4 34 43 132 1 3 66 79 1 9 98 131 4 40 139 230 4 33 139 233 4 35 140 222 1 2 146 155 1 3 160 169 1 5 175 191 5 45 177 270 9 50 184 291 1 3 196 206 1 10 209 226 3 28 223 300 6 59 230 364 1 11 237 264 4 42 256 340 1 5 274 285 2 36 318 398 5 55 327 432 4 26 333 421 3 25 340 417 1 4 380 395 3 39 399 509 5 42 407 525 7 38 413 545 3 52 422 511 8 64 427 555 1 4 432 443 2 21 504 570 3 48 506 625 6 43 506 622 1 11 518 565 1 8 560 586 3 24 573 668 1 5 579 603 3 28 580 640 1 9 581 612 2 15 603 640 1 15 606 638 1 13 613 647 1 16 633 670 1 15 648 673 1 3 652 662 1 1 672 675 
40 9 61 39 160 5 15 68 192 3 22 81 146 5 36 104 201 2 26 139 184 4 34 140 229 6 72 167 295 5 56 169 281 1 20 193 269 5 37 196 295 1 9 202 221 6 36 235 342 2 28 247 309 3 31 254 359 5 36 256 342 6 32 264 369 3 18 265 318 4 31 266 368 1 17 309 351 5 69 318 428 2 21 351 419 4 46 375 467 2 13 387 439 1 10 390 410 6 19 414 516 2 18 415 455 3 26 457 514 1 8 461 484 5 49 465 577 3 38 508 604 5 60 509 641 1 7 510 524 4 27 519 614 2 12 519 566 3 29 557 627 2 23 586 641 3 26 587 671 1 9 606 629 1 3 663 675 1 1 663 666 
49 7 39 0 117 4 41 21 109 2 32 28 116 1 3 37 46 1 8 43 77 4 22 74 134 1 9 111 132 1 16 135 178 3 23 136 214 1 21 192 226 3 31 213 286 2 25 229 306 3 42 244 337 4 23 250 357 6 33 268 390 1 5 295 314 5 23 317 417 1 8 346 366 1 3 355 363 2 12 361 391 1 1 362 365 9 51 368 497 1 16 379 416 1 1 388 391 7 49 401 514 1 18 401 449 3 37 406 475 1 3 425 436 4 49 433 560 6 51 447 549 1 3 464 476 4 35 467 574 3 23 469 532 3 42 504 589 3 16 505 581 1 5 515 534 3 36 515 601 1 11 521 550 7 40 524 641 1 6 528 549 3 15 539 587 5 47 545 657 1 1 556 559 3 28 556 636 3 28 560 621 1 12 607 634 1 2 608 613 1 9 622 640 1 2 640 647 
50 4 29 40 102 1 2 77 83 1 28 81 120 5 52 81 173 4 39 139 245 1 4 149 159 2 23 149 212 4 37 154 245 2 11 166 215 1 10 170 201 4 32 171 250 3 27 179 245 4 26 186 258 4 40 192 294 1 9 192 227 4 40 207 310 1 7 209 224 9 53 216 344 4 26 220 338 1 13 233 269 1 4 261 269 3 38 266 352 6 28 283 377 3 25 285 364 7 37 337 433 6 76 350 481 4 50 360 493 1 2 369 378 1 26 393 461 2 16 405 447 5 36 406 512 2 14 414 451 3 22 420 476 1 13 431 453 4 34 461 539 2 20 474 525 3 21 479 543 2 16 490 540 3 24 502 562 2 31 516 581 1 2 530 539 1 3 532 548 1 4 547 555 3 27 584 661 1 7 605 636 1 1 618 622 1 18 627 669 1 18 640 673 1 3 664 674 1 1 668 672 
51 1 15 1 30 6 40 7 137 2 47 18 90 1 7 36 56 5 35 90 192 3 45 104 197 5 38 111 205 7 56 130 257 2 28 146 216 5 44 160 280 3 27 163 242 1 24 166 231 1 20 167 235 4 32 189 278 1 9 190 215 1 23 206 295 2 15 218 273 4 46 227 336 1 4 231 240 1 6 234 254 1 17 237 293 1 4 276 291 1 31 281 335 1 2 292 300 1 20 298 341 9 56 318 429 8 41 350 462 1 9 363 388 5 54 377 498 3 47 398 515 2 20 420 468 2 12 436 468 1 13 438 463 1 14 466 503 1 7 476 497 3 34 480 546 4 40 487 598 4 27 493 563 3 69 505 629 6 38 507 606 2 14 511 547 1 6 517 529 1 16 518 555 1 11 548 577 2 20 586 628 5 22 587 667 3 29 593 653 1 13 596 627 1 12 605 640 1 4 619 635 1 3 656 667 
48 4 33 22 92 4 39 32 123 1 16 32 77 3 25 52 118 8 43 53 164 5 21 80 191 1 4 88 105 5 59 89 191 2 12 96 135 1 6 122 135 1 11 132 157 2 13 137 197 8 44 142 271 1 9 163 180 1 3 188 198 5 46 194 320 1 1 199 205 3 18 202 250 2 42 210 316 1 9 213 235 1 10 226 259 8 44 244 365 1 10 248 278 4 45 257 358 7 29 258 358 5 60 259 377 4 21 279 358 7 27 288 422 2 19 303 354 1 23 319 362 2 20 341 399 6 51 366 472 3 15 369 429 2 16 372 413 1 4 389 401 1 13 403 434 1 28 415 490 2 25 454 513 3 26 456 534 1 2 469 480 3 34 501 587 1 9 515 540 3 20 552 632 3 32 568 659 2 20 612 657 1 1 621 628 1 3 658 669 1 1 664 671 
