15 89
6 17 17 113 169 6 6 174 191 19 19 289 334 35 36 425 517 29 52 465 567 24 38 510 601 
4 27 46 5 84 29 36 77 154 43 43 386 497 42 58 395 527 
7 31 33 310 416 52 55 370 502 23 63 371 500 22 35 389 470 29 43 464 547 9 9 552 588 1 1 672 675 
4 42 59 18 123 46 46 177 281 22 28 343 398 49 57 509 635 
8 10 23 28 64 37 56 109 227 40 46 147 245 2 2 205 211 12 12 349 395 35 40 431 537 6 6 455 473 1 2 566 572 
5 17 17 118 158 39 40 366 447 28 29 433 513 33 53 497 583 27 27 606 671 
8 22 41 286 369 20 25 305 374 40 48 305 405 2 4 342 353 7 28 353 415 6 17 395 436 46 46 522 624 3 3 653 664 
6 37 44 14 125 61 61 53 183 12 12 265 308 37 37 440 572 12 16 526 571 3 6 597 621 
4 41 43 141 242 22 22 155 219 33 38 329 413 38 38 403 495 
7 19 27 232 290 5 8 345 365 24 27 370 433 50 51 444 578 30 37 575 656 19 27 612 673 2 3 668 674 
6 50 54 9 140 23 35 173 235 25 25 200 250 14 24 263 314 24 24 307 369 2 5 653 668 
6 4 7 35 54 4 7 125 145 7 8 155 172 51 69 313 433 45 45 545 642 19 23 594 656 
5 22 22 66 123 10 10 197 231 31 50 327 434 60 60 464 598 3 3 659 670 
5 22 29 4 64 28 47 235 358 24 51 353 447 37 38 414 488 32 59 415 512 
8 28 38 203 326 56 56 216 344 10 11 264 297 5 5 306 320 6 10 382 404 14 14 447 493 13 13 593 624 4 4 652 662 
