15 164
9 29 72 126 261 1 1 127 132 26 38 151 259 6 16 172 219 15 19 309 363 25 29 314 404 4 11 386 410 18 19 502 607 15 19 591 662 
19 6 12 12 51 19 35 27 117 4 8 88 114 1 2 96 100 10 40 183 273 4 4 198 215 10 32 223 288 4 4 247 263 10 24 256 300 6 11 319 344 10 18 381 419 6 13 414 451 7 11 488 533 3 4 500 512 6 15 569 606 1 1 571 574 4 16 581 610 6 10 600 622 2 6 641 658 
9 12 14 133 193 24 24 147 261 28 49 170 294 26 46 335 443 2 6 379 393 4 11 385 412 2 6 430 447 19 22 528 588 2 4 621 634 
11 9 26 21 91 19 52 56 149 21 31 68 169 20 49 282 366 6 14 288 323 5 10 338 363 31 82 433 568 2 4 559 574 4 26 572 638 4 8 594 625 6 16 614 649 
7 21 45 10 122 27 50 40 150 23 43 185 279 13 21 198 265 23 41 514 611 8 21 559 609 5 8 589 613 
9 25 34 3 115 24 32 15 111 33 51 281 396 19 41 309 441 4 12 367 393 4 19 438 478 28 54 457 587 1 1 561 567 5 13 614 649 
13 4 13 1 28 21 54 26 134 22 46 57 183 4 7 144 161 8 11 246 279 1 1 268 271 14 34 270 380 12 17 307 364 14 33 358 421 10 13 426 465 3 4 478 494 2 10 634 661 2 2 639 646 
12 1 1 67 72 15 34 114 180 15 24 153 214 9 13 290 355 13 50 303 404 11 23 450 525 19 26 474 574 19 34 509 605 7 16 628 664 7 10 629 666 3 5 638 657 1 3 663 671 
12 10 18 16 93 10 18 110 160 7 13 132 175 5 8 181 212 18 24 226 350 14 56 275 388 18 30 289 385 1 1 293 296 1 3 309 317 22 44 396 525 13 23 411 460 10 19 605 643 
16 8 25 16 76 5 25 82 150 12 42 94 189 13 25 96 165 8 14 114 167 16 44 159 253 4 11 198 233 5 8 220 249 1 8 333 353 1 1 441 447 10 22 443 489 17 43 456 548 16 34 555 651 1 1 612 617 1 1 637 643 3 12 642 663 
8 22 31 40 159 23 27 91 174 7 14 123 154 34 34 291 401 18 38 491 567 1 2 514 519 19 22 515 587 10 30 557 611 
9 25 26 45 136 3 4 64 82 9 12 123 155 25 50 133 222 15 42 151 240 14 35 180 260 11 28 322 382 21 21 606 670 1 6 607 619 
10 13 34 43 125 23 52 62 191 12 41 204 295 9 23 247 311 22 42 394 516 4 10 404 441 17 20 434 528 9 30 575 640 5 7 585 613 7 11 608 634 
11 22 22 60 147 1 1 61 65 11 25 125 205 11 29 132 203 7 9 134 169 12 28 171 231 1 3 186 194 21 62 274 397 10 38 466 559 21 58 525 655 5 11 564 586 
9 11 13 63 111 22 67 213 314 3 6 247 266 27 50 293 422 24 30 318 423 14 30 347 415 27 31 435 526 3 8 548 572 1 2 640 645 
