15 126
11 11 11 16 54 31 43 67 198 19 19 77 122 4 4 275 287 49 50 316 456 20 51 391 507 37 82 458 598 20 55 527 619 13 14 642 685 5 5 650 667 1 2 724 731 
6 31 43 121 204 25 29 156 246 56 56 373 502 31 45 444 559 41 56 503 637 33 58 555 662 
9 46 48 56 163 59 59 64 206 1 2 89 93 29 38 91 168 8 9 92 116 45 52 155 292 25 45 200 279 21 47 439 537 1 1 718 722 
10 9 9 20 45 4 18 98 130 70 70 244 388 28 28 262 324 7 9 266 289 18 23 289 335 27 39 304 422 21 21 328 385 21 31 579 671 16 22 633 682 
7 35 43 94 203 28 50 170 271 53 53 275 396 47 64 484 626 28 32 506 595 23 28 591 668 16 20 665 719 
8 12 31 38 99 4 7 45 66 58 58 139 270 65 65 293 423 29 37 537 617 33 48 587 711 15 15 669 700 13 22 680 717 
10 38 51 375 494 34 34 435 532 34 66 445 582 18 29 512 587 44 44 560 666 10 10 657 684 14 15 673 714 16 22 678 721 3 3 714 726 5 9 714 731 
7 21 21 65 115 53 53 74 220 46 46 118 227 32 33 130 214 34 34 159 242 23 40 214 329 4 6 671 683 
8 59 77 218 358 6 10 257 283 53 53 310 454 37 54 407 532 8 11 438 460 17 17 444 480 30 39 501 582 35 35 560 655 
8 39 53 150 271 23 29 152 222 28 28 315 384 32 45 396 496 30 30 404 473 21 27 430 501 41 41 492 583 2 2 715 722 
10 41 41 21 139 18 18 137 186 6 13 142 167 15 26 355 405 39 63 411 552 5 6 464 477 43 43 477 605 28 31 492 564 8 9 692 725 12 14 692 715 
8 17 23 81 132 33 33 96 188 44 50 135 240 39 41 313 431 13 13 316 348 29 63 452 588 37 37 494 576 22 23 511 583 
10 41 52 117 228 15 17 145 213 3 3 201 213 37 39 213 291 9 17 399 436 38 38 402 478 41 59 404 544 6 7 645 668 12 14 653 683 15 35 665 725 
5 50 72 91 237 46 52 173 296 46 46 325 459 5 7 343 357 65 65 594 720 
9 6 6 49 71 8 10 69 91 71 71 86 225 24 42 137 232 34 34 229 321 29 29 282 366 3 15 298 328 44 44 319 451 8 11 524 546 
