15 77
6 13 18 114 171 7 13 229 263 13 27 274 363 20 51 352 450 3 6 396 409 2 3 524 534 
6 24 46 48 149 1 3 203 210 15 32 380 467 27 43 493 611 6 7 565 594 1 2 606 613 
3 16 34 174 286 21 31 272 355 24 33 494 591 
5 24 47 81 186 1 3 191 197 17 34 241 332 11 26 387 463 17 39 523 598 
4 21 50 259 379 21 39 348 424 9 12 474 507 10 22 512 578 
6 20 27 111 202 6 12 342 378 1 11 410 430 23 52 456 563 22 33 460 574 7 12 579 606 
4 21 32 220 316 21 49 263 365 15 31 320 388 2 6 561 577 
5 9 14 238 273 2 5 261 279 16 23 369 454 22 48 395 491 14 35 512 576 
3 27 37 2 112 12 35 134 217 22 40 399 519 
4 8 35 190 275 22 30 208 286 25 37 280 395 26 51 419 531 
5 11 26 70 122 13 29 107 194 6 9 124 154 20 29 457 543 9 20 544 584 
5 17 30 29 105 10 13 210 244 4 8 253 271 22 42 363 474 7 9 534 568 
8 3 7 146 168 3 5 226 240 10 34 354 414 1 1 414 418 3 8 434 464 21 45 497 609 7 10 530 558 11 25 540 606 
5 13 32 207 291 14 22 238 295 16 45 299 411 5 11 414 444 13 25 540 603 
8 7 17 39 80 6 6 156 189 6 12 266 302 13 35 286 365 6 10 403 436 17 27 411 524 7 16 501 535 7 28 537 587 
