15 176
13 9 15 50 100 6 6 132 156 11 22 209 279 5 5 304 322 29 29 388 495 30 39 414 549 2 3 416 425 1 3 418 429 20 22 439 517 8 11 446 492 12 23 463 545 8 8 559 597 7 8 631 662 
16 2 4 8 23 13 27 11 105 1 1 68 71 4 7 76 102 16 21 115 197 18 36 157 278 3 4 234 251 3 4 333 351 27 29 354 471 27 28 426 529 1 1 452 458 6 9 516 558 2 2 581 589 7 7 617 653 1 1 629 635 1 2 661 668 
9 22 22 28 111 8 8 102 137 16 30 174 263 24 25 345 449 1 3 404 413 16 16 427 483 7 17 428 519 20 20 515 644 13 22 571 657 
11 10 13 246 303 5 8 410 446 4 6 437 463 16 16 454 536 12 15 462 520 18 24 465 541 4 10 478 522 16 24 497 575 15 28 499 582 25 25 541 637 2 2 560 568 
14 31 33 47 181 1 3 54 67 4 7 207 236 5 25 271 343 10 10 295 335 23 45 319 448 10 11 331 372 21 21 343 443 5 19 375 441 1 5 424 445 9 9 578 618 2 9 587 617 7 11 602 643 1 1 626 630 
9 8 13 37 90 18 28 183 253 8 14 188 233 37 37 224 354 12 14 255 324 23 28 309 436 3 4 512 527 18 18 547 625 1 1 666 672 
10 30 30 49 170 8 16 95 147 25 25 176 288 13 13 185 273 9 13 214 263 3 3 365 381 3 9 372 399 14 14 387 469 20 26 394 479 13 24 588 670 
13 17 27 3 112 8 10 84 118 5 11 195 231 15 18 238 295 12 16 315 381 9 22 446 498 30 30 487 604 11 17 513 589 4 4 586 604 2 3 591 606 1 1 595 600 12 16 603 667 3 3 659 674 
9 8 9 2 45 21 31 91 205 18 19 199 333 27 31 213 325 1 1 299 307 5 5 437 466 20 29 454 549 27 27 524 610 1 1 671 674 
12 30 40 5 135 5 9 50 86 16 17 59 129 2 8 136 174 18 26 237 338 10 16 242 297 12 14 438 517 8 12 487 530 20 37 518 647 6 6 530 560 12 14 548 613 1 1 672 675 
15 15 22 17 142 1 1 107 115 10 24 152 245 5 16 207 255 15 19 344 426 6 7 437 460 13 21 446 529 2 3 449 466 3 3 460 473 4 7 480 505 24 34 484 611 8 10 485 531 25 30 510 609 2 2 590 603 1 1 633 636 
12 1 1 126 131 10 41 162 259 28 44 214 345 18 28 238 334 6 7 319 345 4 9 339 394 13 13 465 527 2 2 488 499 2 5 503 519 25 35 514 639 16 20 516 589 13 18 599 671 
15 14 22 69 166 2 2 84 94 4 5 175 200 7 7 195 224 5 5 244 267 10 12 270 328 27 37 282 399 21 21 291 386 2 2 440 449 21 22 476 592 8 8 491 537 7 11 605 654 4 5 627 647 3 3 641 659 1 2 661 670 
10 5 5 40 65 17 17 93 169 18 20 97 197 6 7 100 132 11 15 240 300 1 1 402 405 16 16 424 487 9 9 475 510 29 37 500 635 15 24 593 673 
8 15 27 120 219 16 26 139 254 15 15 283 344 3 7 438 498 31 31 451 554 24 24 464 548 17 22 474 545 10 10 616 671 
