10 134
14 5 9 97 122 3 7 117 136 6 12 194 222 2 5 210 223 31 38 231 353 1 2 295 299 3 12 310 343 9 42 379 488 28 51 483 599 19 24 484 558 28 45 492 628 8 16 531 567 17 23 597 677 1 2 741 748 
12 2 6 5 21 15 25 111 173 19 39 180 288 29 60 307 451 8 33 379 437 33 55 388 516 9 15 458 507 12 38 493 571 1 4 503 512 6 18 522 563 23 43 545 682 5 7 728 750 
11 12 43 22 98 2 8 59 79 17 44 84 212 7 18 101 138 29 52 172 308 17 42 220 345 24 56 259 389 19 42 315 411 12 24 375 438 9 34 614 723 15 31 672 753 
13 9 15 67 105 38 70 110 259 15 51 200 287 2 3 231 241 12 32 238 305 13 30 312 419 23 45 388 501 35 35 400 532 6 17 428 467 5 14 487 516 18 23 528 605 3 9 649 676 1 2 750 756 
15 19 21 46 144 10 25 142 195 5 17 210 255 13 33 229 325 3 3 273 286 28 53 333 453 11 17 373 441 10 22 545 599 8 30 547 605 17 36 619 699 3 6 625 640 1 1 668 672 13 34 668 737 12 25 671 732 4 8 692 711 
14 1 1 155 163 22 55 228 360 14 28 485 554 12 18 527 572 13 35 543 634 4 12 546 570 17 36 547 656 12 39 568 663 16 26 605 680 15 26 636 712 17 38 664 750 7 14 687 728 13 17 697 742 1 1 752 755 
15 24 42 81 195 21 27 142 213 13 29 176 271 16 19 244 314 5 15 313 350 4 14 323 362 18 37 394 482 16 29 410 491 10 17 471 514 1 5 528 538 27 50 535 682 13 25 562 617 1 3 591 597 1 2 748 753 1 1 751 755 
12 2 7 57 71 12 16 110 154 40 60 123 273 9 33 143 201 7 22 190 281 19 37 215 334 19 56 304 448 18 40 365 468 13 46 379 485 17 39 552 641 2 5 701 712 1 4 718 728 
17 6 6 67 90 22 35 76 164 41 48 187 335 8 25 235 288 12 28 363 407 23 32 363 442 12 22 379 457 27 55 406 550 5 12 494 534 2 13 501 525 2 3 510 524 17 35 555 637 3 9 580 603 1 1 631 635 9 29 695 744 1 1 710 714 1 3 744 752 
11 15 25 6 74 12 62 83 192 2 52 181 292 33 87 332 480 24 35 378 517 5 6 440 467 24 34 447 564 11 19 465 521 9 22 499 550 35 35 586 695 1 1 747 750 
