10 64
7 16 16 102 147 32 47 147 256 9 14 175 205 16 59 214 358 35 55 257 355 43 43 553 681 9 12 700 734 
8 8 10 5 26 7 7 94 106 6 6 122 135 33 41 314 417 49 61 328 464 28 33 447 541 39 39 579 676 28 68 601 741 
8 26 26 36 102 13 13 57 90 15 16 92 139 40 40 250 342 25 34 368 442 32 32 511 600 15 15 664 693 15 20 675 742 
4 28 29 44 115 50 50 460 599 51 51 544 663 30 31 635 717 
9 48 58 266 412 20 20 279 338 28 28 318 372 24 24 329 373 17 17 375 421 32 50 564 668 20 20 683 745 5 5 710 728 2 2 717 724 
6 50 56 71 181 8 8 140 161 54 54 178 298 51 51 191 310 11 21 204 252 22 22 432 501 
5 41 45 200 316 20 22 279 338 44 44 424 521 38 39 583 677 20 28 672 738 
5 24 28 227 319 69 69 358 473 24 31 397 483 32 50 564 694 30 30 641 729 
7 12 12 141 174 55 55 153 251 36 36 422 509 30 39 553 640 26 49 613 697 1 1 718 722 8 8 734 755 
5 2 3 339 347 36 36 341 417 48 76 384 530 53 53 594 710 48 53 599 720 
