10 61
6 29 29 181 311 2 5 264 282 12 15 314 373 16 16 415 488 1 2 453 462 12 17 577 642 
5 28 30 110 223 16 25 264 329 29 29 324 425 7 16 442 505 15 18 603 682 
7 20 20 122 220 3 4 215 242 4 6 314 334 3 4 386 401 30 30 491 598 7 15 561 616 1 1 625 628 
7 4 10 11 55 19 20 238 337 13 13 278 331 9 13 340 394 22 36 599 692 1 2 635 643 7 13 638 686 
4 21 21 137 259 9 14 201 252 33 33 269 383 10 16 618 664 
7 17 19 31 119 11 24 39 159 1 1 96 101 7 12 150 196 27 27 172 284 3 5 197 221 25 26 583 687 
7 31 33 88 219 34 39 188 317 1 2 203 210 16 16 588 671 5 13 611 657 5 8 658 689 1 1 688 694 
6 1 1 94 100 27 34 291 384 14 24 344 428 23 30 456 556 8 9 499 579 6 15 589 636 
7 32 39 112 250 17 26 130 242 9 12 168 209 14 17 278 340 8 11 457 497 4 9 547 583 1 1 622 626 
5 5 5 85 105 31 31 126 248 15 23 274 371 13 25 276 404 5 6 374 398 
