10 94
8 43 43 115 196 39 39 173 281 17 19 256 310 16 17 306 354 48 48 403 533 56 56 623 777 15 22 767 816 10 10 798 820 
11 23 28 102 178 51 59 193 334 36 36 352 448 28 35 428 506 6 13 467 490 43 54 481 603 41 62 504 636 6 7 540 556 8 19 599 644 15 15 722 760 1 1 812 815 
11 10 21 129 181 55 55 160 303 52 70 258 421 4 4 385 397 10 17 474 510 28 42 475 554 13 17 554 599 52 63 652 795 5 5 733 749 2 3 739 746 5 6 798 816 
8 60 60 1 143 16 29 208 285 61 67 311 453 24 40 350 429 49 49 668 768 45 57 673 770 21 22 735 786 6 6 791 814 
11 10 16 30 56 25 25 101 155 59 59 193 342 24 31 200 318 1 1 332 337 16 17 353 454 40 41 377 529 8 8 533 555 25 38 553 623 11 11 647 681 35 41 664 757 
11 57 57 79 195 32 32 95 201 16 26 266 333 48 50 375 518 1 5 410 422 15 21 510 562 22 29 567 628 9 11 582 612 46 60 610 745 3 6 777 789 1 2 807 813 
6 47 47 108 247 34 41 151 247 47 71 286 436 49 50 335 473 20 35 343 426 40 72 486 629 
10 24 25 132 203 33 33 164 228 15 18 235 286 21 32 247 324 37 47 359 492 24 41 481 606 24 35 482 562 14 17 493 528 25 25 639 705 23 27 738 792 
10 61 61 111 235 14 19 214 261 37 66 280 420 8 10 373 408 24 48 504 594 1 2 509 514 35 50 515 611 19 30 579 634 10 10 657 683 33 48 665 750 
8 36 64 200 306 15 21 202 249 49 52 305 437 34 36 344 427 9 9 369 392 27 27 479 544 64 64 641 775 7 14 752 777 
