10 222
31 4 65 11 141 2 27 12 75 1 16 35 76 2 33 54 118 5 41 74 188 1 4 88 96 1 10 90 125 3 25 122 183 1 15 123 153 2 12 207 254 1 18 208 247 4 41 220 333 1 9 237 270 1 2 248 256 5 28 312 420 1 12 414 448 1 1 445 449 1 10 445 480 5 63 459 597 1 12 465 501 3 14 476 523 3 66 486 609 2 16 486 541 1 2 490 497 1 5 531 547 2 14 595 627 3 18 623 693 2 16 628 680 1 7 639 668 1 1 644 651 1 9 661 693 
21 1 9 32 50 5 31 37 137 2 21 63 130 8 40 76 193 5 35 106 191 3 18 157 219 4 33 213 301 2 25 346 406 1 1 361 365 1 11 406 431 1 32 491 566 8 66 497 618 3 41 499 576 2 14 514 563 2 10 522 574 3 17 544 621 2 32 576 640 4 31 586 662 5 32 586 692 2 14 599 655 1 3 653 662 
23 4 27 18 98 4 32 35 124 1 3 45 55 2 17 52 87 1 18 119 163 9 50 163 301 4 56 175 285 1 1 176 179 3 49 218 327 7 34 286 401 8 60 299 421 3 32 308 415 5 50 362 459 7 24 416 525 1 8 517 542 1 2 522 529 1 12 595 623 2 19 607 654 1 9 612 632 1 5 639 657 1 15 640 681 1 13 653 686 1 17 660 692 
17 4 36 23 110 4 34 42 123 6 62 70 206 4 57 86 220 2 24 263 303 9 40 304 440 7 50 337 470 1 1 353 360 2 25 447 497 1 14 453 482 8 60 528 649 7 58 532 659 5 21 547 623 1 16 595 624 1 1 608 613 2 28 638 688 1 7 671 686 
23 7 47 10 136 3 25 15 127 1 3 106 116 4 25 140 233 1 6 216 234 1 4 282 293 4 40 298 387 1 16 317 368 3 28 322 386 2 23 362 411 3 32 410 490 3 27 443 512 5 38 449 559 6 37 457 567 1 5 468 478 3 16 517 579 5 36 538 667 4 26 575 666 1 3 583 594 3 23 584 647 1 6 599 615 1 9 658 683 1 6 675 690 
18 7 48 23 134 5 24 61 168 1 4 68 80 3 20 85 149 4 31 97 212 5 45 98 230 6 41 187 295 3 34 201 272 6 33 219 303 4 24 228 323 3 35 242 319 2 25 250 307 4 47 324 420 5 31 438 535 6 55 476 602 1 6 485 504 1 8 647 671 1 10 654 677 
20 2 32 33 116 5 45 134 263 3 38 138 243 5 43 156 291 7 36 160 280 4 38 249 350 4 41 276 387 4 34 297 424 1 3 369 377 6 27 408 530 2 25 409 470 4 52 478 587 6 45 479 576 5 34 493 582 1 17 621 659 1 10 647 675 2 17 654 693 1 3 663 671 1 7 665 688 1 1 677 685 
27 6 44 3 137 2 16 11 58 2 14 15 58 2 14 91 128 1 9 122 150 4 44 123 219 2 39 145 234 2 17 239 284 5 58 293 396 3 46 321 426 6 32 385 514 3 28 392 467 1 7 415 432 1 1 422 426 5 61 455 552 4 35 459 567 1 2 501 508 1 9 557 587 1 8 569 593 2 29 574 638 1 9 589 616 1 6 605 618 2 13 617 662 1 8 668 682 1 7 669 684 1 1 670 674 1 4 679 688 
20 4 39 50 145 6 45 51 186 3 48 100 224 5 41 108 243 4 41 122 238 3 30 140 197 4 68 146 284 1 16 237 265 1 8 241 265 3 20 287 346 2 17 294 335 4 47 314 402 2 22 347 393 1 1 391 394 7 58 402 517 2 18 410 458 3 53 430 532 5 54 437 557 1 3 480 488 1 12 494 515 
22 1 4 38 49 3 34 46 116 3 23 50 124 1 8 66 86 3 16 72 130 6 47 75 175 1 12 96 124 3 25 135 202 3 51 148 238 4 40 176 313 4 47 243 344 7 51 310 447 3 25 463 533 3 22 505 569 3 24 549 599 2 47 559 652 4 37 567 654 5 45 569 675 2 22 586 649 1 21 610 662 1 10 636 663 1 2 645 650 
