10 113
7 19 21 113 222 39 39 151 300 2 5 234 247 37 37 262 404 34 42 348 499 16 17 570 656 7 7 716 743 
13 5 16 25 82 20 22 81 153 6 9 89 120 18 28 100 220 4 4 135 155 22 31 209 310 3 4 213 232 5 6 328 351 20 20 359 450 26 26 509 615 5 5 583 607 6 6 604 634 6 9 697 726 
9 13 15 4 57 21 29 76 164 19 19 119 229 20 39 191 311 28 28 335 445 23 45 536 675 14 17 620 705 10 19 645 727 3 6 721 740 
12 8 8 7 46 10 34 9 127 14 38 12 104 8 14 190 239 18 27 215 313 10 18 224 298 14 22 299 396 29 29 486 630 27 27 585 726 18 27 632 714 1 1 688 691 5 13 690 726 
15 32 36 9 135 27 32 64 202 13 14 89 167 12 13 150 205 2 2 254 264 1 1 428 434 5 7 449 476 11 12 594 656 16 21 684 751 11 12 687 733 7 9 707 738 3 13 716 753 2 2 720 732 4 4 722 745 3 3 739 750 
13 17 20 41 125 33 35 122 255 23 30 129 256 10 11 202 242 20 27 216 328 3 5 255 279 1 1 303 310 16 16 563 633 3 7 575 597 3 8 578 602 2 6 590 612 22 29 602 727 1 2 632 640 
10 23 39 232 368 14 14 267 332 6 12 341 401 19 39 346 473 15 19 349 419 19 21 369 441 7 22 377 454 22 22 492 614 22 28 498 615 14 20 523 623 
12 7 29 45 130 19 35 50 172 34 39 262 392 14 30 267 389 4 7 303 344 21 37 360 467 27 27 376 486 15 16 472 542 16 23 485 564 5 11 695 743 3 3 738 753 1 1 739 744 
9 16 16 58 116 6 9 76 117 9 9 108 151 35 40 375 510 6 9 382 432 32 34 535 682 22 22 552 646 13 19 623 683 14 14 679 729 
13 9 12 156 209 23 28 194 309 29 37 323 457 7 10 347 397 7 13 410 466 2 6 413 433 11 20 450 524 2 2 468 482 1 1 490 496 15 31 544 622 21 21 631 737 3 3 668 687 15 20 683 744 
