10 37
2 49 59 291 428 33 35 469 581 
2 41 58 16 134 34 41 494 609 
3 50 50 162 265 26 43 297 428 29 29 610 669 
3 29 39 359 486 41 44 362 467 7 9 464 481 
4 17 17 36 98 14 15 153 194 31 31 340 427 40 40 402 537 
6 35 38 10 125 19 23 84 137 2 2 133 140 5 6 352 368 23 23 421 473 9 14 657 680 
4 46 74 206 338 4 5 362 377 8 14 371 406 26 36 548 670 
5 10 13 40 66 39 60 228 353 29 44 526 624 2 4 545 554 2 2 681 690 
5 27 27 28 90 3 3 58 67 33 33 500 566 6 6 583 600 21 26 630 693 
3 42 53 99 235 13 22 125 160 32 32 513 610 
