10 53
5 19 36 68 174 12 19 166 214 30 54 280 413 5 9 445 467 21 32 452 566 
6 37 43 88 225 14 27 223 289 11 18 238 302 1 3 241 252 4 5 491 512 1 3 577 584 
5 4 7 84 107 27 41 310 435 15 26 412 478 14 69 426 554 6 11 587 628 
5 29 71 171 305 14 20 223 276 8 20 289 348 7 19 604 647 6 10 646 680 
4 22 37 140 233 18 20 148 210 15 28 526 596 10 16 623 693 
6 16 16 250 310 3 7 270 287 5 10 280 304 14 27 466 574 21 26 614 694 5 11 660 693 
7 2 8 39 56 6 15 120 152 21 35 162 262 11 20 260 316 18 35 345 419 5 6 546 567 2 7 676 691 
5 13 26 181 238 2 4 217 231 31 45 325 456 15 37 341 418 13 23 538 606 
4 25 59 39 166 20 45 217 310 15 32 435 506 5 14 658 691 
6 13 38 181 265 16 35 290 375 21 71 357 487 2 5 432 447 11 22 514 565 6 13 628 666 
