10 441
44 6 23 37 160 3 29 78 139 3 40 100 185 5 47 101 199 3 16 105 174 1 15 137 160 3 17 147 207 2 20 176 225 1 11 186 209 3 21 189 240 1 20 235 297 3 30 281 353 1 6 286 306 2 66 316 436 3 36 318 393 2 12 353 392 7 62 369 513 1 3 371 380 6 50 387 520 6 68 390 505 1 2 414 421 9 46 443 576 7 41 444 573 3 29 477 572 5 55 493 632 1 2 521 536 4 45 531 651 1 6 549 563 4 47 552 649 2 30 565 636 6 18 574 680 4 51 581 677 2 28 588 656 5 44 608 708 2 23 610 648 6 18 627 733 6 54 633 751 1 5 648 662 1 8 675 694 1 16 678 722 4 36 682 752 1 9 725 751 1 1 747 750 1 1 753 756 
40 3 45 16 146 4 20 43 126 3 28 49 108 1 7 56 79 7 56 129 276 7 50 131 262 2 30 132 184 2 16 140 179 4 22 162 227 6 41 188 314 6 53 203 323 1 1 211 214 1 13 231 274 6 35 244 346 6 53 252 394 9 45 263 398 2 21 285 330 7 69 287 402 3 35 293 392 1 9 295 328 8 57 343 478 3 24 422 485 3 9 423 498 2 19 439 495 2 21 446 505 4 27 453 562 8 62 466 610 1 9 477 501 5 59 532 642 1 2 537 547 7 32 549 669 6 58 592 716 3 20 627 691 1 1 629 636 1 6 645 662 2 19 669 727 1 10 689 720 1 3 733 743 1 1 738 742 1 1 751 754 
42 1 6 13 44 5 59 36 180 1 3 43 51 4 26 58 129 2 20 72 111 3 21 79 154 5 44 110 228 6 43 117 250 1 11 133 179 5 66 137 256 6 63 151 274 1 15 182 217 1 10 197 220 5 44 208 326 1 8 254 280 7 44 264 404 2 41 293 384 4 56 304 420 4 32 324 397 1 5 398 417 3 23 403 499 6 38 407 516 5 45 457 551 4 39 462 590 1 17 473 522 4 37 509 598 6 47 523 637 6 45 540 644 5 57 541 674 5 31 548 645 6 40 571 696 3 23 589 658 6 54 611 730 1 10 623 645 4 20 654 731 2 16 657 696 2 22 670 739 3 21 677 731 1 1 688 692 1 5 718 730 1 2 722 727 1 1 748 752 
35 5 42 17 116 8 62 30 146 4 51 65 184 1 14 71 124 4 21 75 163 4 17 96 149 3 33 107 193 6 44 133 242 3 24 136 251 3 40 163 227 7 63 217 368 6 61 224 354 5 38 250 386 1 7 255 276 8 57 259 400 4 27 269 371 1 7 284 305 1 3 309 321 5 33 356 430 4 78 361 508 7 56 375 491 5 35 391 537 1 15 400 439 6 48 414 525 2 18 429 537 1 4 440 457 4 40 442 552 1 19 486 524 8 64 489 623 9 46 514 658 3 17 536 626 4 32 541 601 3 28 665 752 3 16 672 722 1 6 707 734 
34 7 54 34 159 3 25 54 113 2 19 55 104 3 56 73 175 5 79 135 269 2 13 152 195 2 33 156 219 8 59 183 304 4 44 206 310 5 11 231 311 4 33 237 321 4 31 260 338 5 47 273 372 5 51 280 366 7 53 282 404 5 63 289 415 6 53 301 414 5 43 307 395 5 39 345 484 5 43 366 510 2 16 388 452 3 67 442 576 6 40 445 570 4 33 446 559 5 58 457 564 6 69 471 599 8 83 506 651 3 30 542 613 4 29 635 740 3 21 641 694 1 6 648 673 1 18 651 682 3 25 690 749 1 1 752 757 
51 9 36 6 123 1 8 28 50 2 37 31 108 1 4 47 60 3 10 58 136 5 79 73 214 2 25 106 160 4 41 148 220 6 47 154 269 2 9 157 220 3 48 164 254 4 31 173 245 3 34 211 282 1 3 215 221 3 43 251 358 2 23 272 329 3 33 277 360 7 46 290 408 2 32 322 399 1 16 360 391 4 30 361 440 5 61 392 519 4 22 398 477 5 47 414 514 1 3 422 438 3 26 434 491 1 10 461 481 2 16 496 549 1 7 498 524 6 62 504 634 1 7 512 533 2 47 520 592 4 27 522 591 2 7 529 567 2 7 566 603 7 62 588 730 4 55 606 724 2 53 635 737 2 27 649 711 5 23 662 743 2 15 664 701 2 16 682 730 1 12 708 740 1 2 709 720 1 13 719 754 1 4 720 730 1 5 733 749 1 2 733 741 1 4 740 749 1 1 753 757 1 1 753 756 
50 1 8 9 35 3 32 14 83 4 24 35 109 1 20 51 92 1 1 80 86 1 4 84 94 3 29 98 170 5 31 105 207 1 16 105 150 1 9 108 135 2 20 119 218 8 52 128 246 2 8 168 204 4 42 174 249 1 11 188 218 2 8 195 220 7 61 210 341 1 11 218 248 1 1 240 245 7 55 248 361 7 37 255 376 5 35 272 380 3 35 309 380 1 4 312 325 4 37 322 438 1 6 326 342 1 9 333 356 4 26 335 417 1 5 385 406 3 50 393 490 5 39 404 514 1 7 417 431 6 45 456 585 4 34 506 617 3 24 506 571 7 45 529 652 1 23 538 581 1 11 541 570 1 16 607 653 1 15 621 651 5 58 624 738 2 20 636 687 5 51 636 749 2 18 638 694 2 11 646 698 2 43 652 747 2 28 660 742 2 10 684 745 1 10 722 744 1 7 740 755 
49 5 48 9 128 3 30 29 90 3 13 42 87 6 66 44 193 3 16 101 153 4 44 108 179 1 29 111 165 2 34 112 186 6 26 128 205 3 30 128 201 2 7 163 196 2 25 164 237 1 5 174 195 3 66 199 312 5 41 199 287 1 7 232 261 1 17 255 285 1 57 261 377 5 42 275 398 2 11 284 336 1 6 286 317 1 2 336 340 4 29 368 459 6 59 373 475 1 4 400 411 2 25 428 513 3 44 442 542 7 26 444 553 1 13 450 472 6 39 466 555 2 11 473 508 1 11 496 522 3 28 498 572 1 27 538 588 3 37 576 640 1 17 586 631 4 28 599 663 1 15 607 641 10 34 613 731 6 64 623 746 2 15 632 664 5 51 645 740 1 15 665 704 3 17 669 722 3 24 672 745 1 3 679 685 1 13 692 722 1 4 729 751 1 3 743 752 
49 2 14 38 72 1 10 47 70 1 7 54 73 5 48 60 184 4 48 70 173 6 75 75 212 1 17 83 130 1 1 107 110 2 18 124 173 1 4 162 172 1 7 173 192 2 17 214 267 3 42 227 326 8 56 235 377 1 1 238 242 1 11 238 268 1 11 243 263 1 19 246 291 1 14 257 280 7 54 281 422 4 33 282 377 2 22 297 362 4 38 321 416 8 50 326 476 6 39 337 450 2 15 365 437 3 13 381 442 1 9 409 437 2 22 413 460 2 27 466 521 1 17 478 532 1 11 497 526 1 7 514 529 6 59 516 645 10 69 537 685 2 22 542 587 7 39 562 662 4 35 564 668 7 52 571 689 5 49 576 683 2 30 590 657 5 32 616 733 1 5 623 638 1 6 642 663 1 1 654 658 2 20 676 732 1 1 711 716 1 5 714 726 1 10 729 750 
47 1 1 0 4 2 17 11 56 4 22 30 114 4 36 46 127 5 54 84 204 2 18 85 131 6 57 86 218 4 23 136 218 1 5 143 154 3 38 158 240 9 60 174 313 6 32 192 300 6 62 210 360 2 20 228 285 6 78 230 349 7 57 264 411 2 29 286 349 4 23 287 345 2 23 322 374 2 18 330 364 4 63 345 490 1 3 365 372 3 9 377 419 1 12 401 433 5 46 408 515 1 15 434 466 3 16 477 529 1 6 483 500 6 39 510 633 1 9 531 555 6 43 538 637 2 11 546 596 1 1 566 569 2 9 566 619 1 3 579 601 4 33 603 698 6 37 619 731 4 26 642 725 3 45 657 747 1 12 677 708 1 1 702 706 1 3 712 719 1 6 730 749 1 1 739 742 1 4 745 754 1 3 749 757 1 1 752 756 
