10 175
25 4 6 17 35 4 5 42 66 16 17 59 155 1 2 69 76 29 35 122 236 3 4 158 178 3 3 169 185 8 10 215 262 15 18 243 328 9 10 291 327 26 26 392 546 6 10 431 488 19 19 433 502 9 38 464 579 15 33 469 598 21 33 483 591 1 2 491 504 6 6 592 630 19 19 676 777 27 27 689 786 2 3 698 713 6 6 746 774 5 5 774 804 1 2 803 811 2 2 804 814 
13 26 35 75 212 20 25 111 224 34 34 131 279 29 32 145 278 13 33 198 296 3 3 199 212 25 25 221 340 26 26 286 370 11 12 291 341 20 25 357 454 27 29 382 497 2 2 812 819 1 1 815 819 
27 10 10 52 83 1 2 107 116 32 40 151 315 3 5 157 181 12 21 172 256 14 20 218 306 7 11 224 270 4 4 263 281 12 16 285 364 8 8 287 327 1 1 369 374 3 7 401 428 18 25 415 517 11 11 470 508 39 39 491 654 11 26 506 632 5 8 523 551 4 10 573 599 16 22 622 725 9 11 649 708 10 24 697 785 9 9 736 773 3 4 745 760 8 10 756 805 5 9 775 807 2 4 800 817 2 2 802 811 
18 1 1 51 54 4 12 60 99 9 11 87 140 8 12 109 154 12 35 200 330 25 34 279 415 4 4 282 296 3 4 325 341 19 27 335 417 22 22 340 429 4 6 356 375 18 23 418 505 17 35 460 558 29 40 503 637 13 13 578 634 18 18 582 665 38 38 654 814 6 10 713 750 
20 11 11 31 81 1 2 82 95 7 8 87 119 26 36 276 370 11 20 297 369 6 6 299 336 2 3 306 322 27 30 314 437 21 26 373 463 23 34 499 630 1 1 589 594 29 29 655 778 28 28 685 807 4 7 686 714 9 9 698 739 3 3 715 730 14 14 722 806 16 16 728 817 1 1 783 787 1 2 799 809 
11 26 29 84 205 32 32 181 313 27 44 205 339 12 24 311 397 33 38 411 569 30 42 451 575 11 11 455 506 23 26 571 677 31 38 579 711 15 32 610 717 11 14 696 766 
12 22 33 26 153 5 6 65 99 25 29 178 273 18 40 185 321 21 25 210 307 11 21 234 306 7 9 241 310 37 55 284 437 23 45 369 511 26 32 545 680 48 48 636 784 3 9 666 697 
17 18 23 1 93 38 38 29 160 20 20 59 160 9 11 93 133 11 21 98 166 21 25 207 293 1 1 358 361 30 31 397 540 3 4 413 430 20 34 482 612 7 9 541 582 4 4 544 566 17 23 616 741 24 24 617 728 17 17 711 804 21 24 717 808 1 1 817 820 
15 11 11 2 44 24 24 77 204 21 21 86 204 10 22 110 196 12 15 205 269 27 30 208 322 23 26 231 382 14 14 335 383 35 41 377 530 7 8 469 506 19 25 528 612 1 6 566 587 14 15 589 667 22 22 639 730 6 15 683 728 
17 5 7 51 79 24 34 59 201 18 18 91 168 20 22 96 180 3 3 106 126 12 12 164 204 15 16 198 294 27 27 218 322 33 36 296 447 25 41 311 443 17 24 319 425 3 5 355 373 13 18 398 501 26 47 522 668 6 11 608 650 4 6 770 797 1 1 816 820 
