10 155
22 1 1 37 40 2 5 44 57 27 30 87 215 3 22 131 175 4 14 398 426 6 9 472 509 19 25 477 548 19 50 479 592 4 8 495 521 10 19 509 567 1 1 551 554 9 20 558 612 22 34 564 638 10 19 567 622 30 51 588 705 6 8 646 673 15 25 681 742 17 43 690 785 3 8 719 740 9 28 746 802 6 21 776 810 2 4 790 801 
16 4 11 97 128 15 26 101 183 20 43 113 217 3 5 339 356 19 59 343 493 25 41 380 485 15 33 473 542 18 44 491 595 1 2 545 552 7 30 546 616 35 62 562 725 1 1 585 592 7 13 652 695 11 15 672 772 20 30 680 761 11 25 710 776 
18 5 7 49 83 24 33 62 212 23 48 107 256 7 10 147 171 10 25 159 223 2 6 177 193 13 16 215 276 17 75 323 457 5 15 329 356 3 9 353 371 8 15 361 397 1 1 384 387 40 40 501 659 15 21 503 578 4 5 538 556 26 64 553 707 3 7 630 646 8 22 652 708 
13 17 30 28 132 8 12 122 160 15 28 124 204 32 45 210 318 3 15 241 273 18 51 306 387 14 32 311 377 29 50 314 472 4 18 336 381 12 26 339 396 28 40 363 464 24 43 569 684 10 27 588 642 
14 19 58 81 194 36 46 142 274 23 51 259 395 32 60 316 452 13 24 430 512 6 19 439 488 6 8 440 463 10 10 444 483 14 22 506 592 14 62 537 657 30 40 562 693 8 13 706 757 10 17 721 776 2 4 804 816 
13 8 16 33 99 16 63 39 138 14 37 42 147 4 16 113 154 17 26 148 225 5 8 157 177 30 78 161 289 36 38 197 347 33 65 331 468 9 16 421 472 10 21 432 522 36 77 479 638 20 41 480 577 
12 2 3 23 31 28 64 71 199 22 29 82 189 36 36 143 305 1 4 161 176 6 12 259 293 40 45 309 458 30 30 364 507 11 24 487 538 29 74 627 790 14 15 752 809 1 1 816 820 
15 1 3 5 14 15 27 8 71 18 62 84 216 1 1 196 207 24 45 202 317 22 48 204 299 9 15 220 280 14 38 228 347 25 65 300 421 23 76 327 467 19 40 363 480 9 18 396 445 27 29 586 673 15 15 614 698 6 8 726 749 
18 7 16 23 71 31 62 25 170 10 17 39 95 24 35 93 218 5 15 105 147 2 5 115 132 10 24 383 436 18 21 442 550 16 34 476 551 8 14 510 557 1 3 515 521 31 84 583 733 16 41 585 681 6 22 619 671 12 29 654 721 13 21 686 739 16 19 729 792 4 4 793 810 
14 18 32 65 152 12 43 163 284 7 8 170 195 22 27 221 341 7 18 225 260 7 24 240 293 23 44 316 450 29 37 364 489 22 56 371 523 2 4 567 579 6 24 593 696 21 34 648 770 30 44 695 810 7 13 746 773 
