10 122
12 11 21 70 121 22 38 118 232 41 81 193 348 9 26 202 252 2 2 288 297 10 21 432 472 20 87 502 658 6 6 510 532 18 59 539 667 19 45 685 767 4 9 696 721 1 1 788 791 
9 15 40 53 156 27 98 484 642 14 29 518 595 21 62 523 665 24 33 529 635 13 17 540 596 21 52 592 726 15 56 597 699 5 11 728 765 
11 16 57 4 108 19 45 34 138 8 30 257 314 1 1 337 343 7 16 391 431 22 38 393 488 30 65 522 651 11 25 564 623 19 52 636 775 10 16 743 787 8 8 758 792 
14 3 5 101 117 30 45 126 252 2 22 260 306 21 49 302 404 5 16 413 444 20 49 449 546 20 35 505 604 21 62 514 652 6 15 579 608 1 3 721 728 13 23 728 788 3 6 738 755 8 11 739 778 1 3 779 788 
15 8 17 38 78 32 55 43 151 8 16 79 133 21 23 113 189 19 64 134 258 3 5 220 241 6 17 274 327 31 31 284 408 4 8 320 342 6 15 333 372 1 2 343 354 17 46 443 540 10 67 594 749 10 21 614 656 1 1 773 778 
13 26 68 9 140 4 5 94 112 8 56 94 185 13 28 229 293 22 33 272 394 6 12 286 312 21 55 430 585 11 42 471 554 12 22 501 553 1 1 506 509 17 53 572 710 1 8 578 598 17 50 665 778 
11 23 61 43 163 8 8 66 102 33 51 120 258 20 45 130 242 18 32 132 256 9 14 274 313 1 1 604 607 25 40 631 741 13 23 658 727 2 3 720 731 3 5 770 789 
12 9 61 19 137 9 22 25 87 24 27 60 160 20 77 72 219 33 85 219 377 23 64 337 456 11 24 363 426 18 31 372 458 10 22 525 605 9 12 706 746 6 13 760 783 1 1 788 792 
12 28 51 10 124 7 18 20 56 20 45 134 270 20 39 193 323 13 29 206 269 4 7 426 446 1 6 521 532 22 69 527 635 25 56 566 699 9 17 700 746 9 20 713 759 2 4 771 781 
13 2 9 18 37 9 20 90 148 32 73 148 281 34 46 189 344 26 52 244 361 14 18 249 315 3 9 261 280 14 25 457 524 2 4 467 486 1 5 508 519 12 34 511 601 13 38 586 685 2 4 745 758 
