10 67
7 18 18 42 129 13 55 303 406 4 13 335 362 35 52 434 575 4 5 488 512 3 7 673 696 2 4 706 716 
8 8 29 27 93 25 42 65 172 5 8 133 157 4 7 297 328 16 56 363 486 4 8 439 458 4 10 506 525 11 28 634 716 
9 5 7 144 168 1 1 202 207 16 16 240 320 37 37 403 542 3 8 405 421 5 10 419 439 6 16 564 597 5 5 679 700 1 1 723 726 
8 3 12 121 150 8 22 294 352 7 30 408 459 8 24 457 525 22 40 501 623 1 2 503 511 24 28 608 707 1 2 722 726 
7 4 11 152 179 7 32 318 408 19 53 365 477 8 16 437 478 11 20 524 580 23 53 542 664 13 19 644 698 
10 6 16 71 109 30 59 191 331 1 1 243 247 15 39 324 399 10 20 329 370 16 62 480 604 9 25 620 680 2 10 675 694 6 15 683 716 1 2 691 696 
4 26 61 135 241 24 40 142 255 20 46 608 703 9 32 657 722 
5 19 19 9 103 25 38 92 188 16 70 466 565 21 33 547 646 3 3 570 582 
5 9 10 3 50 22 58 180 281 1 3 494 501 21 44 525 626 17 36 637 713 
4 25 55 387 509 10 24 407 459 22 30 410 490 12 23 446 512 
