10 262
25 4 26 23 110 6 55 82 198 2 9 92 154 4 25 165 233 3 30 201 262 4 47 204 322 3 40 230 307 3 17 260 306 2 15 264 317 1 3 312 324 2 28 374 442 1 22 406 445 1 1 428 432 6 18 463 542 7 52 465 572 6 39 534 655 3 17 577 648 5 33 595 671 1 5 596 609 3 33 624 715 3 33 661 725 1 13 682 711 1 2 691 698 1 9 693 717 1 3 715 725 
30 6 47 14 139 3 16 17 76 5 36 28 151 1 5 32 45 1 7 56 72 3 15 117 170 2 18 132 183 1 3 151 166 5 51 233 360 2 19 334 385 2 33 341 422 3 43 353 442 2 37 378 436 8 51 398 529 1 1 409 413 5 45 452 532 6 79 499 636 1 13 536 569 1 3 548 562 1 7 553 576 2 17 554 602 2 39 629 698 1 3 635 648 1 13 669 708 1 3 683 693 2 13 684 720 1 6 693 704 1 4 695 707 1 5 698 716 1 2 705 710 
28 2 21 35 86 7 61 39 174 1 13 41 73 3 25 45 107 1 4 47 58 3 16 101 153 2 14 136 183 5 44 181 274 3 20 190 236 4 39 194 312 3 25 283 347 4 36 351 421 2 31 383 437 1 18 394 435 4 27 423 493 11 54 461 604 2 29 471 544 4 50 558 677 4 43 561 655 1 1 607 616 2 44 621 724 4 40 628 716 1 11 630 659 3 20 667 721 1 2 678 687 1 2 679 685 1 1 684 687 1 7 687 702 
28 5 46 7 106 3 30 19 95 1 20 47 105 1 2 115 125 1 12 123 145 10 45 151 280 3 36 152 240 2 24 158 215 2 11 176 213 4 29 188 297 2 24 192 255 2 13 212 248 1 2 274 282 3 37 295 398 3 31 296 370 3 34 302 396 5 55 307 426 1 1 344 348 6 22 347 480 3 37 354 462 1 2 440 446 2 18 496 544 1 5 508 523 1 1 527 530 1 10 561 593 1 4 611 621 3 23 632 689 1 1 711 716 
22 2 18 11 61 6 70 40 169 2 26 64 125 4 80 79 207 4 41 90 195 1 4 98 112 8 42 101 237 2 16 103 149 3 63 233 329 3 41 254 331 1 11 278 309 9 30 330 467 6 46 368 478 2 17 369 424 1 8 426 448 8 66 441 578 2 28 486 565 5 35 512 618 1 1 519 523 1 2 610 619 1 10 698 719 1 1 722 725 
28 6 27 7 99 2 26 9 71 3 42 32 136 4 29 33 136 1 23 42 81 1 7 76 94 4 40 125 225 1 15 159 199 3 23 216 313 2 40 235 327 2 37 336 412 3 45 340 421 4 35 346 446 1 18 353 387 7 48 395 534 5 51 437 549 6 52 495 613 4 45 495 613 2 31 510 576 1 6 513 530 1 11 558 591 4 31 558 628 3 27 563 633 1 10 636 657 1 8 685 708 1 4 710 722 1 2 714 720 1 2 720 725 
24 2 19 52 92 1 19 65 112 1 26 111 167 1 18 123 168 1 5 135 154 4 37 136 260 1 8 162 180 4 21 195 283 1 19 222 268 4 37 297 417 1 13 337 368 2 18 473 516 5 30 482 589 3 52 534 678 9 46 544 680 8 43 565 702 6 50 565 687 3 18 571 638 4 37 595 706 4 40 607 701 5 54 611 720 1 12 614 644 1 9 699 725 1 7 710 724 
21 3 76 3 128 1 4 14 26 9 41 52 196 1 13 53 83 8 38 87 200 6 47 98 231 1 8 98 122 2 26 129 189 4 46 171 272 7 54 175 307 5 33 238 352 1 14 266 291 2 31 266 333 1 5 297 307 5 35 362 428 1 9 402 428 5 22 422 501 6 49 498 611 3 31 531 649 1 1 666 670 1 3 687 697 
24 4 40 10 98 2 13 31 71 5 34 44 152 8 62 79 207 5 35 94 198 4 16 163 218 2 27 199 249 4 36 215 335 1 4 239 247 4 31 296 391 7 49 371 513 2 31 389 468 1 13 390 422 6 59 402 517 1 4 421 435 1 17 424 459 5 36 436 501 4 32 456 550 3 32 481 547 1 15 550 591 1 7 644 667 1 2 668 676 1 5 682 693 1 1 701 705 
32 1 11 91 138 4 45 98 205 5 60 102 235 1 1 109 119 1 28 111 197 2 15 134 191 3 38 148 218 2 29 196 260 5 44 200 296 4 39 216 321 5 74 234 359 2 17 297 349 1 8 315 354 1 18 321 370 6 38 324 441 1 12 367 402 4 28 376 441 1 3 403 421 2 22 417 460 3 20 453 533 2 31 464 544 1 9 477 509 2 19 497 545 4 47 554 638 1 14 569 594 1 13 643 675 1 6 656 674 1 12 659 695 1 13 664 700 1 17 673 719 2 14 688 726 1 6 702 721 
