10 108
9 26 35 1 72 30 54 82 183 42 62 289 402 6 9 404 425 16 16 568 618 47 56 674 830 43 92 679 845 51 77 714 836 11 21 809 853 
15 23 23 8 61 28 34 30 156 14 20 192 263 44 73 205 336 17 29 296 355 22 35 315 378 22 22 354 397 8 11 398 436 10 17 460 492 9 17 488 523 34 55 560 693 16 21 615 659 25 26 690 773 13 20 804 839 1 1 854 857 
9 33 49 16 137 18 22 111 163 48 64 504 648 46 46 553 703 43 43 556 677 27 32 558 636 35 35 654 768 16 19 669 738 14 24 774 837 
8 51 51 141 250 65 65 163 334 50 50 199 329 23 43 239 339 30 30 262 324 40 55 360 486 16 21 550 595 19 19 650 707 
12 3 3 10 20 34 39 45 125 23 86 126 297 27 29 260 345 25 34 367 447 1 1 380 383 22 27 415 489 10 12 442 470 16 19 484 533 5 6 521 534 56 69 534 661 48 49 705 836 
14 25 25 54 144 35 37 84 202 11 35 99 169 6 7 293 314 47 47 398 498 25 42 430 517 14 16 506 557 39 71 515 673 6 9 536 572 42 42 633 767 14 23 729 800 12 24 744 799 15 18 746 795 1 2 770 775 
6 68 68 71 223 44 49 103 239 25 33 228 324 53 79 567 732 18 18 579 619 73 73 647 787 
12 36 36 81 193 17 17 302 354 29 29 334 410 17 17 399 428 21 21 448 513 28 42 480 564 13 19 522 576 10 12 664 698 46 53 715 832 53 53 742 854 4 4 765 776 24 24 775 842 
13 13 21 6 51 27 66 48 171 31 68 90 204 6 6 160 178 38 46 168 264 48 54 241 373 9 9 380 405 30 48 462 547 14 14 507 536 32 44 572 663 38 38 760 844 13 20 800 843 1 1 850 854 
10 19 30 120 183 44 53 127 252 35 74 200 328 42 45 203 332 33 40 225 356 22 26 376 433 4 10 396 416 64 64 481 634 22 22 764 823 6 7 819 835 
