10 489
54 2 12 13 49 3 32 38 112 5 49 41 187 6 42 50 170 1 11 51 78 1 12 83 112 2 27 91 138 1 5 108 122 5 24 120 238 5 68 129 263 1 6 138 155 2 14 140 192 3 19 181 233 1 9 207 224 2 14 213 255 7 38 231 340 1 2 237 243 8 74 254 406 3 20 271 326 5 45 298 453 1 10 310 332 10 58 336 489 5 26 357 455 1 1 359 363 3 25 391 492 6 46 416 512 1 2 418 464 7 49 418 532 4 27 423 509 7 37 432 556 3 16 458 530 1 6 470 482 3 29 480 547 3 29 484 553 1 19 515 561 1 2 517 522 5 62 518 660 1 7 532 549 1 13 538 566 4 48 563 686 6 22 577 700 1 11 591 615 8 74 596 744 4 31 599 672 1 13 648 671 3 25 649 708 1 7 653 667 1 7 686 702 3 28 693 758 1 5 697 715 1 19 712 750 2 18 720 769 2 9 736 780 1 2 771 776 
55 1 10 2 44 2 21 6 61 1 6 14 33 1 9 34 54 4 76 57 215 2 25 64 108 5 39 75 180 5 57 75 175 1 11 91 115 1 7 102 123 1 8 105 123 3 46 117 215 2 14 165 199 1 19 223 267 3 14 223 266 4 70 225 362 3 21 242 308 2 30 249 347 3 28 274 343 3 32 289 358 5 35 289 399 1 16 319 349 4 43 322 397 4 46 352 458 9 32 382 526 7 56 415 559 2 16 420 469 4 34 439 518 9 48 454 610 1 19 469 505 4 47 481 587 10 42 487 629 1 15 521 564 6 37 534 639 2 27 553 630 3 26 563 627 1 27 587 632 4 34 589 659 1 9 594 610 6 43 601 706 4 39 603 736 6 38 605 717 5 63 635 783 1 21 643 691 5 40 644 781 1 11 657 681 1 7 683 699 1 3 699 708 5 39 702 789 3 29 728 790 1 7 733 752 2 15 737 779 2 14 738 776 1 11 744 768 1 14 754 789 
45 3 41 30 145 5 42 33 141 7 48 96 202 1 4 117 126 3 27 121 210 5 55 133 225 4 33 159 247 5 55 170 275 7 61 173 291 11 67 183 339 6 28 190 297 2 10 195 221 2 12 234 280 7 47 239 349 1 8 251 274 5 67 284 398 7 50 322 446 2 17 324 379 5 41 350 449 7 26 355 510 6 58 385 523 3 25 398 487 1 1 476 480 6 38 500 642 3 16 521 594 2 49 542 646 2 31 548 601 7 54 570 713 9 51 609 744 2 20 629 677 2 21 631 682 7 50 631 763 2 19 636 677 1 3 637 644 5 48 650 747 1 10 675 701 1 8 678 694 1 13 679 711 1 6 680 696 2 21 699 749 1 14 724 750 1 4 753 765 1 1 763 769 1 4 784 792 1 1 784 788 
52 5 57 8 152 4 47 18 116 1 26 23 70 9 58 47 179 3 31 57 131 2 38 57 133 6 39 76 191 1 4 87 98 7 36 113 231 7 40 121 278 3 30 175 246 2 27 180 253 8 46 189 316 11 26 242 396 5 45 283 438 7 35 287 436 6 61 298 446 3 24 336 396 1 2 350 357 1 4 371 386 1 15 383 435 3 60 385 502 2 23 387 439 6 50 430 588 3 42 446 539 1 17 460 495 6 35 465 553 4 46 475 584 7 59 487 627 1 8 501 524 1 6 543 561 1 9 550 574 5 29 578 707 3 22 583 646 1 10 593 619 2 21 618 688 2 19 643 684 1 15 653 683 1 4 664 711 1 14 676 716 5 40 687 766 4 26 696 770 1 15 748 773 1 6 754 781 1 3 756 765 1 6 759 776 1 5 766 780 1 6 767 779 1 4 774 785 1 1 774 781 1 3 779 788 1 4 779 791 
45 6 53 55 172 4 21 87 145 8 59 98 245 5 48 158 307 2 21 168 210 3 44 190 314 4 48 229 318 3 33 272 340 5 36 278 422 5 45 288 409 10 68 291 432 5 20 304 437 3 43 320 437 5 78 321 454 3 30 325 396 7 56 358 490 1 9 369 395 7 32 373 515 2 21 376 431 7 30 391 522 1 13 394 421 6 38 395 490 1 3 402 411 1 11 432 460 2 19 450 487 4 45 453 586 2 22 472 543 1 6 500 512 5 41 546 643 8 38 569 678 1 24 581 627 1 20 622 665 5 28 629 696 6 63 631 767 6 51 634 755 1 37 675 751 2 18 676 732 6 39 687 787 2 22 696 753 4 34 705 772 1 8 719 745 1 4 750 760 1 3 776 788 1 4 777 789 1 3 783 791 
46 1 9 21 41 7 83 22 171 4 34 46 139 6 44 53 144 3 21 57 132 7 42 81 193 4 35 82 167 4 35 108 196 4 55 110 209 1 5 139 155 6 44 141 258 5 82 152 303 2 22 152 205 6 50 154 296 3 38 178 246 2 27 204 255 3 20 206 272 7 75 234 376 1 1 279 282 1 16 280 309 4 48 291 389 8 60 312 455 1 4 315 330 3 37 321 385 2 38 339 414 1 5 339 360 3 28 347 408 1 6 353 372 5 38 361 462 2 24 362 416 5 49 377 498 3 39 391 486 3 51 451 570 5 32 455 581 2 38 459 522 11 45 471 604 3 35 473 528 6 77 504 640 2 20 533 591 1 16 563 592 8 32 606 716 2 36 621 684 3 26 637 726 1 15 641 685 1 8 650 669 1 1 781 784 
48 8 79 3 148 3 42 16 123 3 46 40 144 6 48 46 184 6 42 68 202 6 49 87 218 1 6 91 105 4 37 92 176 3 40 104 207 2 11 112 142 3 33 115 189 8 69 131 289 6 41 136 227 4 35 142 251 7 69 161 315 1 27 163 219 6 51 192 312 6 69 196 325 2 37 205 303 2 18 212 249 3 46 216 311 3 39 240 307 2 17 241 285 2 18 257 301 1 8 260 281 5 30 280 355 3 29 327 410 1 12 327 361 6 50 344 459 1 6 371 387 1 6 427 459 1 7 519 541 3 55 562 666 7 57 563 714 8 20 573 706 6 62 584 704 4 26 616 687 1 3 617 623 5 52 623 721 1 13 657 686 2 26 667 725 2 23 678 733 1 5 694 708 2 31 716 781 3 16 729 779 1 1 731 735 1 2 744 753 1 6 768 786 
49 2 15 56 102 6 44 61 204 4 24 97 177 6 53 110 243 2 11 116 160 4 30 143 234 6 69 178 320 2 18 192 245 6 50 210 351 3 50 251 349 1 1 256 260 3 19 258 317 6 33 274 393 4 43 276 373 1 5 282 300 5 44 285 391 2 15 288 347 1 16 309 341 6 39 333 445 3 29 338 396 3 26 344 404 5 31 371 451 11 43 374 528 1 13 383 418 10 66 394 551 3 36 419 491 1 7 421 442 3 33 452 519 3 9 460 553 1 13 475 510 2 11 480 527 5 69 513 635 1 2 525 530 3 46 526 607 4 83 561 701 4 14 579 635 5 26 590 672 3 19 629 674 5 35 664 763 1 17 681 718 2 24 686 749 1 1 689 695 3 25 700 762 4 26 713 788 3 21 733 792 2 22 738 791 1 15 747 778 1 5 763 775 1 5 778 790 
51 4 27 14 88 6 50 21 157 2 17 41 83 3 16 47 88 6 33 49 164 6 62 53 208 6 46 89 189 3 33 99 192 5 64 124 267 1 11 127 158 2 25 163 248 4 50 184 315 2 24 189 257 1 4 193 207 4 16 198 253 1 6 209 226 3 38 226 300 6 47 249 348 2 21 286 346 1 6 303 318 3 26 305 377 4 48 330 444 6 30 351 447 3 24 360 428 3 34 404 484 5 39 411 510 2 37 427 577 3 24 427 512 1 10 433 458 7 55 450 554 4 66 463 620 1 8 471 486 7 58 487 631 2 13 489 518 5 43 495 616 4 61 547 662 1 1 555 559 3 27 555 614 3 30 555 620 6 77 558 707 1 10 600 623 9 53 620 767 4 52 630 725 1 6 662 679 1 2 674 681 1 1 691 694 1 6 715 732 1 5 762 777 1 5 777 792 1 1 783 786 1 1 789 792 
44 3 57 5 126 5 57 19 148 2 44 20 114 6 21 53 144 7 37 62 156 6 60 76 224 1 7 77 97 5 36 92 208 2 18 119 170 6 65 128 284 7 69 134 254 6 36 147 256 1 1 159 164 1 6 164 193 1 2 193 200 4 26 220 282 5 29 268 348 3 15 287 339 5 46 295 396 2 29 338 402 6 43 342 476 1 2 346 355 1 4 370 379 8 57 372 494 1 13 394 422 6 55 416 558 6 51 416 522 3 31 422 495 4 40 434 517 5 53 466 588 1 8 467 491 5 43 493 576 5 35 525 618 4 45 534 627 4 33 539 609 5 57 544 658 8 84 549 704 4 36 626 724 2 14 672 758 4 32 692 756 1 13 707 746 1 7 739 756 1 16 750 784 1 8 759 781 
