10 190
13 3 5 14 36 11 18 63 153 15 29 174 265 33 35 221 379 13 13 298 363 38 49 374 522 40 44 451 592 22 22 456 576 30 36 553 702 4 8 565 593 13 14 723 793 6 10 726 767 20 22 751 857 
21 28 44 11 170 24 24 120 246 14 26 184 263 12 15 219 297 5 5 281 302 7 7 358 393 11 11 360 407 20 24 493 614 14 27 551 645 2 2 573 584 10 10 611 650 4 20 617 689 33 37 661 808 33 45 672 832 1 1 686 691 13 13 709 778 10 11 774 813 4 6 798 823 5 5 820 846 1 2 829 837 1 1 835 838 
18 7 10 28 85 8 23 81 168 1 8 128 153 7 7 200 235 29 30 208 345 28 38 218 335 5 9 237 280 16 17 294 364 18 21 423 511 3 3 443 459 13 13 448 502 22 25 539 687 34 40 544 714 27 27 555 676 30 36 584 741 8 14 606 663 15 17 737 812 1 2 843 857 
19 11 15 9 64 8 9 31 64 8 8 47 85 38 44 99 225 3 6 130 163 23 23 202 310 3 3 216 234 34 38 219 382 28 28 241 348 13 37 322 470 19 34 363 480 16 16 363 403 11 31 463 564 1 2 491 499 8 8 519 551 19 19 600 687 5 11 660 694 6 8 750 792 1 2 842 854 
26 16 23 11 100 11 11 36 75 26 26 59 164 8 8 102 140 6 16 114 172 18 18 115 181 23 39 136 278 7 8 193 227 6 32 201 358 9 12 206 251 6 10 246 281 3 6 401 425 10 13 421 492 24 24 469 564 2 3 480 493 3 8 507 530 12 14 544 614 23 37 595 759 20 23 657 737 15 22 688 760 5 9 770 834 1 1 794 797 4 4 815 838 1 1 819 825 7 7 830 856 1 1 847 853 
17 2 3 45 60 10 11 48 91 28 37 61 169 3 4 193 210 8 8 198 227 7 15 221 270 20 21 255 338 26 26 437 531 36 36 479 640 10 20 480 541 32 43 542 693 14 20 602 693 33 46 654 800 15 22 693 760 1 1 703 710 6 12 808 849 2 4 817 834 
21 19 26 19 124 5 5 23 43 10 17 30 92 4 4 31 51 8 15 177 243 19 31 255 386 13 33 271 360 11 11 294 360 13 20 445 521 29 33 447 580 4 4 458 474 11 11 479 526 33 38 576 722 16 18 630 707 9 9 640 677 11 32 691 793 14 14 719 775 20 31 722 809 6 8 786 833 1 1 835 840 3 3 840 852 
17 9 9 68 102 9 11 116 157 28 32 214 371 15 22 261 338 9 10 262 301 14 19 309 391 6 6 330 364 24 41 402 530 36 38 470 637 26 27 678 803 21 27 692 821 33 33 712 824 13 13 742 846 12 21 749 805 2 2 798 807 6 8 822 858 2 3 838 850 
19 33 33 131 260 15 25 144 238 12 20 228 334 15 15 249 341 19 19 276 350 22 22 330 412 4 6 428 456 34 35 465 607 9 26 518 636 1 2 520 529 2 3 568 583 5 11 616 652 26 26 630 724 10 17 663 728 12 18 688 769 12 12 722 762 5 9 741 778 20 20 780 847 3 7 824 850 
19 26 26 12 121 26 33 92 221 2 3 110 124 6 19 121 172 10 22 198 309 16 17 240 320 19 19 263 363 24 36 313 423 13 36 316 453 10 11 419 467 6 10 439 481 19 21 440 521 14 14 482 538 33 33 497 656 2 5 503 520 4 5 523 547 6 15 588 646 10 13 700 752 5 6 833 856 
