10 36
3 26 26 265 334 34 43 551 659 12 12 631 668 
5 28 30 50 128 41 41 270 403 6 6 328 348 13 13 522 560 12 12 681 716 
4 8 8 29 47 8 9 105 130 27 30 273 356 38 43 447 569 
4 16 20 46 99 21 42 147 238 16 17 168 204 22 26 190 253 
3 12 12 14 53 16 53 373 496 46 54 426 567 
3 46 48 17 125 19 41 255 341 18 18 281 355 
6 1 1 83 86 5 7 197 210 5 8 276 295 1 1 295 299 32 32 573 662 42 65 595 699 
2 28 28 185 244 45 45 274 375 
2 48 62 336 474 22 26 592 707 
4 29 62 103 238 23 23 155 218 23 40 429 522 1 1 637 641 
