10 172
21 6 15 3 44 1 5 46 58 26 36 48 152 10 33 198 266 23 48 238 387 16 49 286 405 11 33 294 352 7 18 362 396 7 10 412 441 11 24 455 512 26 47 517 622 31 64 556 688 28 51 579 726 15 25 705 791 6 21 710 761 24 46 732 842 17 30 749 842 13 14 751 798 6 20 784 845 7 7 791 820 2 2 834 843 
19 10 16 6 55 13 26 130 191 26 33 167 275 11 21 360 415 47 70 371 531 19 38 385 498 28 28 400 529 30 35 401 519 2 4 490 500 5 10 540 562 21 51 592 721 5 9 637 663 4 16 638 681 28 33 703 801 5 6 719 749 14 35 753 828 13 26 756 824 2 4 838 848 1 1 845 848 
13 37 96 65 221 16 22 68 135 31 48 204 374 28 31 206 303 40 64 216 379 18 31 340 436 21 42 346 430 18 35 368 474 16 21 564 668 39 76 679 842 1 3 764 772 17 22 783 857 1 1 855 858 
18 5 12 24 55 21 21 26 146 26 37 26 141 5 18 50 97 2 5 126 137 11 21 247 308 7 21 279 322 12 14 360 424 19 37 426 523 2 7 435 452 26 41 472 605 33 44 532 686 34 66 594 730 9 17 624 657 9 24 636 684 41 52 650 814 9 14 654 697 3 10 798 829 
16 8 12 31 64 26 58 59 200 23 76 118 258 3 5 145 165 4 16 199 234 28 49 243 403 42 54 290 440 9 16 360 409 13 29 363 430 8 18 409 451 10 32 417 488 19 30 423 509 32 68 517 674 41 41 544 695 2 4 823 833 2 5 842 855 
18 23 34 76 177 33 88 91 261 22 31 165 285 15 27 174 243 6 10 293 323 16 44 353 464 16 35 388 476 1 6 431 447 35 68 526 687 20 43 540 632 4 8 575 597 2 4 575 587 36 40 605 732 8 22 628 706 15 44 669 752 11 17 747 796 5 14 765 831 1 1 771 774 
16 5 12 29 63 18 30 89 193 15 35 128 207 32 54 157 312 30 57 193 330 12 21 233 287 22 43 234 334 19 51 240 372 29 59 389 498 23 59 426 572 1 4 450 465 13 35 522 608 9 15 589 625 14 33 633 700 18 47 708 804 12 24 745 805 
15 3 4 63 80 9 23 80 131 34 46 106 274 32 65 243 370 12 22 290 342 7 20 395 438 46 51 446 601 3 8 500 517 38 81 657 827 32 54 688 834 22 51 702 811 7 23 751 790 5 8 801 825 13 14 808 856 1 2 837 847 
18 13 40 36 112 5 12 113 138 22 22 212 351 6 8 220 252 25 50 248 401 1 3 281 287 31 37 287 429 18 22 303 374 27 91 309 474 26 58 339 474 12 15 353 394 15 33 393 483 6 23 431 483 19 50 473 581 36 45 485 624 12 28 558 616 2 12 595 625 1 1 674 682 
18 16 29 106 168 14 31 167 245 8 21 179 218 10 39 204 293 29 58 234 343 13 14 235 293 10 18 263 302 30 58 287 415 15 32 351 427 11 17 501 544 33 57 549 666 15 40 575 689 31 65 579 721 2 3 679 687 13 31 789 853 10 14 806 838 7 23 811 853 1 2 843 848 
