10 63
4 28 41 19 162 11 14 76 138 22 26 129 228 13 13 204 267 
6 27 33 65 185 15 22 148 222 7 8 201 228 6 6 259 305 14 22 341 444 2 2 627 635 
10 13 30 32 112 1 2 46 55 1 1 129 135 21 25 236 329 4 9 301 331 1 1 367 373 29 40 397 519 9 11 436 487 1 1 455 461 16 23 619 696 
11 6 6 92 123 1 3 132 141 10 11 221 275 10 10 232 279 16 29 237 322 13 21 413 497 4 8 594 635 4 8 634 666 8 11 671 718 2 4 674 690 4 4 681 697 
6 28 37 57 188 17 26 98 182 5 14 105 144 18 24 270 341 13 13 461 516 4 4 655 667 
8 16 16 38 138 18 22 111 211 4 7 173 195 28 28 222 335 5 9 387 423 4 4 544 562 1 1 621 625 6 17 637 713 
3 30 38 269 404 14 14 343 402 30 37 500 628 
6 1 1 19 22 23 23 48 154 27 28 273 408 7 9 389 434 19 23 558 702 2 3 701 718 
2 39 44 419 564 33 33 553 673 
7 5 8 1 38 13 13 258 316 13 23 260 324 17 17 272 375 21 28 336 448 10 10 610 648 2 2 697 705 
