10 114
11 1 1 210 214 26 40 273 404 26 40 319 440 4 5 380 403 25 26 397 491 26 26 456 602 21 22 523 604 13 18 617 697 9 18 623 689 1 1 695 699 10 10 700 760 
13 22 35 9 114 6 6 25 52 1 1 132 136 1 2 171 183 4 4 233 248 17 19 252 317 23 29 352 459 15 34 425 528 27 27 442 560 7 8 516 554 20 22 559 645 24 36 647 773 4 8 699 726 
13 25 28 17 107 21 21 81 199 10 14 81 123 11 45 110 233 14 14 244 379 11 11 280 326 3 4 348 368 15 15 407 512 11 15 550 621 20 22 599 677 34 34 626 739 1 1 736 741 2 3 773 786 
10 18 18 16 80 16 23 169 268 27 27 240 362 8 9 329 367 37 45 379 536 11 12 495 548 20 30 636 746 31 31 641 782 2 2 703 714 5 7 732 752 
10 29 30 23 181 4 8 127 153 22 22 130 225 17 25 181 274 15 17 414 481 18 31 473 602 27 28 588 701 19 34 589 720 14 28 682 792 2 3 732 743 
13 1 1 35 38 28 43 92 242 17 32 191 318 34 34 209 365 24 24 295 426 24 39 328 479 15 20 363 445 10 17 406 469 13 14 420 469 1 4 482 493 8 15 483 541 1 1 593 600 13 14 621 670 
11 11 11 82 143 5 5 91 113 29 36 213 341 5 5 250 276 31 31 280 421 18 18 431 502 12 16 578 648 4 4 608 628 22 29 616 727 2 2 638 648 25 28 649 778 
11 28 47 150 281 8 17 236 285 43 43 406 559 9 19 492 557 23 51 552 706 18 33 570 699 16 26 573 664 20 20 594 685 13 15 671 757 3 3 720 738 1 1 742 749 
9 22 22 130 254 12 20 294 364 17 19 311 395 5 8 405 442 26 29 476 600 43 43 540 695 1 1 600 607 19 26 675 773 20 20 680 760 
13 3 3 53 70 7 14 92 140 23 29 125 236 40 40 144 295 8 19 151 202 9 11 223 271 11 14 235 284 6 11 268 319 6 9 375 405 33 37 395 533 35 35 435 576 1 1 765 772 1 1 768 771 
