10 65
3 78 78 471 626 52 59 502 651 26 31 726 785 
9 27 31 40 107 1 1 77 82 5 9 305 322 41 75 397 543 49 49 452 584 14 40 513 635 24 24 648 737 20 34 713 790 6 6 739 755 
5 16 18 269 336 49 49 299 418 51 51 406 502 33 55 475 631 4 12 648 671 
7 28 28 83 167 20 34 87 180 58 58 314 463 11 20 441 498 16 16 484 530 31 51 562 671 30 53 676 788 
7 1 1 73 76 48 48 75 194 49 49 100 225 22 42 169 252 39 52 226 351 10 29 571 613 10 10 755 783 
12 24 24 15 76 7 10 269 290 7 13 332 363 6 6 345 372 25 25 345 422 32 64 440 565 1 1 520 523 32 37 676 773 18 19 715 750 1 2 760 766 2 2 784 789 2 2 785 791 
6 50 50 153 294 26 32 335 410 37 37 450 551 11 11 598 647 25 28 692 759 17 17 698 735 
6 37 37 234 319 11 23 261 312 29 29 456 522 41 59 488 625 33 40 583 715 23 23 677 722 
7 14 16 46 87 10 14 217 256 32 43 292 408 39 42 311 400 11 11 358 390 21 34 439 501 36 45 588 693 
3 74 76 540 691 65 65 579 729 27 46 659 785 
