10 122
9 17 17 98 206 36 37 100 230 1 2 183 194 33 38 413 561 29 34 456 594 29 30 493 638 6 7 638 668 12 21 744 811 1 1 813 817 
11 11 14 51 96 13 28 71 172 16 30 73 180 25 25 154 298 15 15 309 397 6 6 313 343 22 41 336 486 33 33 452 591 1 1 601 605 17 17 633 777 17 17 687 763 
15 1 2 18 28 4 5 28 54 2 2 51 63 16 20 74 139 26 26 101 222 5 6 182 215 20 21 203 297 9 13 209 257 21 30 292 398 10 10 313 353 26 26 463 598 4 6 500 526 3 6 590 609 5 12 730 769 2 2 777 785 
12 9 10 16 71 9 9 140 187 3 5 163 179 31 42 315 442 17 17 346 418 32 40 350 499 7 7 505 547 17 25 537 621 1 1 611 617 5 5 696 720 1 1 699 703 23 29 719 814 
15 4 13 314 364 14 20 322 410 5 9 355 380 9 11 422 454 16 18 431 494 10 24 434 519 11 30 530 627 25 36 540 653 9 11 573 614 4 6 644 665 25 25 675 790 9 10 677 728 3 14 750 790 2 4 773 792 8 9 777 817 
13 1 2 23 32 24 24 27 144 2 2 94 102 12 16 191 243 14 16 273 335 14 14 389 442 22 24 428 520 12 15 455 529 6 11 548 587 11 16 574 634 22 39 657 780 26 26 666 772 7 8 758 796 
10 34 37 108 258 19 28 141 229 6 12 162 214 16 27 251 329 7 8 344 375 27 42 533 662 38 38 599 739 4 6 745 771 1 1 769 774 2 2 781 794 
15 9 9 29 61 7 12 75 119 16 18 142 220 16 21 167 239 13 17 272 338 6 10 370 393 18 18 412 490 22 30 493 642 8 11 510 548 7 7 520 561 20 60 540 693 2 6 667 692 7 23 724 790 5 17 763 819 3 3 777 795 
12 2 3 111 125 17 30 125 273 19 29 181 305 14 16 186 295 28 32 210 335 9 9 284 321 22 33 394 505 51 51 409 563 5 8 531 561 1 1 652 659 1 1 674 679 17 24 712 799 
10 22 47 0 139 3 3 51 71 16 65 69 220 5 6 158 184 14 33 184 306 34 43 396 550 41 41 610 748 8 13 636 686 16 30 711 804 4 5 777 799 
