10 232
23 7 59 20 159 1 28 31 82 1 23 36 109 8 49 46 185 3 41 85 176 3 18 91 166 4 12 111 215 4 34 195 290 5 30 323 435 3 22 325 396 1 4 349 360 2 26 369 432 1 6 417 436 8 45 418 540 1 5 423 433 3 48 466 557 4 46 555 654 5 55 598 723 4 33 623 717 6 27 646 744 4 37 654 736 2 20 695 743 1 3 734 743 
24 7 58 40 185 8 47 53 185 2 13 63 115 1 8 81 109 4 26 87 174 5 49 119 260 5 48 124 213 2 12 132 174 1 11 153 183 5 41 250 350 6 33 328 433 3 28 336 416 1 2 381 387 1 16 397 439 1 10 484 520 6 36 500 604 4 44 561 651 2 17 573 638 6 27 638 725 1 5 668 697 2 24 676 731 1 12 699 735 1 2 701 706 1 11 715 746 
20 4 41 45 157 4 72 52 201 6 60 63 176 4 24 88 151 1 12 131 162 4 34 179 253 8 64 180 317 5 33 221 362 6 45 232 370 1 2 242 247 6 34 249 354 8 69 278 425 3 36 328 443 1 5 427 443 5 57 448 578 2 60 547 666 3 29 547 611 1 9 548 573 3 35 613 694 1 11 657 694 
20 3 44 18 132 6 35 20 144 2 13 26 69 3 19 51 110 4 29 99 180 7 45 140 267 6 51 146 248 1 6 152 167 4 30 253 341 4 32 263 371 7 55 295 395 7 63 391 523 4 52 423 554 6 46 476 578 2 12 524 560 3 22 608 689 1 6 622 635 2 19 635 679 6 42 639 735 1 3 732 740 
23 9 68 77 209 2 46 121 218 4 55 161 311 1 4 162 171 3 23 162 221 7 37 163 296 3 54 212 351 9 69 214 354 6 61 241 350 4 37 322 432 1 4 340 353 1 12 410 441 1 5 414 426 3 29 469 560 3 26 513 587 6 43 515 651 5 42 554 679 1 1 558 561 1 2 639 646 1 10 682 719 1 5 710 729 3 7 710 747 1 9 712 741 
19 4 55 14 124 4 44 56 145 4 31 74 135 3 16 110 168 1 8 134 158 7 63 174 299 5 28 273 379 9 38 320 469 1 4 380 389 1 10 404 433 3 22 420 485 3 27 420 508 7 54 483 612 3 26 486 558 6 60 533 662 6 55 595 744 6 47 632 751 1 7 724 750 1 3 736 747 
25 4 36 16 94 4 28 64 154 6 64 84 208 1 10 115 138 1 7 202 226 7 48 219 344 2 30 222 297 3 31 226 326 3 14 229 272 2 18 235 291 3 37 282 372 1 11 302 327 1 7 307 321 9 56 408 554 1 8 413 436 1 3 431 445 3 58 434 581 11 45 473 609 3 44 541 683 1 3 568 589 5 36 609 730 1 17 612 662 4 60 623 739 1 4 734 747 1 2 739 744 
21 4 47 59 169 2 12 84 120 2 18 118 167 6 27 145 278 4 65 194 331 8 39 200 329 3 15 225 281 7 50 236 379 1 4 258 271 1 11 379 409 9 54 402 521 2 21 425 476 2 27 445 502 6 62 452 583 1 4 483 491 7 62 499 612 1 7 508 538 3 26 550 615 3 24 577 648 3 13 656 704 1 10 711 739 
30 2 15 55 88 1 6 91 109 1 2 109 115 5 54 114 250 3 29 122 196 1 9 161 182 7 50 166 310 4 28 254 332 1 1 261 265 6 41 273 421 4 27 275 364 4 46 286 413 2 16 330 380 3 19 367 425 1 6 413 430 2 26 425 497 3 53 447 581 4 34 478 562 2 10 542 582 1 5 552 563 2 23 562 640 8 53 566 693 6 65 579 683 1 6 642 659 3 23 660 727 1 14 660 691 1 11 664 693 1 7 694 712 1 10 720 740 1 13 721 741 
27 2 22 0 42 1 16 79 121 8 51 119 254 6 74 127 274 3 29 135 203 6 28 174 303 1 2 180 189 8 45 183 324 5 39 219 328 4 39 222 316 3 24 289 395 1 9 318 346 1 15 321 357 1 14 381 411 3 33 392 455 1 11 393 422 4 27 408 489 3 27 468 559 6 62 495 638 1 8 512 528 2 29 512 573 3 21 529 611 2 17 549 589 4 30 567 656 1 16 712 745 1 7 722 743 1 3 746 751 
