10 182
19 17 39 9 95 3 3 11 24 2 4 24 37 19 32 125 237 4 11 145 167 10 25 286 341 43 75 306 467 19 63 338 445 30 71 396 560 19 40 419 523 14 42 643 742 25 37 684 791 16 41 704 784 40 58 707 839 7 19 733 785 7 15 772 807 9 11 803 843 1 4 831 839 2 5 860 873 
15 31 51 50 195 27 66 90 245 6 17 354 400 41 81 393 563 8 17 455 491 15 48 456 589 28 68 476 643 1 3 561 570 10 14 582 621 23 30 591 702 13 27 636 723 34 44 652 763 2 6 720 738 12 29 775 832 23 42 778 871 
22 38 48 38 204 5 9 45 94 7 13 108 151 17 38 121 217 3 7 124 144 1 3 162 168 7 12 273 306 6 10 352 387 25 63 407 534 46 46 466 642 2 9 502 519 2 2 503 511 19 37 526 619 34 72 559 730 16 26 586 659 4 10 622 649 3 5 628 649 17 17 635 715 25 59 745 863 10 22 796 850 10 13 802 833 3 10 803 823 
16 19 32 32 143 1 5 37 52 4 4 75 98 18 28 96 191 12 28 125 211 7 18 192 236 21 60 257 401 38 54 341 499 31 59 411 571 24 40 411 517 16 46 451 574 15 47 477 589 38 80 569 746 2 6 652 664 15 26 656 742 18 48 725 854 
16 8 14 116 147 36 65 167 326 22 61 184 340 24 47 197 298 3 7 251 267 12 15 290 332 23 47 314 422 10 25 337 405 28 51 544 697 12 41 574 642 15 30 593 650 26 54 629 801 8 8 664 716 28 43 668 774 15 16 712 773 4 17 822 871 
21 23 49 12 135 7 33 55 132 18 18 60 143 25 64 138 259 13 21 198 258 23 67 263 398 3 14 307 345 13 24 324 396 1 1 337 345 27 52 459 591 23 56 500 618 24 42 569 701 19 43 598 687 28 45 664 779 10 13 683 736 8 18 733 773 1 1 749 755 9 28 800 858 1 2 820 825 2 9 822 846 2 4 845 854 
18 27 41 13 112 17 26 108 176 12 39 123 233 1 2 139 147 39 66 150 327 32 52 207 329 10 17 289 328 12 13 331 385 29 66 521 652 1 1 543 548 23 32 604 726 16 31 643 734 4 8 680 703 42 60 683 821 14 21 762 849 2 8 779 798 1 4 862 873 1 1 875 881 
24 38 56 19 177 18 57 25 193 21 59 45 183 23 45 95 247 1 3 97 109 9 29 108 163 7 17 198 247 17 28 216 283 15 52 239 331 14 39 286 362 6 25 311 363 3 6 360 380 7 11 419 450 5 6 435 464 39 64 441 570 5 12 444 472 1 1 500 503 1 1 523 527 25 35 550 707 2 3 720 729 19 24 767 834 5 12 789 820 6 17 818 861 3 9 865 885 
14 13 43 48 153 27 54 114 268 13 38 338 443 24 47 349 459 35 65 351 497 21 21 352 445 33 59 353 495 24 24 401 513 4 10 493 522 19 30 542 610 21 41 715 872 20 29 766 855 22 25 774 879 2 6 825 840 
17 23 24 8 104 14 22 283 378 1 3 307 313 24 52 314 454 10 18 328 377 13 48 344 428 5 11 433 459 46 75 444 621 35 92 476 606 16 43 503 585 5 5 521 547 24 82 557 717 11 17 565 618 23 61 595 733 27 40 614 752 16 22 648 714 3 4 784 798 
