10 456
53 1 6 0 15 1 2 25 31 3 27 57 137 1 24 64 110 4 33 65 173 4 72 68 199 5 30 69 165 1 8 98 117 3 28 131 232 1 6 136 151 3 22 147 217 3 31 148 217 2 9 164 212 1 7 183 212 5 58 199 336 8 68 220 371 4 30 221 327 3 53 222 324 2 12 236 271 6 24 257 390 1 2 289 295 1 10 317 346 1 7 322 347 7 48 322 419 4 41 358 453 3 27 362 448 4 18 376 464 6 33 409 508 1 10 434 463 6 64 438 551 1 8 444 460 1 12 474 500 5 25 485 556 5 56 488 598 4 47 499 621 6 62 501 660 1 13 502 539 4 18 517 618 1 5 521 537 4 42 542 678 3 22 551 608 4 52 555 677 6 35 556 707 3 7 588 637 2 13 625 669 8 58 634 777 7 29 680 780 1 5 682 692 1 2 696 710 2 33 736 798 1 7 793 812 1 3 794 801 1 1 815 819 
36 7 60 28 167 2 20 32 90 1 17 37 70 3 53 61 156 6 62 62 209 5 36 79 180 6 46 95 235 2 10 128 158 8 43 132 257 4 39 137 236 4 21 156 234 8 33 194 335 5 49 297 402 6 67 303 442 13 66 314 471 6 50 318 444 4 30 324 405 8 59 338 487 3 54 361 443 4 26 382 476 1 10 383 402 10 69 387 525 2 26 423 487 3 42 426 532 9 55 453 609 4 25 465 555 2 13 523 561 2 34 533 598 1 10 554 576 1 1 648 651 10 50 651 809 1 19 692 726 4 16 727 792 3 20 729 785 1 2 790 794 1 6 791 818 
38 6 38 7 135 6 42 8 134 2 38 53 128 1 22 86 126 8 58 143 288 4 48 160 271 6 70 192 330 2 28 224 277 1 15 269 296 8 24 282 427 6 76 295 438 9 32 317 471 1 18 381 419 3 16 422 480 9 44 422 545 8 52 432 589 6 69 441 568 3 24 442 493 2 25 443 510 2 16 447 492 1 7 453 470 11 62 456 593 6 42 465 596 4 24 486 550 7 48 487 643 3 23 505 589 8 60 526 678 6 62 530 681 1 8 532 559 6 37 537 647 5 52 561 658 1 11 664 685 1 24 722 792 1 10 740 760 1 16 742 782 3 28 742 810 1 3 784 795 1 4 798 808 
44 2 21 24 76 6 64 27 165 5 38 28 153 2 8 131 167 4 55 141 231 1 2 171 176 7 67 175 307 4 38 188 276 4 52 204 337 2 19 220 279 5 26 223 323 2 25 227 276 6 58 236 395 5 40 250 365 5 80 254 409 5 55 258 388 3 60 274 415 1 3 294 300 1 16 317 353 1 12 351 375 6 45 355 485 5 52 418 527 4 26 429 489 7 81 441 592 3 16 442 512 6 69 446 574 3 27 448 535 1 2 475 480 7 60 509 657 1 34 547 621 7 35 550 702 7 62 589 717 6 53 593 722 1 6 601 616 5 42 602 697 3 48 629 746 4 39 677 771 3 48 685 815 4 33 693 764 4 31 695 790 2 23 695 747 1 10 782 810 1 3 792 804 1 2 814 819 
49 3 35 1 62 2 39 29 95 5 36 78 177 6 72 82 244 2 28 89 156 2 17 95 128 1 7 95 116 9 43 120 264 3 20 125 177 7 29 170 283 1 8 195 214 6 48 233 339 1 7 251 282 1 2 272 278 5 26 288 380 2 12 307 358 8 73 350 492 3 29 351 440 6 44 370 470 1 3 397 410 1 2 406 416 5 42 431 521 7 31 437 545 1 4 452 463 3 27 462 531 1 11 496 521 9 93 500 661 3 35 522 633 5 26 540 663 6 49 550 693 4 40 556 645 3 14 565 611 3 17 565 609 1 1 570 573 6 26 586 708 3 43 603 690 7 34 611 714 1 9 657 687 1 7 686 703 1 22 693 735 6 64 704 814 1 13 717 745 1 2 732 743 2 14 748 780 1 3 761 772 1 2 782 794 1 1 792 798 1 4 810 818 1 1 812 815 
47 4 34 10 93 3 20 30 82 1 6 31 43 5 47 35 139 5 33 36 110 9 79 40 187 3 15 42 100 4 34 63 167 6 71 75 224 2 20 85 149 2 10 118 168 3 29 128 205 5 37 147 241 6 51 155 268 3 37 182 254 7 74 199 353 4 68 251 393 1 3 327 337 3 41 350 439 3 44 356 483 4 57 359 490 3 36 363 467 4 13 374 464 1 3 382 391 7 32 397 542 6 27 416 535 4 67 436 568 1 7 475 490 3 31 477 554 4 53 481 590 4 16 483 571 1 10 499 531 7 39 509 665 3 36 510 588 8 55 540 657 1 35 551 669 3 14 556 600 1 5 576 588 1 14 581 612 6 56 586 707 1 12 636 675 2 17 652 696 3 61 679 784 2 16 728 772 3 39 731 805 1 7 772 806 1 1 787 790 
45 6 52 19 151 2 11 23 67 3 36 36 116 5 48 42 125 5 46 52 150 1 10 55 78 6 53 79 206 2 28 104 158 1 11 126 159 4 21 129 214 8 66 139 280 10 61 139 282 7 60 139 280 4 36 173 261 8 83 181 340 1 6 218 243 4 24 220 281 1 19 241 279 1 14 270 311 3 34 286 356 1 3 286 301 3 19 294 359 5 22 295 363 3 40 367 442 2 24 380 459 4 26 394 458 5 33 434 520 1 12 447 472 1 3 450 461 5 41 462 549 6 23 465 614 4 73 491 639 5 26 502 591 1 4 537 548 8 60 648 795 9 43 654 797 1 10 697 721 2 23 717 762 4 31 723 797 3 29 724 795 1 14 746 779 1 11 748 780 3 21 753 815 1 6 800 816 1 1 812 815 
54 1 19 7 43 4 40 10 104 1 15 22 63 1 11 28 61 1 1 35 38 4 41 43 143 1 3 47 55 1 9 48 65 1 28 56 103 7 70 67 229 2 25 82 153 7 49 105 267 1 13 113 154 6 46 134 246 1 8 204 223 4 64 237 349 6 46 262 412 7 42 263 418 5 62 274 420 9 61 289 444 3 27 311 374 8 61 314 434 3 40 340 424 1 9 341 387 2 20 347 386 1 3 351 366 1 12 372 397 2 19 392 451 4 47 396 481 4 52 400 495 5 27 424 520 2 22 424 483 1 4 435 446 5 26 452 541 3 23 455 515 1 5 471 498 3 24 473 539 2 15 519 565 5 39 537 627 1 2 553 559 1 13 557 598 5 48 564 699 1 13 569 594 3 23 589 649 4 38 595 714 6 48 598 706 2 18 647 721 5 54 678 813 1 2 681 688 1 3 714 723 1 5 779 799 1 9 790 815 1 2 794 804 1 1 798 802 
44 1 7 26 43 1 16 33 77 7 35 55 194 2 14 56 96 8 66 113 238 3 26 120 168 2 47 133 265 6 52 175 283 3 52 186 316 1 15 190 223 4 7 197 288 4 35 211 357 4 45 248 334 2 12 256 303 8 80 258 413 3 31 274 358 2 21 283 343 3 28 314 389 2 28 331 395 2 39 336 438 5 19 345 430 7 49 366 512 1 4 398 408 4 47 421 534 6 49 443 556 8 32 447 562 1 9 478 503 5 50 480 593 2 26 499 554 11 40 507 661 3 44 523 672 4 28 538 609 8 87 566 728 4 47 604 697 1 10 605 627 4 38 616 703 5 40 637 751 2 23 660 717 5 53 701 799 1 22 713 757 3 22 721 806 1 1 734 737 1 6 748 759 1 9 780 802 
46 1 3 3 10 1 4 5 18 4 29 15 109 5 47 24 136 4 27 28 93 4 43 81 211 1 4 90 101 1 12 94 118 5 36 99 194 2 14 149 183 1 13 169 196 5 48 169 292 5 58 192 331 1 12 195 230 9 38 209 329 6 41 212 328 7 72 260 397 7 58 269 421 5 40 271 390 1 10 291 320 1 11 369 406 3 16 380 436 9 47 397 548 2 14 401 448 11 83 415 563 1 8 430 452 7 60 459 572 3 29 474 555 8 37 487 635 4 36 583 682 5 55 584 705 1 18 607 655 1 13 617 655 4 27 653 738 2 22 671 727 1 1 675 680 6 33 679 804 2 24 686 745 5 25 689 766 2 27 697 766 1 8 701 719 3 14 708 765 1 2 729 739 1 3 789 804 1 5 790 805 1 3 802 809 
