10 142
12 40 40 56 215 17 48 57 228 15 18 151 225 40 43 193 353 11 12 204 271 23 23 338 457 39 39 427 604 4 5 447 475 11 12 510 553 27 27 681 823 8 8 725 768 3 4 869 886 
15 15 23 5 98 29 46 76 217 11 20 85 149 46 46 155 303 15 23 179 295 1 1 247 253 43 49 283 454 15 22 288 367 3 5 302 320 23 23 428 511 1 5 623 643 22 27 692 830 8 11 800 847 10 10 838 886 1 1 860 869 
14 13 13 10 101 45 45 42 207 9 12 134 185 14 20 218 304 22 38 300 416 23 27 354 473 6 6 408 438 8 14 410 469 22 22 581 683 38 38 676 840 14 32 702 816 16 26 748 835 5 6 805 833 2 3 855 869 
11 15 15 17 78 15 35 22 117 33 33 84 208 17 25 84 155 30 30 139 270 37 37 176 350 20 27 194 327 23 23 335 422 19 22 574 667 11 18 583 640 24 30 645 742 
16 36 36 1 124 23 29 283 389 8 10 290 340 17 17 309 409 12 12 335 393 44 44 388 538 4 4 399 420 25 25 415 532 21 28 553 671 10 19 570 673 9 12 582 634 14 21 681 775 7 12 686 728 13 21 743 816 6 9 793 822 1 1 872 877 
12 30 30 45 193 28 31 221 354 33 58 267 421 15 20 289 375 3 21 376 429 44 61 535 694 18 27 542 697 25 26 579 698 12 12 649 699 20 20 793 857 9 13 799 849 6 7 804 854 
16 1 2 8 15 16 39 34 158 25 49 85 238 36 36 122 271 22 22 158 255 5 5 170 201 13 24 268 350 8 10 377 426 10 18 430 496 46 46 472 628 27 33 518 633 13 13 618 705 3 4 704 719 10 10 739 772 17 24 790 878 2 4 839 863 
15 14 21 60 158 25 38 79 213 11 11 132 176 32 41 140 296 13 16 304 363 13 22 312 369 11 12 414 462 8 26 435 548 11 19 484 551 16 26 504 644 5 11 522 565 14 48 559 719 26 41 630 781 26 26 728 871 15 21 763 837 
16 12 23 75 144 20 20 122 207 19 29 179 288 32 35 189 322 3 10 384 419 11 11 389 475 23 33 429 567 24 28 453 586 19 31 501 646 25 25 551 657 16 16 752 803 1 1 768 774 13 13 806 866 14 22 813 882 2 4 840 858 1 1 866 869 
15 21 29 8 130 3 3 36 54 8 16 86 143 6 6 155 179 29 63 187 360 7 16 194 253 13 31 225 317 29 43 225 372 2 2 334 344 24 30 420 568 42 48 536 689 48 48 570 716 3 4 626 643 1 1 713 716 2 3 855 870 
