10 119
14 1 2 65 76 20 91 191 334 15 49 214 327 14 39 215 308 16 65 215 331 12 28 220 272 10 24 309 359 6 19 333 379 12 37 469 567 22 76 483 607 5 15 488 512 1 3 539 548 26 47 583 731 3 7 680 698 
8 24 55 218 309 27 46 269 389 30 43 281 398 20 30 287 353 22 36 346 450 9 33 373 515 18 31 586 677 2 6 789 806 
13 8 19 104 152 13 26 202 282 7 19 208 249 12 28 249 311 6 13 275 316 7 37 330 384 8 23 336 383 16 48 460 623 27 55 465 622 27 43 479 622 10 12 646 682 12 14 689 755 1 1 801 807 
15 24 40 30 149 1 2 66 72 5 15 74 102 4 9 79 107 6 20 235 269 13 25 283 366 15 50 439 564 8 13 522 558 21 49 556 639 2 5 592 607 14 17 706 765 17 49 721 814 9 13 741 781 6 23 745 798 8 13 766 809 
15 6 14 12 42 14 22 26 94 21 36 62 179 24 65 111 218 35 83 116 272 2 4 118 130 4 12 359 382 1 3 374 380 6 12 384 421 1 2 413 420 15 31 443 513 11 21 460 505 2 3 666 675 5 14 693 722 8 19 704 761 
12 1 4 21 31 9 10 82 124 7 7 172 211 26 78 191 351 8 29 200 302 39 90 328 482 17 59 417 527 31 83 529 681 12 15 557 612 7 27 659 724 5 17 747 815 10 23 748 794 
10 18 33 198 264 20 39 214 324 28 76 219 366 12 37 355 431 24 41 472 605 15 32 519 607 10 27 550 609 21 29 631 745 3 7 687 705 19 28 692 794 
12 21 21 13 136 8 24 160 213 14 45 219 337 27 58 309 438 4 6 365 394 23 69 410 552 7 22 554 594 8 10 560 592 1 3 572 580 12 22 615 684 23 37 679 819 14 31 710 776 
9 19 55 82 217 37 37 153 316 11 12 287 342 31 70 299 442 28 47 334 491 6 11 496 533 16 49 616 759 8 20 746 793 1 2 815 819 
11 38 66 118 276 4 12 260 281 25 43 295 423 5 13 324 357 5 5 408 427 13 32 431 519 23 117 517 668 31 35 615 744 26 46 677 777 1 1 808 811 1 2 811 817 
