10 37
3 66 66 18 148 15 19 550 593 46 72 629 751 
3 38 39 42 162 19 30 612 702 28 28 628 680 
3 24 25 278 338 34 44 329 437 52 89 432 571 
4 8 8 469 506 3 3 599 607 58 59 605 738 30 45 631 726 
4 12 17 104 137 40 45 297 408 38 48 474 563 21 31 578 643 
5 44 53 9 124 7 13 56 78 38 52 259 367 5 5 536 550 7 7 660 681 
4 7 7 55 78 23 44 248 344 18 60 251 363 33 33 432 528 
3 32 38 309 390 50 55 465 613 6 8 691 708 
5 9 9 141 165 37 37 223 327 15 15 596 626 21 21 696 747 3 3 697 708 
3 10 20 38 88 18 22 182 223 59 59 259 371 
