10 61
9 35 49 235 333 25 27 314 376 11 15 473 508 56 56 557 676 40 43 663 770 1 1 713 717 19 19 716 774 3 4 747 761 4 4 788 800 
7 7 9 129 148 54 63 232 378 24 56 351 437 23 29 642 722 24 44 647 726 14 23 696 743 16 16 733 761 
6 58 58 65 201 43 45 269 376 11 18 274 324 32 37 283 372 1 2 365 372 3 3 597 605 
6 27 36 126 204 19 47 277 342 54 54 332 485 25 33 433 490 32 32 511 605 11 15 597 642 
5 52 69 30 151 38 54 35 171 34 45 48 162 16 16 60 105 31 31 621 702 
6 13 13 25 68 21 26 175 249 23 44 180 258 62 62 461 599 22 29 577 639 16 16 782 818 
5 21 27 63 128 5 6 179 191 47 52 490 646 27 47 555 657 58 64 639 762 
5 16 24 303 355 35 35 429 509 46 56 550 660 40 40 600 689 15 18 685 725 
6 38 38 104 180 27 48 191 291 57 57 616 728 23 23 625 687 24 33 708 811 6 10 750 780 
6 12 14 38 94 14 14 48 106 37 63 68 202 42 57 80 213 12 19 351 388 35 37 509 657 
