10 55
5 18 28 81 211 7 10 294 329 14 27 402 544 20 23 600 674 8 9 686 715 
4 23 31 73 180 25 25 397 497 22 27 511 643 10 34 601 723 
4 30 30 299 444 35 35 458 596 11 34 526 616 1 1 639 645 
9 5 6 74 102 1 1 102 106 37 44 203 326 14 14 353 419 8 8 509 542 13 20 650 733 8 8 684 722 1 1 706 710 3 3 738 750 
5 5 8 117 146 15 17 304 367 16 25 537 624 10 10 601 634 21 21 635 735 
9 6 10 13 49 5 10 131 171 26 48 269 416 13 13 299 379 1 2 384 394 1 3 443 453 19 19 522 592 4 4 608 630 4 6 726 748 
4 19 26 81 180 31 31 187 307 12 21 488 584 28 28 544 683 
3 2 3 305 318 37 37 340 485 27 33 551 697 
6 12 14 132 185 7 11 157 202 19 30 344 455 25 30 442 568 10 10 538 590 3 4 725 750 
6 27 27 336 472 9 12 387 454 10 11 460 529 10 10 652 695 4 6 709 742 8 8 710 739 
