10 90
11 43 55 38 134 6 9 72 92 12 13 84 117 15 27 149 200 55 55 196 355 11 11 213 238 29 47 319 470 41 41 323 431 24 28 504 571 2 2 703 707 19 21 823 874 
13 26 27 4 76 9 11 215 246 58 58 355 487 16 57 498 624 48 48 550 663 35 35 551 654 16 23 603 685 12 17 626 669 18 18 651 692 21 21 768 808 15 15 824 869 9 9 824 846 7 7 848 871 
8 38 55 132 260 18 29 140 195 48 50 184 333 1 1 273 277 53 62 288 409 36 70 353 513 42 43 383 494 33 45 477 590 
5 54 54 51 205 36 40 61 165 79 79 360 526 30 35 498 583 67 91 553 697 
7 42 42 93 229 35 35 385 466 45 45 415 503 46 63 555 664 24 24 613 685 65 65 617 792 28 35 690 767 
8 56 56 31 187 31 31 124 200 39 39 647 748 62 66 657 807 35 35 685 753 45 45 785 878 3 6 868 884 4 4 871 881 
8 54 54 150 293 86 95 485 657 9 12 589 615 13 15 589 626 33 33 660 736 44 61 663 801 8 13 692 732 17 26 817 879 
8 18 24 8 75 25 25 56 114 40 50 61 186 11 11 323 346 63 63 337 491 11 11 508 537 69 73 640 807 53 67 669 814 
9 32 46 128 217 45 59 134 266 52 52 202 342 31 50 309 457 20 26 335 403 1 2 348 353 27 31 381 479 32 35 393 465 20 23 689 751 
13 48 68 113 274 26 32 152 215 14 25 214 260 37 37 307 400 2 2 326 330 46 46 447 551 10 10 455 487 1 1 567 570 21 27 677 750 44 55 711 826 6 6 741 758 3 3 827 836 4 4 852 865 
