10 65
7 3 11 0 28 23 54 23 137 14 31 161 227 3 10 290 317 10 25 340 402 8 19 349 390 16 26 361 437 
5 14 46 343 467 19 88 414 546 14 41 423 522 1 4 482 494 33 35 483 620 
6 9 16 200 245 16 38 297 365 7 28 326 393 34 40 340 474 6 12 467 497 16 42 482 594 
9 10 20 189 237 2 8 219 233 14 38 251 377 11 29 333 396 23 34 351 474 1 1 374 379 2 4 429 451 1 2 675 685 7 16 699 736 
8 12 47 192 295 7 12 309 348 8 26 478 530 6 6 510 546 18 33 589 668 18 37 621 715 5 16 684 717 2 5 739 750 
8 11 19 239 292 21 64 265 378 5 12 378 409 21 26 436 539 8 23 442 483 13 30 452 512 2 4 698 709 1 4 701 709 
7 5 5 140 166 16 21 151 238 23 25 288 403 13 40 376 491 15 31 490 548 3 3 726 737 1 1 741 745 
5 13 23 208 270 19 58 233 351 11 25 282 345 23 32 359 455 18 37 524 620 
5 20 74 75 202 9 25 254 316 13 18 309 360 40 62 587 716 1 2 681 684 
5 9 23 17 89 10 26 19 88 10 24 489 544 27 66 543 679 17 19 620 679 
