10 230
23 2 17 43 91 4 43 55 177 5 46 97 216 1 2 99 110 1 7 108 123 2 27 124 188 7 55 128 248 7 51 144 278 1 27 150 272 1 30 174 267 5 33 176 275 1 3 178 187 4 55 271 382 1 13 290 332 7 43 341 472 2 45 425 529 5 50 487 610 7 34 489 625 2 14 510 558 1 4 577 594 1 14 604 632 1 3 673 683 1 2 681 685 
21 3 29 26 129 1 19 30 64 7 48 50 173 6 55 82 188 4 31 83 182 5 28 102 202 2 32 134 218 1 8 216 243 5 41 229 355 5 70 237 370 5 49 280 383 5 46 371 461 1 5 387 403 1 7 404 424 4 47 466 549 1 9 548 566 3 37 567 668 1 3 571 580 2 25 572 649 2 32 603 678 1 9 634 656 
25 3 30 3 81 2 16 50 99 5 54 95 216 1 4 129 141 2 11 163 195 7 62 181 316 3 30 198 304 3 30 217 276 1 3 231 238 1 15 239 283 7 60 243 372 1 9 244 273 1 16 293 330 4 52 339 463 1 6 409 432 3 22 410 463 1 9 424 440 1 1 450 453 4 46 498 618 2 18 506 564 5 47 512 643 1 7 526 550 4 28 531 656 1 10 565 586 2 16 591 635 
19 5 45 14 133 6 22 121 213 6 36 141 256 2 25 141 190 2 16 143 182 1 9 163 203 3 41 232 318 2 12 302 356 6 41 312 441 5 40 327 446 3 27 351 409 6 64 381 515 2 23 397 441 4 44 437 539 3 38 515 604 4 35 545 659 3 22 549 612 2 21 566 621 1 5 666 680 
26 2 15 33 69 2 20 38 82 3 43 43 124 3 54 63 196 3 29 73 155 1 1 75 78 2 18 124 177 7 65 127 250 5 56 143 271 5 54 149 248 7 44 190 296 1 1 203 206 6 31 217 343 3 26 219 281 3 17 222 320 1 14 360 388 1 8 412 438 4 48 432 520 1 2 460 466 1 12 501 532 4 44 543 639 1 19 567 626 1 7 593 620 1 10 625 651 1 4 626 637 1 1 658 661 
21 1 1 45 49 3 40 47 115 5 38 60 172 4 32 88 175 1 9 94 117 3 38 153 237 1 32 160 225 2 16 236 300 6 29 239 325 2 16 256 315 1 6 333 351 2 72 372 505 3 20 434 488 4 37 452 539 4 49 496 598 7 64 505 641 4 32 519 603 2 11 580 615 3 17 602 644 4 25 603 667 3 17 616 679 
21 3 47 14 90 1 31 28 104 6 32 157 274 2 33 316 396 2 52 329 435 1 4 355 369 1 11 364 388 7 40 378 513 4 35 393 495 2 16 407 456 7 32 458 578 2 17 490 525 4 33 497 574 4 22 519 600 4 36 535 626 7 52 549 662 1 11 583 613 1 1 599 603 4 23 599 668 1 2 631 642 1 1 681 684 
24 1 4 7 16 1 5 36 45 5 46 37 126 2 17 40 80 4 16 59 116 5 52 96 203 1 6 116 136 2 28 165 235 1 10 228 257 1 6 287 304 1 4 333 347 1 9 333 355 6 30 334 421 1 10 382 403 2 11 390 422 3 26 391 470 5 53 419 542 5 40 439 523 3 22 451 508 6 39 462 566 6 38 495 614 1 4 571 583 2 21 592 638 1 8 642 664 
31 2 55 33 123 4 50 36 159 3 38 55 135 1 7 108 128 3 25 133 195 4 50 147 238 1 4 178 189 1 2 205 210 2 20 218 285 1 19 229 273 1 8 231 248 5 45 244 376 1 11 250 281 1 2 266 274 1 3 270 281 5 34 270 390 7 32 330 431 2 22 343 408 1 3 402 414 1 3 415 424 2 24 426 487 5 35 437 523 1 6 442 455 2 54 456 580 1 21 605 649 1 11 607 646 1 9 623 642 2 16 626 676 1 7 636 658 1 4 664 673 1 2 679 684 
19 3 22 24 72 2 28 31 95 3 25 38 97 4 44 69 168 3 26 78 150 1 9 86 107 5 41 111 221 5 34 139 234 3 23 203 287 4 31 240 315 1 8 287 306 4 43 366 456 6 61 431 564 1 5 475 495 4 59 479 584 7 44 506 608 5 37 513 646 2 22 555 599 3 24 569 653 
