10 180
15 25 25 5 117 26 36 100 247 32 35 102 214 10 30 203 284 1 1 298 307 38 38 373 516 13 14 378 447 13 14 422 488 5 6 478 504 31 48 503 616 13 22 611 665 7 7 654 693 8 8 698 749 11 11 714 756 6 13 761 802 
20 24 24 19 131 7 11 162 198 36 55 213 368 4 11 241 274 28 28 268 390 25 28 316 430 5 5 346 368 3 3 350 365 19 21 364 451 7 14 421 474 3 3 529 541 13 18 559 637 6 16 579 644 10 16 647 726 15 30 683 781 8 8 689 737 4 6 726 747 10 14 733 783 6 9 740 764 5 5 755 785 
18 26 43 65 208 11 11 120 169 18 22 130 204 6 6 132 157 24 26 157 254 25 36 213 348 3 5 269 288 3 4 307 325 2 5 377 399 2 2 525 541 21 35 529 629 36 48 537 696 18 18 557 652 15 23 637 706 14 14 657 705 8 8 674 724 9 15 736 794 8 8 737 783 
17 4 5 78 95 13 13 79 134 31 31 113 250 8 11 347 388 25 27 352 479 8 10 396 437 21 30 407 548 15 15 445 516 17 17 465 556 10 20 476 533 15 19 494 602 18 23 501 625 6 6 554 579 26 26 571 697 23 30 600 706 7 7 669 707 1 1 804 809 
16 27 45 1 145 24 36 19 165 6 9 76 114 33 36 76 209 13 15 150 222 10 16 250 329 14 17 329 403 11 12 365 426 5 6 388 413 22 25 436 535 24 24 493 586 7 7 583 628 8 14 618 681 16 42 660 787 7 9 668 710 13 16 728 785 
18 23 23 48 209 2 3 62 77 30 30 64 162 9 29 228 306 25 43 246 372 29 46 262 402 6 11 337 381 12 12 379 434 3 10 417 480 9 9 434 480 18 18 469 550 13 13 475 531 32 32 508 653 6 8 511 544 8 18 517 591 12 12 674 732 11 11 737 785 3 4 738 757 
21 1 1 25 28 4 7 32 64 18 27 104 220 1 2 169 176 6 7 217 246 20 35 228 375 1 1 242 250 28 28 253 370 3 3 283 300 8 9 367 411 26 26 369 475 3 6 374 397 2 3 378 390 27 27 427 557 11 17 434 508 22 35 476 580 17 31 555 687 26 37 641 763 9 10 726 771 2 3 737 749 1 2 763 772 
20 11 11 3 55 7 11 16 60 13 20 110 208 18 24 182 270 16 58 278 436 16 16 337 407 4 4 338 357 6 7 373 401 18 19 401 490 31 31 447 570 32 33 507 617 7 11 554 604 1 3 560 569 43 43 560 717 2 2 626 637 12 12 627 684 11 11 728 777 2 2 770 779 1 1 790 793 1 2 793 802 
17 4 4 29 51 18 25 55 164 20 22 91 168 18 29 181 299 30 31 190 339 16 26 240 345 7 8 263 301 23 31 374 503 20 34 386 480 39 39 503 661 1 1 629 636 11 20 669 733 15 26 698 777 7 20 699 783 4 6 714 739 8 10 723 759 5 5 772 808 
18 23 23 11 130 28 28 72 218 14 43 75 216 19 27 81 189 13 21 151 234 27 42 226 362 2 3 245 260 16 37 494 643 28 33 535 686 12 14 584 639 10 22 667 740 8 8 669 714 16 21 694 798 5 10 706 743 8 13 756 794 5 5 763 793 4 6 784 804 1 2 789 798 
