10 187
17 16 29 9 91 24 37 21 146 18 27 36 128 14 27 132 208 5 12 134 180 3 7 176 199 18 58 267 384 6 10 333 360 15 22 345 421 24 46 377 495 9 15 385 455 30 67 432 589 25 54 464 580 8 12 548 597 16 32 605 740 25 25 682 786 1 3 761 771 
19 7 12 46 86 2 7 88 111 12 15 110 155 19 82 126 248 20 93 254 408 25 61 271 395 4 6 328 347 35 82 395 548 1 2 419 426 26 39 452 582 14 28 479 556 7 33 500 569 16 21 620 704 19 32 646 719 4 11 658 680 14 43 677 752 21 49 692 804 9 17 719 775 13 43 719 801 
18 4 6 25 41 20 49 32 138 21 28 34 141 17 54 69 171 12 26 99 153 9 46 235 366 9 45 263 361 11 27 307 381 6 19 338 385 33 49 360 506 1 1 401 405 17 34 483 575 22 56 566 699 8 29 588 654 20 41 603 692 22 34 652 743 13 15 667 744 6 18 679 720 
22 3 7 18 33 13 46 55 143 20 36 59 147 6 8 76 107 27 40 99 241 17 52 99 203 17 33 139 275 6 20 147 191 11 18 154 211 23 46 201 312 17 19 237 319 23 45 268 372 3 7 306 329 4 16 435 468 1 2 460 464 25 35 557 670 8 12 654 690 1 3 699 708 6 17 717 765 4 10 727 750 11 20 748 800 2 4 798 808 
16 10 23 63 129 18 26 104 201 31 65 119 271 32 48 226 340 8 15 320 355 1 2 352 360 6 11 353 386 46 59 407 559 19 24 413 491 11 27 435 494 23 43 436 537 13 17 442 507 8 12 554 585 10 23 667 744 5 9 675 695 13 29 691 749 
18 8 39 37 126 19 49 43 145 14 29 60 115 14 22 65 124 29 85 194 338 9 25 225 279 29 73 233 381 17 55 461 576 1 5 559 568 14 19 574 628 23 54 620 770 6 6 623 646 19 20 638 745 3 4 649 671 23 39 666 773 22 44 679 794 7 12 731 768 6 27 748 806 
16 25 45 3 139 4 9 9 35 15 37 18 106 20 35 21 114 4 10 35 70 20 49 100 209 37 67 238 368 9 20 384 436 29 71 436 596 11 24 455 512 19 82 501 647 6 25 517 567 13 28 580 654 16 53 638 732 31 51 654 786 1 1 709 714 
19 3 4 46 66 5 5 85 110 7 20 213 266 33 74 246 392 15 29 295 374 31 58 393 528 27 65 396 535 28 47 436 539 5 15 439 495 7 21 459 505 18 18 490 570 22 30 524 609 1 1 532 536 16 61 606 704 18 43 684 798 2 5 710 731 16 28 716 780 12 29 737 798 3 8 763 783 
19 27 49 27 158 30 60 99 241 36 38 107 235 6 12 129 160 1 2 231 238 2 5 241 258 1 3 288 295 26 53 333 481 23 58 365 510 24 32 368 465 1 4 452 459 28 50 457 576 5 9 492 516 7 13 506 539 9 21 538 595 22 34 623 708 16 45 654 801 3 4 769 783 2 4 775 786 
23 17 74 84 223 12 35 177 244 14 15 226 296 17 44 303 407 8 26 339 384 15 17 351 398 7 22 351 404 37 37 377 525 11 23 429 477 31 51 487 627 11 22 530 583 10 23 530 587 31 57 544 705 11 23 558 611 1 8 675 724 1 1 688 694 14 29 698 787 5 18 699 745 2 3 717 728 1 2 746 753 5 9 774 798 2 2 782 792 1 1 794 799 
