10 106
13 26 33 43 165 20 20 254 345 4 4 356 375 1 1 397 400 15 15 435 514 12 22 456 528 18 33 484 596 32 32 530 660 2 3 543 555 6 13 679 724 4 5 689 715 1 2 692 699 1 1 703 709 
10 10 10 30 72 6 6 70 107 30 30 115 229 30 34 476 620 16 25 518 613 1 2 538 549 11 14 597 647 25 45 600 736 14 14 632 694 1 3 682 694 
12 16 29 0 115 14 18 14 71 11 14 16 72 20 38 49 184 9 11 93 137 6 11 132 162 12 22 192 270 26 32 446 592 4 7 478 502 10 15 498 541 12 13 544 610 2 3 548 558 
11 19 33 16 157 3 3 78 91 3 7 196 218 17 21 201 272 19 19 228 327 3 5 344 359 20 30 347 449 46 46 356 502 8 8 538 588 8 14 657 714 1 2 696 707 
9 20 20 35 118 26 33 51 182 24 37 151 254 32 46 293 431 14 17 327 399 6 17 451 509 12 12 567 619 1 1 741 745 1 1 744 747 
11 33 33 22 142 5 5 92 114 6 13 147 193 5 7 256 294 5 6 350 381 26 26 351 472 27 27 386 521 43 43 460 589 7 7 483 523 6 6 694 723 1 1 739 742 
10 20 26 92 183 23 23 94 206 30 45 130 265 4 5 251 270 17 17 370 450 9 17 382 447 24 40 388 507 17 30 465 568 6 9 666 698 1 3 694 705 
11 2 3 63 77 10 23 112 198 28 28 180 287 2 5 190 211 1 3 199 215 18 18 211 294 3 6 308 328 33 40 377 516 12 32 447 545 24 24 532 640 21 30 542 656 
10 7 8 40 72 17 25 136 213 27 36 242 383 23 25 250 352 1 1 515 524 19 19 521 604 25 28 560 698 32 32 567 691 1 1 651 656 3 6 698 718 
9 6 11 35 89 24 24 54 146 13 15 81 152 35 35 243 375 21 21 322 419 18 25 374 457 9 15 573 626 13 15 576 641 1 1 739 746 
