10 471
47 1 16 9 42 5 20 18 102 7 65 26 163 1 5 29 41 5 44 37 143 1 8 37 63 3 24 38 91 2 23 45 115 1 12 51 75 1 12 115 144 5 61 126 253 5 42 135 216 5 45 152 292 5 50 160 269 6 111 168 317 4 37 184 272 4 43 228 320 3 42 245 366 1 3 260 270 2 14 279 323 8 39 315 458 1 10 319 344 5 48 356 479 1 14 372 407 7 56 381 501 4 46 391 493 7 62 443 576 1 8 477 505 1 26 510 575 3 53 515 657 4 31 543 618 1 5 591 612 4 55 605 703 2 23 605 641 1 16 612 647 3 23 619 698 5 45 627 734 4 32 640 713 1 15 653 686 1 6 657 675 2 19 675 722 2 11 693 741 1 5 695 710 1 14 705 740 1 8 710 730 1 6 735 746 1 1 741 745 
47 3 35 12 88 1 6 26 51 1 2 55 63 1 15 82 119 1 4 94 108 1 11 131 153 1 13 153 193 5 29 157 255 1 12 198 229 1 4 214 223 2 29 222 269 4 43 241 353 1 5 255 271 7 45 259 376 5 44 259 351 3 31 305 371 8 51 328 471 6 23 329 473 1 15 365 409 2 13 371 419 5 37 394 522 4 33 416 504 5 27 420 489 1 7 436 452 2 26 437 511 7 58 439 584 8 74 445 583 7 64 475 582 5 64 500 627 5 30 502 592 1 6 539 555 3 22 541 594 3 25 544 601 1 14 560 588 1 7 563 579 1 9 601 641 3 25 605 672 1 12 617 649 6 25 620 706 5 27 624 722 4 16 648 716 3 29 655 718 3 27 671 743 1 4 679 706 1 11 702 735 1 5 707 719 1 8 712 729 
48 3 19 17 74 6 82 52 198 3 44 84 202 5 52 89 222 1 12 96 124 3 57 98 234 3 31 112 188 2 14 132 187 3 43 134 203 1 2 179 189 4 54 186 293 5 38 198 308 1 17 201 231 1 8 215 230 2 33 223 287 1 22 268 311 1 10 291 312 1 11 317 352 1 16 333 380 4 42 359 456 1 9 369 386 1 6 381 402 5 60 385 509 3 35 404 476 2 7 452 483 1 9 455 492 7 38 458 559 6 50 482 598 6 48 485 617 3 49 506 616 1 11 515 541 2 21 529 588 8 67 539 666 8 54 550 688 2 33 560 627 1 14 564 594 4 28 575 647 5 35 582 676 3 49 597 706 2 11 612 672 1 2 613 621 7 51 622 731 4 26 660 745 1 12 668 692 2 20 669 717 1 8 675 699 1 2 729 737 1 1 739 743 
48 2 34 11 100 1 4 14 32 1 11 22 51 2 16 23 68 3 15 30 88 4 67 35 148 4 64 36 137 3 20 42 101 3 18 79 149 3 23 100 175 1 5 105 121 1 1 108 113 4 19 129 198 8 60 139 275 2 33 143 212 8 46 144 268 2 21 155 229 3 20 162 242 3 26 165 305 2 12 176 229 2 33 194 255 6 46 202 320 1 4 211 220 1 15 224 269 2 19 241 299 4 26 245 329 4 27 251 331 5 48 263 380 5 43 312 418 6 37 318 420 5 47 321 434 1 12 337 366 5 48 362 461 4 26 383 449 2 30 398 476 1 7 425 445 6 35 460 563 2 26 502 568 4 41 534 653 4 14 603 667 1 11 621 644 3 48 628 732 1 12 687 717 2 14 698 740 1 1 700 703 1 7 705 730 1 7 730 745 1 1 734 737 
50 4 45 0 81 9 46 14 150 5 31 29 117 1 17 31 64 1 2 38 43 4 27 44 137 8 66 50 191 5 52 62 177 4 25 66 127 1 9 70 99 4 41 76 171 2 17 106 160 3 33 116 203 1 8 143 171 2 12 182 222 4 54 199 341 1 2 199 203 1 3 243 251 4 42 271 375 1 7 273 294 6 87 284 429 1 13 287 325 1 1 291 296 5 42 293 413 1 5 321 332 4 41 335 428 2 16 346 392 1 12 348 376 1 2 361 372 1 4 396 405 3 25 427 493 4 49 447 550 5 78 451 592 6 65 461 594 4 51 480 594 8 63 495 636 1 19 521 559 2 20 530 574 2 21 541 579 6 45 608 717 1 2 620 626 1 13 621 653 5 54 629 724 1 4 641 653 1 8 679 696 1 3 713 724 1 3 725 734 1 2 734 740 1 1 737 740 1 1 739 744 
47 1 8 74 93 1 28 87 138 4 46 139 245 1 19 151 195 2 30 161 235 1 14 171 203 7 38 192 310 3 21 206 277 1 10 206 231 6 77 245 388 7 34 248 384 7 46 250 356 7 56 253 381 6 48 286 399 2 12 286 330 3 27 286 350 1 5 307 317 5 56 320 449 6 52 333 442 2 34 339 417 2 31 340 404 1 9 355 385 1 9 371 398 4 24 373 433 4 17 386 461 1 5 403 415 2 7 404 464 3 32 410 477 1 4 436 450 5 43 442 559 4 47 466 577 3 29 496 557 2 22 520 590 3 24 522 586 4 38 524 639 4 24 546 621 3 43 552 636 4 32 561 653 2 57 573 671 1 4 589 606 5 44 619 701 1 7 628 650 3 32 661 741 1 1 689 692 1 8 695 712 1 8 704 727 1 1 739 743 
47 2 21 91 141 5 26 108 194 4 36 116 228 6 51 126 233 1 12 128 164 6 53 135 250 3 22 137 201 1 20 138 177 3 21 162 235 3 24 166 223 1 7 173 195 1 9 173 200 4 67 201 343 5 49 247 364 3 23 249 314 7 58 262 397 8 76 268 417 1 11 300 333 2 22 301 350 1 14 310 338 6 64 312 433 1 8 350 369 8 31 355 495 1 6 369 386 4 54 380 482 5 42 399 498 2 9 406 457 5 32 447 520 4 34 465 558 1 1 496 500 7 54 526 664 3 24 531 609 1 1 534 537 1 3 560 569 3 17 566 613 1 13 581 612 4 55 593 730 5 58 620 733 2 26 642 701 5 29 645 728 1 12 661 701 2 20 669 716 1 2 682 689 1 13 696 733 1 8 705 730 1 15 708 740 1 2 728 733 
43 1 7 3 26 4 41 12 117 1 11 22 43 6 34 50 146 1 20 62 102 7 70 91 236 1 13 99 141 9 63 126 262 2 12 172 219 1 15 173 198 1 5 188 200 4 18 224 332 2 18 236 281 6 57 239 355 5 60 293 414 3 30 306 380 3 40 306 383 6 37 318 448 1 12 337 362 4 53 370 489 1 3 373 381 7 51 405 519 4 31 410 492 6 48 410 506 5 63 413 533 3 22 426 488 6 37 471 573 5 23 485 623 1 28 486 534 4 24 497 564 9 55 500 646 3 57 571 654 1 15 573 609 1 12 582 616 4 16 590 647 6 28 592 699 1 12 596 618 2 19 637 686 1 8 678 704 2 12 700 732 1 2 715 721 1 13 715 733 1 3 728 737 
44 2 19 15 63 1 4 23 31 5 54 28 139 5 60 36 161 3 27 48 114 6 55 83 190 2 65 89 220 1 8 124 164 6 30 138 252 8 54 156 292 1 7 184 202 7 37 221 333 5 73 241 378 4 29 243 326 2 18 248 288 3 38 248 385 1 8 255 273 5 40 277 402 1 28 282 400 8 43 289 421 2 21 328 381 1 12 337 380 2 26 342 437 5 54 344 488 4 25 409 473 2 44 421 530 4 36 466 557 3 20 504 573 1 3 521 532 8 36 577 716 4 25 580 661 6 9 587 715 1 12 623 662 1 3 628 636 3 52 633 736 4 13 650 737 4 30 655 735 3 29 668 733 1 12 676 700 3 19 680 732 1 6 693 710 1 4 706 715 1 1 730 734 1 1 744 747 
50 7 51 1 148 2 21 3 48 1 5 52 63 2 50 85 188 3 20 95 156 1 14 97 132 3 13 132 190 2 15 164 204 6 31 173 273 3 19 185 275 1 13 192 223 2 29 194 254 4 19 198 251 3 69 202 324 1 12 211 238 4 65 230 362 4 24 266 340 4 34 297 389 1 11 302 350 6 60 331 469 3 29 417 477 3 28 439 527 4 28 444 537 5 23 462 536 6 44 468 573 4 40 469 573 5 23 471 562 1 8 483 507 3 19 486 552 2 22 486 557 1 9 491 512 7 52 499 636 7 47 501 630 5 38 521 654 3 53 555 671 2 21 588 675 3 25 596 667 2 32 596 655 1 9 624 646 1 1 632 635 1 43 642 730 2 13 674 716 2 13 676 719 1 1 708 717 1 7 714 734 1 1 726 731 1 3 731 744 1 3 737 747 1 1 737 741 1 1 742 747 
