10 67
4 24 68 78 214 18 45 406 527 27 27 524 647 5 18 602 633 
6 10 16 36 82 11 22 243 303 23 65 448 569 16 32 454 548 4 6 572 595 2 7 645 666 
6 7 8 18 52 13 25 97 191 5 8 135 159 29 63 288 406 7 14 514 553 4 8 613 630 
7 14 28 89 154 2 3 182 196 5 7 222 251 19 44 255 350 14 36 511 614 7 24 566 629 4 9 582 608 
5 8 24 148 193 7 14 500 533 32 49 525 660 21 37 541 632 1 1 585 589 
11 10 31 27 98 9 16 143 189 16 37 165 251 1 1 167 170 13 29 235 305 4 6 236 254 4 5 364 381 4 16 374 413 6 18 421 468 1 2 503 507 1 2 631 636 
12 6 9 284 312 2 3 349 363 5 12 353 385 10 24 392 437 19 29 498 584 10 15 585 636 7 15 615 660 5 21 633 681 1 1 637 642 5 8 652 681 1 1 671 676 1 1 679 682 
7 18 22 57 143 4 12 194 233 15 48 220 309 14 39 327 411 27 53 405 510 1 1 491 494 1 1 677 680 
5 8 27 71 138 15 23 88 158 18 28 348 435 16 45 401 497 9 13 478 512 
4 1 1 37 41 14 25 99 164 37 65 444 580 18 25 535 635 
