10 68
8 8 8 154 192 16 41 200 298 39 49 232 373 38 38 254 358 18 18 270 335 34 36 295 419 1 3 296 305 2 2 532 539 
8 23 23 13 73 40 41 141 221 8 16 173 213 31 38 305 406 42 42 324 456 7 9 650 673 8 8 657 681 3 3 736 747 
6 35 46 111 228 31 31 181 291 21 21 443 496 49 49 462 583 15 15 466 512 1 1 737 740 
6 29 29 146 233 46 46 175 267 14 16 465 506 27 40 622 740 10 17 643 674 11 12 695 722 
7 50 50 64 173 34 71 320 467 9 14 333 364 20 31 338 417 7 7 443 464 23 24 625 681 25 38 646 716 
7 41 55 65 193 31 45 195 305 35 48 475 573 3 4 548 560 20 28 561 615 30 33 591 662 1 1 736 739 
9 8 9 74 99 13 18 95 139 16 41 339 417 9 16 374 408 16 42 475 571 15 15 515 558 29 40 647 728 22 22 667 729 4 4 727 739 
4 30 30 41 114 16 18 93 149 17 26 109 156 73 73 200 328 
7 28 28 56 117 32 35 314 389 13 15 407 442 52 52 449 580 4 22 611 669 2 3 690 700 5 5 737 747 
6 29 29 289 347 35 35 368 447 46 46 458 598 18 21 564 606 12 12 676 714 1 1 681 684 
