10 106
11 27 53 55 180 8 16 58 103 16 38 77 161 1 5 82 91 14 40 113 203 8 8 171 206 10 31 219 306 25 66 229 370 15 19 386 483 13 32 577 668 5 14 689 731 
15 7 14 52 87 6 21 62 104 13 22 92 158 2 9 120 140 11 18 158 204 18 41 346 464 13 21 356 403 18 20 361 455 7 20 414 458 10 26 445 501 6 12 480 527 16 39 547 631 18 55 622 744 1 3 676 685 1 2 738 743 
7 15 49 70 171 38 61 78 212 5 7 195 217 22 38 206 321 26 60 276 412 29 60 330 447 14 26 544 614 
10 6 14 16 55 15 32 31 110 1 2 47 54 18 25 68 155 34 48 150 282 15 21 181 246 11 31 452 522 17 47 453 565 22 35 531 645 7 16 649 680 
10 22 29 22 119 37 44 89 226 13 23 143 198 12 25 150 207 25 30 195 296 6 8 269 298 12 18 285 334 1 6 314 326 10 21 520 569 12 15 584 645 
12 7 19 62 109 13 26 73 133 8 23 173 230 30 47 213 324 6 9 232 273 15 39 235 315 10 18 262 308 15 18 315 370 5 9 424 455 2 2 449 460 33 49 507 630 4 6 677 694 
12 5 17 162 211 28 44 201 334 14 33 255 326 2 6 259 279 8 10 408 437 21 39 460 558 15 54 540 645 19 41 600 686 4 6 657 688 17 19 666 728 11 26 684 736 8 20 696 738 
8 16 48 88 181 8 17 108 164 33 54 114 239 32 54 175 302 38 66 224 363 27 66 474 594 2 2 495 504 6 10 602 634 
12 2 7 165 184 30 64 236 350 8 15 242 295 15 24 349 410 25 35 381 521 18 25 434 512 9 17 451 490 25 49 471 610 8 15 614 658 14 34 630 741 9 23 695 743 1 1 736 739 
9 37 75 278 425 10 16 310 354 25 35 447 550 23 30 455 594 15 50 537 644 26 35 566 667 11 15 623 679 3 8 657 674 7 16 676 715 
