10 88
10 25 28 73 137 23 27 143 213 21 21 173 240 42 81 174 292 25 28 254 334 13 25 317 370 14 66 593 743 26 37 604 703 25 25 658 712 29 39 682 756 
9 27 37 95 170 10 13 136 157 58 61 384 526 35 36 411 513 45 83 493 650 11 28 684 783 6 8 709 730 16 16 712 765 13 21 720 769 
11 12 18 21 57 11 28 40 103 28 33 59 174 11 31 129 179 18 21 138 187 72 86 281 433 22 32 438 508 1 1 521 525 35 35 669 753 5 9 684 705 8 8 788 807 
6 52 52 181 295 43 43 298 423 19 19 312 373 31 44 321 457 59 59 355 482 24 24 471 521 
14 55 69 6 143 21 38 34 115 7 7 97 115 21 39 165 256 8 24 165 225 34 40 296 396 9 22 304 348 9 10 339 369 42 42 419 543 3 3 518 528 12 16 577 624 18 26 666 734 16 17 750 807 1 2 797 801 
7 24 79 50 198 39 60 164 295 26 26 272 325 40 40 406 518 13 14 443 478 40 62 454 610 45 50 486 618 
7 24 39 224 293 61 61 272 430 17 22 326 371 35 35 377 469 15 19 394 439 49 51 444 601 53 53 518 624 
9 20 22 50 123 49 49 56 217 17 18 95 148 29 29 97 170 25 25 109 176 32 32 653 740 17 17 736 785 25 25 749 806 8 8 778 801 
8 26 34 76 157 29 38 84 171 23 42 127 209 41 64 592 709 30 56 622 732 24 27 663 733 36 77 665 805 28 48 685 786 
7 51 66 78 225 34 50 82 239 22 24 338 400 9 11 392 421 54 69 405 555 47 54 664 809 8 14 674 706 
