10 45
5 5 6 18 42 27 36 303 434 7 19 364 420 16 22 546 635 13 13 557 623 
4 37 37 91 227 8 10 126 160 6 6 233 262 23 34 478 607 
4 12 13 23 94 21 22 48 130 20 30 314 417 14 14 436 491 
3 31 31 333 447 24 31 382 493 8 8 639 681 
6 23 29 169 261 11 34 263 364 8 13 327 371 6 12 481 523 11 13 568 624 4 5 571 593 
2 29 29 293 396 35 35 398 535 
8 20 42 27 162 2 4 34 53 1 1 67 74 6 9 196 227 20 25 399 485 4 8 432 457 27 36 457 582 4 4 494 523 
3 23 23 458 546 13 25 516 585 28 40 549 677 
5 8 8 106 142 5 6 291 318 12 12 385 437 23 37 553 674 17 17 576 639 
5 20 20 42 176 22 42 75 188 6 7 166 195 13 27 291 365 1 1 680 683 
