10 99
8 65 65 62 183 60 60 97 267 47 65 115 249 43 62 416 553 11 20 417 466 14 14 678 731 26 29 742 807 13 17 771 814 
7 14 29 120 179 46 47 416 540 13 19 467 514 26 26 493 572 53 53 632 794 57 57 673 803 63 71 768 890 
8 74 74 42 217 39 65 75 229 51 74 97 248 20 20 243 300 32 32 349 452 40 44 685 789 21 21 816 866 10 11 823 851 
8 43 71 148 313 30 35 347 450 11 19 417 453 39 54 480 605 35 35 531 624 36 37 609 698 25 46 636 778 66 66 751 884 
12 50 50 4 125 46 61 40 193 20 23 210 265 13 27 231 268 27 38 287 395 14 18 321 357 18 18 364 402 23 23 550 607 24 24 596 674 24 24 708 802 42 42 731 840 10 10 858 880 
9 12 13 177 215 75 89 240 408 47 57 258 408 21 38 429 494 66 66 667 843 19 19 700 741 3 11 728 755 29 43 772 860 3 3 883 890 
10 25 37 42 121 76 76 219 389 64 64 353 497 13 20 372 412 31 63 428 571 8 22 632 674 29 36 680 784 21 21 819 881 4 7 867 885 4 6 870 889 
10 40 41 28 145 42 55 100 217 25 40 125 209 17 32 225 289 3 4 234 242 30 30 380 466 37 44 481 587 1 1 520 523 9 14 622 658 72 72 699 821 
14 50 74 23 153 43 73 28 168 12 13 69 104 13 17 163 199 64 77 210 362 19 26 313 397 2 3 547 554 12 17 599 633 4 5 625 637 12 21 677 717 2 3 775 783 20 21 821 873 7 7 830 844 12 12 840 880 
13 81 81 46 212 2 2 48 55 14 36 126 192 6 8 178 192 50 50 273 416 33 40 332 399 16 16 358 406 3 3 543 551 12 33 647 745 22 41 724 851 4 6 731 745 35 66 746 878 1 3 858 864 
