10 60
8 15 22 222 296 15 34 279 354 15 20 314 403 2 3 411 423 21 39 438 549 6 18 560 597 4 11 650 678 1 1 727 732 
4 20 36 20 107 17 56 317 398 29 43 399 521 11 22 543 592 
8 15 35 84 171 12 29 202 297 5 10 234 256 15 27 310 392 20 56 451 534 2 2 535 544 7 12 593 639 1 4 712 724 
4 30 55 284 426 21 39 327 422 8 13 359 391 16 20 383 516 
5 2 4 44 55 21 54 184 323 20 66 281 419 23 36 611 712 7 7 664 697 
5 4 10 17 43 32 86 26 165 15 59 232 341 24 36 497 595 15 24 637 709 
4 44 44 134 262 19 27 194 315 13 29 512 572 4 9 649 673 
4 2 5 181 194 29 55 192 337 24 24 209 282 20 74 502 616 
9 33 70 80 208 3 12 276 300 17 50 376 501 2 4 467 477 1 3 471 479 14 92 531 666 12 27 539 604 2 3 673 684 1 2 723 731 
9 4 8 33 54 4 6 191 208 2 3 264 275 2 3 288 297 17 48 367 470 8 17 431 487 2 5 486 498 27 54 588 719 5 9 618 649 
