10 73
5 19 29 229 321 26 38 457 597 10 10 509 555 17 23 557 657 1 1 743 749 
8 1 2 44 52 7 7 154 191 6 8 213 247 26 26 220 323 8 12 252 332 25 25 340 433 3 4 645 658 1 3 710 719 
5 19 33 90 193 10 10 407 449 30 30 493 620 12 12 563 610 6 7 568 594 
6 13 13 0 67 6 14 100 141 24 40 296 411 17 17 436 509 16 28 581 711 2 5 693 711 
7 6 10 81 132 24 24 140 229 14 31 163 256 6 17 288 352 14 15 318 411 19 19 641 746 3 4 663 680 
7 12 15 131 185 6 10 255 305 13 20 533 601 22 23 572 673 10 36 584 696 10 10 680 732 1 1 738 742 
6 6 13 96 137 17 37 102 228 20 32 128 228 18 39 373 498 20 27 621 723 1 1 739 745 
11 1 1 31 36 7 7 207 245 13 42 329 431 12 12 336 384 10 13 343 399 4 4 382 400 10 10 453 495 1 1 492 501 4 17 645 712 6 6 662 690 2 2 708 725 
9 6 6 80 113 2 2 122 133 11 15 126 208 21 29 283 406 13 26 338 445 2 4 364 375 17 22 431 558 4 8 627 656 1 1 726 732 
9 5 6 143 167 14 14 229 312 28 28 257 383 11 12 486 571 2 2 505 517 1 2 577 584 9 11 586 623 5 6 676 703 2 2 727 736 
