10 169
19 42 48 47 200 14 28 87 175 19 35 233 323 22 50 239 337 16 28 286 422 25 72 290 461 10 24 364 408 19 47 365 464 41 56 440 612 12 34 477 560 8 8 587 629 23 53 588 678 9 30 608 678 14 24 667 728 16 36 757 873 1 1 795 799 6 8 847 871 1 1 868 874 1 2 881 885 
15 35 35 36 162 15 17 64 128 17 55 182 298 19 41 249 347 23 29 273 350 30 45 313 455 29 56 344 483 8 11 376 426 1 3 393 400 37 44 425 561 6 17 514 551 51 63 602 756 4 19 742 780 1 4 796 805 3 7 830 846 
17 33 40 60 179 4 11 70 97 22 22 96 187 17 26 191 259 17 34 316 399 18 37 470 548 10 22 483 544 1 1 488 495 13 27 496 555 5 7 513 540 30 72 519 646 31 49 638 744 9 9 677 719 16 56 706 824 25 40 722 861 11 21 724 774 20 22 745 838 
14 1 2 22 27 21 53 29 141 5 8 40 65 35 39 51 180 24 35 245 364 21 73 311 454 48 83 352 526 14 19 354 409 26 86 370 514 15 25 403 485 8 11 603 649 25 72 644 819 24 36 645 736 11 17 826 883 
21 2 7 79 95 7 31 91 194 10 37 98 175 12 33 99 214 9 23 195 240 25 44 200 374 19 61 232 340 9 9 267 299 22 22 380 477 10 19 425 469 19 48 437 531 1 2 475 482 2 7 536 550 22 80 539 716 26 40 697 810 32 53 719 827 23 65 729 862 48 90 729 889 5 9 790 818 6 29 811 866 1 3 860 869 
19 35 66 77 250 1 2 117 124 2 8 137 156 28 56 299 436 15 40 337 434 27 34 356 454 18 35 357 425 16 26 389 460 1 1 410 414 2 6 514 529 13 25 531 593 27 51 548 688 28 53 574 731 20 40 591 669 16 57 636 766 18 23 789 863 8 14 828 868 1 3 860 867 2 8 864 879 
21 1 5 17 27 4 7 44 62 17 36 385 490 10 14 447 496 10 11 454 501 30 51 462 633 28 74 512 668 5 20 550 579 21 41 559 668 15 34 583 649 20 41 589 724 48 88 592 763 9 40 665 764 14 33 705 842 3 5 751 766 16 21 752 809 7 31 758 816 6 6 830 854 6 9 851 890 1 3 864 871 1 2 870 877 
14 22 33 69 166 12 24 217 298 5 10 313 349 15 22 318 384 17 31 329 420 57 57 390 564 11 43 444 522 21 21 460 571 20 40 534 643 30 53 594 756 26 57 600 726 18 35 603 741 13 43 790 888 8 15 839 877 
15 28 50 22 129 14 90 25 194 20 54 28 129 40 88 32 204 14 39 33 104 23 63 117 246 1 3 160 167 5 9 288 311 42 58 294 471 22 38 351 470 19 56 375 503 28 44 553 667 2 5 704 715 9 39 781 856 11 21 818 877 
14 8 19 59 114 30 44 87 207 6 9 96 131 43 72 205 359 10 35 226 307 43 65 412 587 20 29 416 510 27 48 499 660 13 23 529 587 41 57 592 768 44 95 692 870 1 1 728 731 16 34 790 880 4 6 863 885 
