10 223
18 6 38 11 103 3 21 70 145 7 16 104 244 1 12 140 167 4 42 151 252 6 62 170 312 5 23 233 330 1 9 344 366 6 49 345 456 4 30 387 510 5 37 425 532 4 30 514 600 5 17 523 617 5 55 544 658 4 65 590 713 1 7 600 615 1 9 629 667 2 25 646 710 
24 7 71 10 140 4 30 64 152 2 12 67 117 1 18 81 125 1 5 88 99 4 22 111 185 3 17 120 182 1 6 207 227 2 14 213 259 1 21 290 333 7 60 294 425 2 13 328 370 1 3 352 359 1 1 384 390 1 16 423 459 3 36 425 512 3 21 428 489 3 35 485 558 4 22 486 544 2 22 526 582 8 62 555 673 7 48 585 725 1 13 603 635 4 36 638 728 
24 3 39 33 115 6 24 33 165 1 9 46 86 3 26 47 108 2 16 87 132 10 59 94 238 3 27 100 170 1 8 102 128 2 15 126 183 6 52 196 324 7 36 197 289 1 15 339 389 8 49 355 481 3 22 444 511 1 8 448 471 1 14 467 492 1 8 545 565 1 1 612 616 1 18 624 669 3 25 645 733 6 30 648 741 1 9 686 709 1 3 719 729 1 1 747 753 
29 3 20 1 84 3 11 20 76 1 7 50 70 1 13 73 108 1 16 80 117 1 19 108 149 1 6 136 150 4 35 145 265 3 43 179 285 1 2 281 286 2 24 298 349 5 54 311 418 2 15 322 374 1 5 345 357 5 36 423 499 4 40 445 540 2 20 457 526 4 28 464 529 4 31 509 626 2 13 527 575 4 44 577 666 2 27 583 639 5 41 636 750 3 28 694 750 1 10 711 737 1 7 712 725 1 2 716 726 1 9 723 742 1 9 727 750 
23 1 8 29 52 3 34 29 104 3 40 35 117 4 39 48 164 1 8 81 103 4 56 169 274 6 47 228 339 3 23 257 325 5 46 278 378 2 18 292 336 3 19 312 390 1 5 321 334 4 51 334 425 1 24 395 434 1 4 406 428 6 44 428 525 7 39 462 572 2 16 487 527 1 5 562 577 6 70 589 732 3 25 690 741 1 10 693 728 1 10 698 732 
22 3 22 75 137 1 12 76 106 3 40 138 208 6 72 224 327 1 4 273 283 7 60 330 456 4 15 361 463 4 44 365 471 6 59 404 537 1 7 456 472 6 90 474 609 5 87 530 674 2 21 543 593 1 12 544 578 1 9 561 587 4 22 579 681 6 53 597 722 1 12 599 641 2 18 628 683 2 21 638 695 3 30 652 730 1 12 729 751 
21 4 23 49 135 3 29 126 191 3 51 131 241 4 40 145 226 6 81 162 312 5 51 180 293 4 33 288 370 1 3 304 318 1 7 375 396 6 17 387 527 2 16 389 448 6 61 424 560 1 17 502 537 4 45 583 681 3 25 586 658 4 40 602 719 6 62 631 753 1 7 642 665 3 26 660 728 1 3 715 722 1 2 735 739 
21 4 53 21 135 7 49 36 155 6 41 143 247 5 36 195 295 3 21 226 273 4 33 249 343 6 45 253 403 6 48 254 353 3 59 302 445 1 7 329 348 1 14 340 372 1 4 342 353 5 36 346 434 5 38 409 521 1 1 409 412 3 22 418 477 1 1 431 435 1 2 486 499 5 52 500 636 4 28 555 630 2 25 670 737 
22 1 20 52 100 2 15 62 104 3 36 87 160 2 20 161 222 1 1 250 254 3 20 256 304 2 38 303 368 3 51 331 467 2 9 358 389 8 60 384 530 3 29 387 450 5 73 424 551 6 37 436 560 1 12 437 473 4 44 469 564 2 26 471 523 3 29 487 560 4 36 534 633 3 44 537 636 7 47 543 670 3 52 620 742 1 14 697 733 
19 4 63 9 143 3 42 52 150 4 39 87 219 10 33 153 288 2 14 239 278 3 37 245 309 3 37 253 323 1 8 267 285 6 45 321 451 2 35 328 425 1 3 336 343 6 34 357 476 3 23 364 451 7 57 404 551 1 6 449 462 6 59 464 588 2 27 518 567 6 32 528 627 1 3 738 746 
