10 475
43 6 75 38 161 1 5 82 99 1 6 96 109 1 1 138 141 6 42 157 276 5 25 186 260 5 42 202 314 7 55 250 387 3 35 313 388 7 48 316 447 4 39 336 414 7 53 361 488 7 62 369 492 2 38 412 506 6 53 431 586 1 4 433 442 5 13 438 543 4 37 443 538 2 12 450 490 7 38 456 566 7 78 459 614 8 68 460 606 5 31 473 575 1 1 492 495 2 41 504 582 1 5 508 520 6 25 525 613 3 14 533 599 5 67 538 671 2 16 543 587 4 26 557 671 3 36 580 655 3 31 595 669 6 54 633 773 2 30 677 741 2 16 683 725 7 57 696 809 3 25 718 772 2 14 726 772 1 14 737 764 1 2 751 757 1 8 785 801 1 5 792 811 
39 7 71 21 160 1 5 27 39 2 25 27 74 3 15 48 108 6 48 71 169 5 33 186 315 8 68 223 373 4 45 239 328 7 73 259 403 10 51 287 407 8 82 306 451 11 74 327 480 5 38 353 432 5 49 385 519 5 36 391 487 3 30 397 477 2 23 398 442 7 49 435 585 3 16 437 487 3 29 474 562 3 49 476 558 3 34 495 566 3 17 527 582 8 62 548 696 2 18 572 626 3 33 595 693 3 35 596 663 1 8 603 620 1 7 608 633 2 64 616 727 5 30 625 719 2 21 634 708 5 51 698 808 2 25 699 748 5 51 701 796 4 22 706 792 2 23 738 800 3 21 740 797 1 12 758 788 
55 1 4 21 40 5 34 38 115 1 2 59 65 4 52 82 173 5 60 93 233 1 22 93 143 5 70 95 220 1 14 124 159 1 9 127 151 1 11 152 184 1 9 177 200 1 3 191 202 1 4 267 280 3 33 269 337 1 8 275 298 2 23 280 345 4 59 289 374 7 36 297 438 3 23 318 389 4 46 369 440 3 31 376 455 4 36 379 464 2 9 409 456 1 12 422 443 1 19 447 489 5 37 491 581 8 43 498 645 1 4 501 508 3 33 512 618 4 39 526 625 1 14 545 570 2 14 546 587 2 21 556 642 4 35 556 630 1 8 575 596 5 35 578 708 8 64 621 773 7 32 624 737 7 71 659 820 7 34 660 778 7 62 662 792 6 29 663 781 2 20 667 793 3 22 692 776 1 6 704 720 2 15 708 764 2 14 731 769 1 21 742 782 2 11 747 790 1 17 751 785 1 3 788 797 1 5 788 802 1 7 791 811 1 12 792 820 1 2 811 821 
39 6 39 51 206 3 38 55 129 5 33 56 148 3 30 68 133 9 77 104 251 10 50 109 250 4 46 115 233 4 28 151 246 3 51 153 233 1 28 168 234 10 51 186 323 3 16 199 263 2 22 250 320 1 3 255 264 5 77 274 425 6 58 279 379 1 5 293 310 8 31 318 429 1 9 331 352 5 33 347 471 5 41 362 515 2 34 368 441 7 69 372 531 4 30 422 507 5 49 423 520 6 54 431 534 1 17 436 471 2 10 444 493 7 69 532 657 6 62 565 712 8 39 591 716 8 62 594 734 1 19 651 681 1 8 668 687 2 21 734 797 3 23 736 786 1 4 758 773 2 15 768 817 1 12 794 821 
45 7 68 52 199 7 55 66 198 7 72 74 220 6 42 81 200 3 26 86 150 5 33 105 207 3 13 113 154 1 19 118 167 5 35 121 218 4 22 122 194 1 2 125 130 4 22 147 260 3 24 188 239 3 39 214 312 5 41 223 349 1 19 233 269 2 14 333 361 5 17 365 468 6 62 397 520 2 17 411 450 6 47 450 558 3 33 452 528 1 10 455 485 1 2 461 472 5 64 463 608 7 44 478 636 4 20 491 545 6 38 497 657 2 19 510 590 4 58 518 623 6 30 518 616 1 3 543 552 5 36 545 634 5 26 602 697 5 33 603 699 3 39 612 682 3 37 627 696 1 7 633 644 4 69 635 765 5 45 646 767 4 22 681 756 1 1 684 687 1 14 743 775 1 7 747 771 1 11 753 780 
54 1 10 16 53 1 4 31 44 1 16 49 96 4 52 64 192 3 28 90 157 2 24 114 166 3 43 115 227 5 37 115 251 6 55 144 276 7 63 152 307 4 18 182 285 2 35 201 274 2 11 229 267 2 10 251 292 1 10 290 319 1 10 294 317 4 39 306 396 5 49 308 424 2 29 325 380 4 24 359 467 1 7 376 399 6 55 388 548 6 62 408 562 1 21 410 450 1 7 412 430 7 28 413 547 7 46 433 579 1 3 436 444 2 9 456 502 4 49 498 627 1 8 520 536 1 4 533 550 1 3 544 553 5 38 557 713 8 42 559 687 8 60 603 759 2 18 611 658 1 8 612 631 8 77 634 783 4 39 652 739 5 40 654 727 1 6 665 682 6 58 670 813 1 2 706 712 2 16 710 772 1 11 725 752 2 19 738 793 1 1 747 753 2 21 751 793 1 10 751 769 1 6 754 782 1 6 762 776 1 8 793 814 1 5 801 817 
49 6 65 26 153 6 47 39 138 1 5 48 61 4 28 85 175 3 23 120 195 4 64 145 271 1 10 162 195 1 21 183 225 7 66 190 344 8 83 194 345 1 3 220 229 1 7 266 285 8 70 286 429 5 29 294 405 5 45 297 427 8 51 331 451 6 27 376 472 4 68 391 505 5 55 397 502 1 7 402 430 1 13 413 450 1 3 417 427 1 7 430 446 6 62 432 573 6 44 441 546 9 74 454 611 1 6 482 497 5 43 483 590 2 11 513 555 2 30 530 654 2 24 536 594 6 51 561 677 1 45 590 703 2 31 633 712 3 30 634 698 2 16 638 679 5 40 642 718 4 62 673 792 1 37 673 743 4 36 692 782 1 8 726 748 1 20 739 793 3 38 741 819 1 6 747 758 1 5 773 788 1 2 783 789 1 3 798 805 1 1 809 816 1 1 813 816 
54 4 48 5 93 1 7 40 57 2 49 46 148 3 15 58 114 2 23 59 98 2 15 89 134 4 82 96 240 5 44 99 235 1 8 102 124 9 87 115 279 1 1 148 151 8 84 159 314 2 11 170 212 4 67 173 284 3 25 176 234 6 66 191 315 1 5 221 232 3 18 221 274 5 43 235 330 3 19 249 306 4 30 276 336 4 65 311 470 4 36 343 445 1 13 377 414 5 22 378 453 1 2 387 395 2 21 408 461 2 28 412 502 1 9 417 441 5 60 426 549 6 69 428 573 1 7 433 448 3 51 435 525 4 62 454 547 1 9 455 485 1 16 471 515 3 56 472 588 4 37 538 653 1 10 562 591 6 50 563 682 1 36 588 722 7 52 602 753 1 15 609 669 1 9 620 638 3 28 643 709 8 58 643 762 5 50 658 764 2 13 677 715 1 8 683 703 1 35 709 770 4 33 715 819 3 20 717 778 1 17 786 812 1 5 806 817 
46 9 44 23 136 3 52 67 214 2 19 75 126 1 10 76 99 5 31 83 167 1 17 95 138 3 46 115 241 6 27 116 238 5 51 116 209 3 41 183 276 1 12 194 217 3 31 200 295 2 35 216 286 9 67 219 379 4 45 224 324 2 20 227 279 1 9 249 270 1 2 267 272 3 13 280 351 6 40 283 440 1 14 311 345 6 52 328 475 4 26 336 396 8 55 373 507 4 57 413 554 7 72 431 578 4 20 504 575 5 29 519 608 1 12 538 577 7 39 556 681 1 12 559 593 4 40 562 675 3 41 562 645 5 55 574 676 7 67 577 719 7 55 579 699 1 9 601 641 3 39 675 760 3 24 686 760 3 34 687 742 1 11 714 747 1 5 760 771 1 5 770 788 1 6 779 797 1 14 788 820 1 8 802 820 
51 4 46 1 91 2 18 37 80 1 9 45 75 3 35 54 128 1 6 68 82 3 26 79 159 3 26 83 154 2 17 108 157 9 54 127 287 2 27 161 217 2 12 192 244 4 34 193 292 2 14 205 247 1 4 227 240 1 11 229 251 1 16 231 264 1 3 235 242 8 34 258 422 3 41 286 434 10 90 286 434 3 21 288 370 3 41 290 414 7 76 346 501 2 22 360 429 6 34 379 473 7 38 382 505 6 67 386 500 2 14 397 446 2 61 405 505 1 9 405 425 2 19 409 468 1 15 414 446 5 20 428 520 6 52 434 551 1 10 479 502 1 2 485 491 7 62 506 618 1 5 509 527 6 44 514 658 4 27 525 599 4 34 526 629 3 33 542 615 3 27 605 685 5 28 677 774 1 14 677 705 3 11 689 754 4 47 692 794 2 19 700 741 1 11 737 764 1 7 757 781 1 2 816 822 
