10 38
5 28 28 100 165 6 11 253 281 19 19 391 433 26 26 458 515 11 11 613 650 
4 19 23 59 109 9 9 169 191 23 23 632 708 29 29 634 692 
3 36 40 109 186 32 49 188 303 18 18 243 278 
4 37 52 390 495 3 4 487 498 24 33 542 608 24 33 612 689 
3 34 55 253 357 34 57 255 370 30 30 652 738 
4 2 8 16 30 52 52 74 224 13 13 667 697 9 12 722 749 
4 21 21 387 462 64 64 525 653 1 1 578 582 28 30 613 684 
4 48 64 222 371 28 28 475 546 4 8 623 640 8 15 715 748 
3 33 45 51 135 4 4 266 273 40 40 604 719 
4 14 14 431 469 30 45 438 539 15 36 581 650 19 46 629 722 
