10 104
12 10 10 82 150 17 17 154 221 27 33 173 313 26 26 247 363 28 28 412 537 13 13 422 479 2 4 574 588 17 26 592 679 5 10 600 631 1 4 700 716 1 1 725 732 8 8 730 770 
7 9 11 90 148 23 25 148 241 2 3 200 211 34 34 201 308 37 40 506 663 19 19 620 687 32 36 676 792 
8 39 39 109 269 16 32 111 234 33 44 124 282 26 36 273 407 17 25 367 473 16 23 421 501 10 11 697 743 1 1 804 809 
11 1 1 25 31 14 14 47 108 25 34 49 184 19 19 57 120 21 27 184 281 22 34 296 409 26 26 303 415 5 6 310 341 31 31 319 434 9 17 324 385 6 8 367 399 
12 9 9 54 92 12 18 68 142 14 20 186 247 19 19 200 301 21 29 205 358 12 64 244 374 1 1 297 304 18 33 475 599 22 45 516 675 10 10 540 615 4 7 599 620 21 24 712 816 
9 24 33 87 179 23 27 119 203 4 22 196 281 13 17 487 553 22 33 496 607 31 34 644 766 25 42 664 810 22 35 708 810 1 1 812 815 
12 9 9 165 196 23 23 200 288 18 29 247 362 20 29 301 422 12 21 303 365 7 8 321 359 7 8 421 468 5 6 469 499 20 44 473 616 10 14 487 532 24 24 648 754 3 3 783 803 
9 2 4 68 83 23 26 151 272 37 57 254 411 10 19 307 363 28 44 321 447 30 36 462 603 19 43 624 741 13 13 662 717 11 11 718 759 
12 15 25 31 102 1 1 96 102 3 3 137 152 9 16 168 248 22 22 170 304 32 49 177 337 9 11 195 228 25 25 271 351 4 4 370 387 1 3 585 596 24 48 634 773 10 16 740 809 
12 13 13 74 139 13 24 128 204 19 19 142 227 11 14 161 209 14 21 309 367 19 32 395 490 1 1 540 546 25 25 573 677 28 36 648 794 9 11 662 713 21 25 668 757 8 9 760 810 
