10 118
10 24 33 92 207 11 26 183 244 36 40 209 364 27 46 233 340 3 11 329 366 5 7 345 381 30 58 660 790 14 27 709 776 4 11 711 740 1 1 815 819 
8 5 21 45 86 27 34 57 184 4 9 64 88 23 41 97 188 32 81 131 295 31 62 168 293 19 22 675 759 9 11 749 791 
17 17 48 11 101 31 61 15 129 2 4 51 63 6 9 102 128 11 31 151 207 2 5 240 255 1 1 248 253 23 69 321 451 4 9 371 389 1 1 374 378 4 24 422 470 15 78 563 694 1 6 572 585 16 40 617 694 19 53 626 772 8 13 694 736 1 7 767 782 
9 6 7 10 40 31 63 22 184 9 13 69 117 29 50 80 243 11 20 113 175 25 28 343 466 26 51 542 656 12 39 548 619 2 4 795 813 
15 8 15 12 56 4 7 35 62 6 6 38 82 15 27 73 151 23 50 123 262 9 27 137 194 11 27 161 226 14 36 351 430 4 5 412 433 6 18 494 538 12 37 510 592 32 74 530 688 12 31 724 793 5 11 740 770 3 8 771 798 
8 29 59 98 228 27 62 102 220 17 30 140 221 1 1 145 148 11 19 210 289 22 47 256 354 18 42 326 427 37 45 593 725 
10 23 54 11 109 8 21 47 92 6 15 69 106 34 77 100 260 9 32 315 398 26 45 469 572 32 49 510 646 12 33 517 627 4 11 791 812 1 3 805 812 
13 9 20 28 91 23 42 106 212 24 44 173 264 34 62 183 334 28 40 402 498 18 46 421 539 5 9 503 525 5 20 639 681 1 1 664 670 25 29 688 812 1 8 710 731 2 3 751 764 7 20 764 814 
13 13 33 44 130 29 41 67 188 1 2 78 83 32 71 188 339 19 30 267 335 7 15 283 323 12 42 346 417 8 19 444 500 4 4 456 472 8 38 684 756 8 14 702 744 14 24 732 803 1 1 819 822 
15 22 32 3 80 6 17 93 138 12 78 108 226 22 27 158 246 27 77 246 397 6 20 311 383 11 19 600 649 2 6 633 656 17 36 674 757 10 15 696 744 12 35 733 813 5 15 769 808 5 12 786 814 1 6 795 808 1 1 808 811 
