10 163
20 4 4 81 102 13 19 83 147 9 9 143 186 22 25 161 266 27 27 342 513 25 38 360 515 40 43 388 544 11 18 399 498 7 9 410 448 16 29 451 585 1 1 459 462 21 27 505 606 25 25 506 612 24 30 538 649 2 2 618 629 2 7 669 691 6 11 689 726 3 5 702 720 4 5 808 834 2 3 833 852 
15 16 28 108 267 39 48 148 318 28 35 151 258 14 14 252 328 3 8 364 397 11 11 380 424 3 5 466 495 45 46 476 640 45 54 509 677 35 50 510 682 15 15 585 660 6 8 608 641 12 14 746 806 4 5 783 808 1 1 878 885 
14 46 51 71 241 13 23 93 183 7 7 134 164 17 17 220 295 20 20 284 405 24 32 316 449 14 23 322 411 24 30 325 424 26 26 416 573 17 17 449 509 19 22 519 611 10 21 569 619 9 15 581 637 18 30 701 813 
20 13 15 29 82 2 5 43 63 37 47 43 199 17 31 110 239 7 13 157 226 12 24 255 338 30 47 286 450 21 22 294 452 3 6 332 355 21 49 357 518 3 5 376 394 10 10 418 484 3 5 445 464 26 35 473 623 11 15 572 637 4 4 660 675 16 30 739 842 13 19 740 836 2 5 762 784 4 8 803 844 
12 7 7 62 95 35 45 143 308 6 8 222 252 36 42 236 410 16 16 301 371 34 34 339 487 33 66 345 519 17 33 451 570 12 13 553 593 34 37 602 760 20 23 675 755 9 15 770 834 
18 22 37 104 235 15 15 108 191 17 28 131 226 13 18 150 238 12 36 191 289 1 1 336 345 23 60 375 543 18 22 390 482 11 12 398 460 19 41 430 587 13 20 493 580 24 31 500 646 1 2 680 690 17 18 722 794 29 48 722 874 21 29 770 862 5 5 792 814 7 10 821 867 
17 13 13 3 102 20 38 44 194 14 21 136 243 12 23 137 222 22 22 219 307 24 61 267 442 35 51 302 474 25 32 405 534 28 31 405 510 8 15 419 468 13 14 422 479 17 23 424 553 24 33 667 832 6 10 711 754 1 3 865 880 1 2 867 877 1 2 871 880 
18 26 28 7 136 4 5 97 116 10 25 133 214 19 30 175 276 18 18 253 325 1 1 334 340 32 49 345 520 10 16 383 443 7 10 407 445 28 28 482 604 31 31 513 628 4 7 559 584 12 18 627 721 2 3 631 643 13 17 699 782 34 34 723 869 6 6 802 823 4 5 843 873 
17 8 9 10 57 26 26 71 173 20 25 130 229 25 32 146 285 15 15 200 262 13 22 231 325 18 21 329 446 24 24 335 447 6 7 359 386 7 18 499 624 38 50 549 719 13 13 582 641 4 4 631 650 12 19 672 787 11 16 695 793 14 19 753 833 3 3 782 792 
12 17 17 65 128 9 10 67 122 16 31 119 200 16 25 136 209 46 46 154 330 18 35 209 306 14 20 234 327 42 66 302 478 33 33 415 566 44 44 430 569 14 19 438 522 1 2 632 642 
