10 69
7 42 66 85 237 42 52 155 268 22 50 319 419 53 83 455 600 11 21 626 675 3 3 729 738 3 3 812 821 
7 2 4 346 355 49 49 412 528 42 42 500 609 6 12 555 586 17 17 596 635 35 73 622 761 36 36 702 802 
7 26 35 137 219 6 6 261 296 37 41 309 409 24 35 334 422 47 70 502 648 24 24 607 654 7 7 786 815 
7 27 27 28 113 47 60 113 231 33 41 226 309 4 10 410 432 28 34 482 572 38 38 535 619 7 10 719 742 
9 33 57 29 138 25 28 156 259 72 72 308 441 6 6 362 379 19 20 413 450 25 49 518 626 13 13 579 620 29 36 624 727 15 17 646 699 
5 27 27 168 236 45 61 437 592 56 59 453 612 44 66 618 759 2 2 652 661 
8 38 59 16 151 30 31 196 319 14 17 375 419 50 65 386 524 17 21 525 565 36 36 599 709 9 9 668 691 2 3 772 778 
6 44 55 131 275 71 71 177 330 14 14 299 339 34 34 562 660 13 16 666 707 1 1 800 803 
4 30 50 72 209 58 69 314 445 68 68 363 516 30 46 553 655 
9 24 25 103 201 39 39 166 266 1 1 249 252 41 62 291 433 30 30 369 452 14 24 397 462 59 59 597 737 13 13 781 810 3 3 789 798 
