10 58
7 11 12 4 52 31 31 302 421 14 14 312 374 13 29 414 512 4 4 529 549 14 30 705 787 3 7 733 751 
7 22 28 169 285 3 8 175 207 20 43 189 336 13 21 291 369 14 14 360 436 4 4 575 592 10 10 719 770 
5 4 4 48 69 28 31 311 456 28 41 668 802 19 19 726 794 2 3 746 759 
5 37 54 283 441 3 3 350 363 6 23 427 499 22 34 494 601 5 8 599 637 
7 2 2 51 65 16 28 107 184 24 27 132 254 9 12 416 463 19 21 532 609 6 11 694 735 4 6 701 728 
3 29 43 75 238 15 15 76 158 30 30 449 580 
5 20 31 152 258 14 17 199 270 9 9 416 468 2 4 499 520 30 30 641 754 
8 6 8 17 58 18 38 68 222 10 14 136 195 6 6 148 177 25 32 328 429 14 26 411 555 1 1 743 746 3 7 770 793 
6 12 33 163 260 34 35 176 334 5 5 419 449 6 6 471 504 32 32 662 805 3 7 669 703 
5 14 28 139 240 28 28 269 371 21 21 411 508 9 9 455 498 15 34 589 704 
