10 155
12 48 91 104 292 17 31 112 196 26 61 118 241 10 15 201 251 18 25 331 415 26 61 342 456 31 50 459 624 28 28 700 863 41 70 728 874 17 25 762 831 12 31 800 916 8 20 883 930 
14 9 29 17 105 8 31 155 219 15 35 203 279 28 59 212 402 5 10 229 254 33 67 432 570 31 59 502 666 10 20 587 634 51 57 669 838 42 59 701 891 8 15 752 794 1 2 772 779 12 33 782 880 5 7 924 945 
18 18 19 103 198 2 4 134 144 1 2 135 140 17 35 183 248 19 35 246 337 11 40 251 330 8 17 275 317 20 21 306 434 23 30 323 415 39 92 337 519 15 23 565 638 2 3 617 625 21 49 658 802 17 47 690 777 43 69 738 899 15 27 779 850 13 18 780 860 3 12 914 937 
12 1 1 48 52 36 38 87 229 7 22 166 227 19 70 363 536 42 65 521 696 17 44 608 725 27 41 674 809 31 31 733 867 25 72 748 916 26 65 750 878 33 58 791 907 2 9 862 881 
15 39 70 12 185 1 2 19 24 28 67 74 201 33 101 176 360 23 81 274 414 34 67 347 498 1 2 420 425 21 31 480 594 14 21 567 625 17 44 667 757 1 2 689 697 31 63 691 852 11 102 749 942 3 9 826 848 3 5 944 957 
14 17 35 20 88 33 52 81 261 29 43 275 396 45 79 392 574 22 65 503 626 28 54 527 690 11 13 604 657 10 25 631 693 36 78 642 780 2 6 708 727 13 13 715 792 8 13 847 885 2 11 937 958 1 2 959 966 
15 10 23 25 81 16 22 129 198 37 82 138 326 45 81 226 398 33 60 259 421 14 44 274 392 5 6 284 307 22 73 355 451 6 15 430 467 31 36 589 708 37 63 602 739 3 6 698 712 29 46 812 937 11 16 889 952 1 3 960 967 
15 14 33 40 104 17 48 115 235 14 37 127 204 8 16 164 208 24 53 199 352 10 17 228 271 22 22 300 403 9 52 322 438 21 56 345 451 11 15 421 468 17 43 446 532 27 77 447 598 24 31 642 749 45 53 742 903 1 1 957 960 
21 29 63 17 143 24 49 120 220 2 12 134 167 14 22 245 318 15 28 273 337 13 31 384 457 23 95 414 579 30 60 455 599 6 13 472 499 28 36 496 613 12 57 513 671 2 3 522 531 21 49 553 701 5 6 634 655 5 13 655 680 19 54 718 835 19 38 819 917 2 21 892 930 6 16 906 943 1 3 948 960 1 1 958 964 
19 26 34 66 160 24 24 103 230 29 62 171 334 12 28 237 307 16 34 278 356 14 53 361 481 5 14 415 460 20 27 433 505 12 26 468 537 17 22 488 535 18 33 497 577 13 25 497 567 36 58 537 723 6 6 620 651 5 9 652 693 3 8 865 882 4 17 904 937 1 3 943 950 1 1 944 947 
