10 231
21 3 36 5 90 6 54 10 154 9 54 66 217 1 13 75 109 1 21 79 138 3 30 128 192 9 60 128 285 4 33 177 296 3 22 247 289 2 18 278 324 3 25 345 406 4 39 389 482 5 77 513 676 3 39 560 656 3 42 609 699 5 39 622 703 6 31 662 765 5 39 694 799 2 17 714 764 1 20 741 783 1 6 768 785 
23 8 76 44 202 7 70 57 189 5 22 141 223 4 44 144 249 1 7 145 176 1 19 199 253 8 72 223 359 1 47 226 337 3 39 285 404 1 16 292 330 1 5 304 324 4 50 327 419 3 30 414 485 1 3 422 430 11 65 496 653 1 2 563 573 6 65 569 709 5 38 581 682 2 18 610 660 1 12 700 727 1 1 745 750 1 11 761 796 1 1 793 796 
22 1 9 74 91 3 31 135 220 3 24 156 253 2 26 220 285 5 46 321 435 5 42 332 442 3 26 390 443 8 62 509 642 8 35 516 674 1 16 517 562 3 14 524 594 8 61 539 685 2 17 632 667 5 68 642 793 6 80 646 806 6 50 667 764 2 16 715 759 4 38 724 798 1 17 736 775 3 34 748 817 1 2 798 803 1 7 799 818 
25 3 30 1 77 3 24 42 89 8 43 78 234 5 26 106 192 7 50 189 331 1 10 246 290 1 4 269 278 4 37 317 405 5 59 330 492 1 22 404 442 1 9 448 476 2 10 469 497 9 50 504 653 4 34 544 616 1 3 563 570 4 37 610 723 7 63 635 795 1 4 669 686 2 19 695 749 2 19 717 770 1 23 728 775 3 30 734 789 1 3 741 754 1 6 776 791 1 1 784 791 
26 4 48 45 168 2 8 55 78 1 5 59 75 1 3 124 133 2 18 171 217 2 20 181 244 2 39 181 282 6 90 191 348 3 43 212 306 6 72 218 362 1 15 338 387 3 27 405 476 7 67 447 590 5 56 459 586 1 10 522 541 4 48 523 636 1 18 565 600 6 52 566 715 2 41 575 673 9 76 626 775 2 42 633 706 1 4 660 683 5 51 675 793 1 1 707 710 1 24 713 759 1 18 781 818 
24 1 8 4 24 5 36 6 105 3 28 22 85 6 60 30 137 5 49 65 185 2 17 107 161 3 41 138 221 1 5 164 186 7 58 178 291 1 27 223 285 6 59 366 496 5 33 370 463 2 25 429 489 6 59 470 621 1 4 511 520 6 47 555 665 6 31 651 780 4 38 686 783 3 24 692 762 1 20 699 745 1 25 721 775 1 11 734 762 1 18 737 791 1 1 760 763 
17 7 60 2 158 8 66 103 266 8 36 188 324 7 76 202 352 3 26 204 281 4 66 264 370 2 11 271 301 2 17 354 398 6 36 429 554 2 15 437 476 5 49 516 629 5 41 552 662 9 32 656 808 1 5 668 681 4 25 682 774 7 44 688 797 1 4 774 785 
24 2 14 22 76 6 39 82 206 1 2 118 123 1 5 121 135 4 41 144 272 8 46 301 453 7 48 315 436 2 25 412 498 6 39 418 525 2 24 450 515 2 20 504 579 1 3 535 541 1 11 550 570 4 53 567 711 9 58 603 743 1 11 635 669 4 32 645 720 10 59 680 793 1 13 705 735 1 7 718 738 2 15 741 793 1 5 794 815 1 2 799 811 1 1 811 816 
24 5 33 5 89 3 68 45 193 6 47 58 157 6 60 60 203 5 31 189 282 1 3 190 197 2 34 202 257 9 63 281 407 5 45 360 464 4 41 412 476 1 1 460 464 1 12 466 500 2 28 473 528 7 49 571 717 3 28 623 693 5 53 623 742 4 55 638 752 1 10 654 684 2 56 686 786 1 28 743 803 1 6 760 771 1 4 787 796 1 1 797 801 1 1 807 811 
25 6 49 45 155 5 38 70 174 1 7 72 99 4 61 101 200 7 31 116 251 3 41 135 264 6 39 153 247 4 35 155 263 7 77 202 358 1 17 210 255 2 23 274 321 7 30 282 368 3 30 394 479 5 19 420 538 1 11 477 500 5 34 489 590 2 34 667 745 1 25 712 765 2 25 727 804 2 19 739 783 1 6 742 758 1 12 753 779 1 7 753 777 2 18 754 806 1 4 760 771 
