10 73
4 44 47 100 209 70 70 216 363 61 65 492 622 24 28 545 625 
6 44 61 125 263 78 81 283 429 28 43 315 397 36 37 594 713 9 13 764 796 8 18 862 892 
4 61 92 23 196 45 53 424 571 42 56 455 566 73 75 702 866 
8 28 28 254 331 4 6 278 293 48 70 305 426 22 58 416 533 24 24 425 483 22 27 517 592 3 8 726 745 36 36 734 830 
10 20 20 94 148 2 2 124 129 20 33 190 243 1 1 404 408 41 52 502 636 43 50 543 652 15 19 569 625 9 14 661 696 35 50 778 884 8 8 856 879 
7 39 71 256 429 16 21 382 430 14 14 688 727 21 36 703 788 52 83 707 882 41 44 779 886 8 13 859 887 
11 81 81 73 240 4 4 82 93 16 16 84 124 45 49 162 279 2 3 281 291 15 15 283 317 25 36 318 414 27 29 460 529 3 5 566 582 41 41 738 828 6 9 856 870 
4 47 47 0 128 55 58 48 224 52 52 296 461 52 65 718 886 
9 63 66 76 215 24 24 147 206 13 13 273 311 50 95 507 662 3 5 545 556 26 26 755 830 24 34 798 884 17 29 799 866 20 24 830 881 
10 4 4 56 68 16 16 57 91 13 40 61 138 43 61 220 340 26 42 305 393 35 38 397 472 42 42 740 832 19 28 802 871 10 17 832 877 2 2 869 876 
