10 102
11 1 2 33 41 39 72 168 346 11 25 191 262 3 7 214 234 30 62 254 411 26 26 305 398 30 78 410 558 14 29 571 634 33 55 686 815 6 10 787 818 1 2 881 888 
12 23 67 67 227 10 16 174 212 1 1 276 280 54 73 279 450 11 58 353 498 2 5 388 398 21 63 417 540 14 28 443 506 5 22 545 680 1 3 552 564 22 49 619 746 1 1 806 812 
10 39 56 42 214 30 59 55 193 11 27 91 155 19 70 113 244 20 43 299 421 11 16 430 473 2 3 491 503 28 59 739 866 12 17 748 854 1 3 882 891 
12 4 13 14 43 3 8 162 180 14 27 305 417 3 7 319 335 4 8 339 357 39 41 403 540 31 60 520 660 17 69 641 815 12 37 685 775 42 82 714 889 11 48 766 877 1 2 767 775 
11 24 66 39 174 22 30 193 313 19 43 201 300 11 16 209 253 12 26 292 352 7 15 395 436 1 1 483 487 5 19 519 559 37 74 550 712 23 85 555 706 15 25 750 827 
7 23 39 319 449 34 79 463 583 31 41 481 633 12 12 510 559 38 63 640 810 6 6 649 669 30 57 709 852 
7 41 94 5 166 37 37 49 196 25 64 131 253 51 70 306 482 15 26 337 408 8 15 819 858 1 1 840 843 
9 9 32 41 93 25 66 82 223 6 20 249 287 23 43 298 384 19 52 507 614 39 73 518 683 34 74 594 739 32 32 615 735 8 22 808 850 
14 25 34 107 213 1 5 160 172 5 28 227 306 28 55 281 401 5 16 407 443 17 45 430 533 11 23 565 633 31 80 583 726 27 80 674 849 6 11 736 781 13 27 829 892 5 13 857 884 1 4 871 880 1 3 884 892 
9 17 44 259 365 31 67 335 508 15 25 336 422 24 52 358 476 38 62 618 773 14 48 625 720 24 62 686 861 12 20 767 821 4 10 847 873 
