10 119
10 36 42 47 204 26 31 168 317 35 37 328 478 27 29 328 480 33 67 393 564 17 19 409 492 11 21 566 636 1 2 702 710 6 8 865 891 1 1 886 889 
12 14 14 349 420 39 39 382 523 22 28 424 542 22 31 444 546 34 41 531 659 8 9 534 591 20 37 656 771 6 6 660 692 4 4 823 844 1 1 825 828 5 5 830 858 6 8 848 886 
11 16 39 1 114 23 37 74 177 23 26 217 334 12 12 232 274 17 18 251 338 10 10 303 378 4 6 413 430 2 3 521 533 28 30 697 823 13 16 705 811 21 23 759 870 
12 7 7 34 73 17 17 95 178 8 13 108 145 3 8 108 136 25 25 162 280 11 13 224 292 4 9 275 303 26 29 418 575 34 34 508 643 37 51 663 827 1 2 831 840 2 2 842 852 
13 31 42 172 317 7 11 219 265 40 40 227 402 10 12 472 510 1 1 566 575 23 35 645 773 4 5 722 746 25 39 747 887 5 6 796 820 11 11 809 860 9 9 848 885 3 5 869 892 3 3 875 889 
9 37 40 146 291 31 41 328 470 21 66 338 483 32 41 550 723 3 4 584 603 5 5 657 681 7 7 676 713 29 29 711 886 8 9 797 830 
10 1 3 29 41 33 37 113 239 30 30 120 258 7 7 211 242 3 13 385 422 13 14 563 632 40 46 633 807 33 35 668 795 10 12 683 734 3 4 814 831 
18 25 30 34 141 24 49 52 200 1 4 58 74 4 4 263 286 2 4 304 323 22 22 353 491 22 25 359 487 9 34 405 521 4 7 419 443 11 11 484 523 9 15 595 649 8 18 642 708 6 6 700 735 1 1 781 786 11 11 828 869 1 3 828 839 1 1 841 844 4 6 864 889 
9 11 12 54 112 8 16 86 150 31 42 158 315 16 16 273 348 31 49 452 621 13 18 477 549 31 31 518 653 24 24 549 664 13 32 739 822 
15 13 22 11 112 12 13 61 131 23 32 100 228 13 17 154 228 13 20 263 369 15 15 292 371 14 21 311 400 21 21 556 635 4 7 572 599 27 27 590 706 2 2 732 741 13 14 800 845 1 1 842 847 1 1 847 855 6 6 865 890 
