10 90
7 31 32 37 152 98 98 92 274 36 73 273 458 69 69 320 459 44 55 427 576 49 62 605 770 2 3 899 910 
9 51 78 96 238 1 2 173 180 51 51 456 550 53 53 515 624 4 12 538 576 47 47 567 671 7 9 685 703 34 56 789 905 34 34 813 928 
6 66 66 72 222 30 41 97 190 59 59 238 378 52 67 296 461 24 24 393 473 43 55 532 682 
11 53 82 35 180 67 76 127 319 37 37 342 439 15 23 377 415 6 8 439 464 60 60 709 839 11 11 741 763 1 1 852 856 8 14 890 931 8 8 906 927 5 6 919 937 
11 38 38 82 168 47 69 102 211 27 27 192 272 13 13 220 257 66 66 244 380 50 71 490 628 35 38 671 764 5 5 907 928 9 9 929 950 3 6 930 947 10 10 937 964 
12 81 86 28 207 26 56 31 149 7 11 94 117 2 4 121 132 30 35 285 363 21 27 334 420 21 21 355 408 11 13 486 535 20 20 544 585 24 31 636 724 56 56 731 854 2 3 786 793 
9 18 18 58 105 34 35 101 194 48 56 126 236 23 32 167 275 40 60 584 716 36 48 715 821 52 70 817 962 14 29 842 904 16 28 897 951 
9 34 34 108 167 6 6 161 181 34 34 208 291 21 21 310 366 23 49 318 415 53 53 397 526 53 53 476 634 52 52 613 710 1 1 692 696 
7 23 49 249 370 34 41 258 340 29 29 284 350 83 83 358 540 42 68 622 780 33 46 746 878 44 47 806 934 
9 46 46 81 177 56 56 127 313 19 25 132 200 25 33 208 280 66 66 401 578 32 32 710 817 26 30 739 812 17 21 769 816 8 18 772 802 
