10 59
4 33 49 199 339 25 62 444 571 15 61 596 723 6 9 702 735 
5 22 45 86 203 19 60 347 504 4 13 433 467 25 48 438 560 5 7 760 784 
4 19 25 19 91 35 51 358 511 15 36 556 624 11 18 676 729 
6 28 51 135 260 17 20 137 217 22 65 326 432 5 16 521 557 5 17 575 612 5 9 594 620 
4 3 14 69 106 34 34 292 413 34 48 365 483 24 54 394 524 
3 38 80 78 237 19 29 245 358 28 52 590 744 
10 8 29 23 83 2 11 38 69 6 13 38 76 29 49 356 484 25 29 420 521 8 15 490 538 1 3 624 634 5 10 627 663 8 18 694 737 1 2 799 805 
8 3 11 49 79 4 11 236 262 23 46 259 367 23 48 379 513 8 33 411 492 19 39 648 748 5 12 782 811 1 1 815 818 
7 18 48 157 284 12 19 337 405 14 15 671 734 12 19 683 741 25 30 691 807 4 6 795 812 1 5 804 814 
8 7 16 21 58 13 35 41 137 15 32 130 227 5 6 512 533 8 15 599 640 19 37 679 772 6 23 712 761 2 3 736 751 
