10 154
10 15 29 209 357 46 53 237 428 31 62 248 428 32 40 356 510 37 41 486 662 24 24 514 641 24 24 562 713 18 23 590 687 29 39 688 808 32 32 791 951 
20 1 20 33 87 13 15 133 187 10 11 135 189 21 24 202 303 18 27 234 347 9 9 256 293 11 14 336 405 1 1 405 411 3 3 424 442 22 33 465 590 14 18 544 623 11 11 595 644 19 34 647 757 7 9 673 715 19 30 688 823 16 21 694 772 18 18 739 849 18 25 749 838 42 42 796 960 1 1 843 848 
13 17 38 11 123 16 38 68 198 30 32 236 361 42 62 236 415 31 41 254 408 19 19 314 401 38 38 420 578 26 26 438 568 19 35 463 591 16 16 556 637 12 12 567 626 9 15 684 734 5 5 687 707 
13 1 1 78 82 24 27 129 320 31 40 172 304 34 34 181 311 34 37 245 379 34 34 270 370 37 51 276 458 17 30 421 535 20 29 436 547 28 31 760 927 4 7 919 946 9 9 932 967 4 4 940 954 
20 3 8 21 44 25 33 22 139 32 58 183 348 8 12 198 261 8 18 203 269 22 33 225 408 5 9 230 275 4 7 243 264 5 6 290 316 39 47 377 557 9 13 406 447 8 8 407 453 31 31 425 555 14 14 776 837 22 27 790 909 24 24 792 895 11 20 820 886 3 7 838 858 4 4 840 870 10 13 894 954 
17 39 42 53 203 24 35 62 228 14 14 71 115 46 46 86 266 19 31 127 231 29 62 147 318 12 18 219 296 36 48 335 522 18 19 374 447 19 20 496 599 8 8 668 708 19 46 675 818 12 15 716 763 4 4 868 885 11 12 873 940 2 2 911 921 1 2 944 952 
15 27 27 72 196 27 36 130 281 38 51 201 379 1 1 371 374 36 36 377 564 50 50 515 705 19 24 550 619 11 12 561 607 4 7 680 700 21 61 727 869 50 50 746 938 2 2 785 793 2 2 807 818 2 3 939 961 1 1 963 966 
15 17 19 23 103 67 67 109 299 25 29 116 245 3 3 189 203 12 12 353 416 29 35 430 571 15 15 447 499 42 44 466 620 12 17 483 554 17 17 497 585 17 17 516 613 9 15 519 563 5 5 662 682 2 2 816 826 4 4 912 934 
16 20 39 159 294 16 25 264 381 6 8 283 309 32 32 312 447 39 46 335 522 29 29 386 510 17 24 403 498 22 22 408 502 6 8 437 475 6 26 456 565 6 6 577 608 38 38 634 768 20 36 755 890 29 65 804 965 8 19 842 902 5 5 880 906 
15 39 39 150 305 36 45 181 337 26 26 195 332 22 22 238 330 43 43 254 421 28 42 284 426 26 26 301 413 13 14 379 469 2 5 413 443 12 12 455 525 6 8 541 572 10 52 549 728 4 12 602 668 21 22 859 956 3 3 951 965 
