10 513
47 3 26 16 80 2 23 29 82 7 39 37 145 6 41 84 227 7 70 95 244 3 25 108 189 1 5 118 137 6 68 138 289 4 25 151 252 8 65 182 334 10 73 199 359 8 59 216 356 5 29 219 327 5 65 221 392 5 72 231 366 2 17 254 304 1 2 255 264 5 25 257 341 7 50 289 396 1 5 306 320 4 42 309 405 1 18 310 350 13 56 408 586 1 4 416 431 5 14 442 543 4 42 446 593 4 31 463 548 3 48 477 585 1 2 550 556 4 26 572 732 7 66 576 751 4 29 579 652 3 46 581 674 5 59 605 736 4 36 608 697 7 64 631 755 5 50 667 790 3 20 676 735 1 3 697 704 3 31 701 797 4 44 723 817 1 1 734 737 2 39 758 827 1 8 818 834 1 8 842 861 1 5 873 885 1 5 881 892 
53 1 5 14 28 3 23 33 83 2 28 33 104 1 3 92 101 6 62 104 237 1 4 117 130 2 12 143 179 5 39 156 252 6 87 178 338 4 28 182 262 1 2 189 196 5 71 228 384 3 34 253 342 3 28 256 347 8 57 273 444 6 47 285 412 6 58 289 461 2 15 296 334 8 74 312 458 10 83 318 496 1 11 349 379 6 53 358 478 2 16 361 413 6 86 370 545 7 79 381 546 1 2 387 399 1 10 405 432 11 44 413 589 4 51 443 559 1 3 451 461 2 18 466 510 3 23 511 577 1 9 519 559 5 44 528 690 5 60 582 741 4 51 603 709 1 16 617 650 5 73 637 745 1 11 652 682 6 46 654 758 1 7 657 696 1 21 674 708 4 40 702 814 1 8 741 768 4 36 765 877 1 16 785 812 3 28 787 865 1 17 790 831 6 42 792 883 1 4 794 816 3 18 805 859 2 14 826 878 1 1 875 878 
52 8 45 6 136 1 5 51 65 2 12 92 130 4 57 107 253 5 33 114 198 2 18 171 218 1 7 190 211 1 22 191 250 1 1 197 204 2 26 201 259 6 72 202 368 4 67 203 333 4 58 213 366 1 9 227 255 5 36 228 309 1 14 235 269 5 73 238 359 3 46 279 400 7 68 286 454 5 17 293 398 6 51 323 422 4 48 333 448 2 15 334 380 8 43 389 555 4 19 414 488 7 70 464 623 8 66 466 619 1 6 502 529 6 42 505 627 1 23 510 556 1 9 515 535 6 49 540 653 2 28 544 617 2 27 602 653 2 14 614 652 6 41 617 734 5 56 634 800 3 51 641 728 6 53 652 803 7 55 668 832 5 66 674 794 7 81 685 853 7 67 724 862 3 29 748 811 3 50 749 840 1 3 762 770 2 20 767 827 1 4 798 819 1 3 819 827 1 29 835 889 2 20 837 890 1 10 852 884 
50 1 9 10 47 10 63 21 165 6 39 29 176 1 1 45 50 4 37 62 220 1 9 73 93 4 64 103 261 2 19 132 197 5 56 145 296 7 95 150 309 5 30 172 283 6 25 183 285 2 45 206 286 8 52 253 416 1 5 259 274 2 21 270 321 3 34 293 363 4 51 328 438 7 61 347 495 1 18 348 381 5 57 360 528 2 32 362 493 1 1 374 379 1 1 420 427 12 53 442 581 11 67 443 617 1 3 454 473 3 24 455 530 5 12 460 570 7 69 467 608 7 42 506 621 4 28 515 604 1 3 534 541 4 45 587 693 9 55 615 764 2 32 626 710 1 6 640 660 4 16 642 744 1 14 657 692 5 49 674 758 1 13 675 714 6 35 747 860 3 27 758 829 2 27 765 842 1 5 772 787 4 50 778 872 3 33 792 877 1 7 800 828 1 5 819 833 1 7 849 869 
44 2 21 16 73 5 50 35 152 3 19 46 95 9 39 68 200 1 8 78 129 6 44 108 220 8 74 143 311 1 5 159 170 3 49 183 284 3 41 203 300 3 31 203 272 1 7 217 235 3 51 250 343 11 65 254 428 8 30 266 436 2 11 282 313 3 23 305 355 2 19 344 400 4 63 359 482 6 59 392 515 6 71 408 566 3 71 419 576 6 40 429 533 10 71 442 605 1 7 448 467 3 31 457 526 9 51 499 674 4 27 505 583 7 47 511 689 2 22 513 566 1 7 514 531 10 78 542 718 5 64 565 718 6 44 565 688 1 14 591 630 8 64 596 740 5 54 596 764 5 42 612 728 5 42 640 729 3 29 648 731 1 6 762 777 1 10 823 853 1 1 872 875 1 2 875 880 
57 1 31 8 67 3 10 8 90 2 16 31 76 6 44 59 208 3 38 79 153 1 14 99 129 7 51 101 234 3 32 109 183 2 25 113 161 1 9 136 161 3 15 137 186 3 19 142 210 4 40 149 265 5 55 153 260 7 54 168 297 1 14 176 214 9 64 195 343 5 47 195 288 2 16 201 248 3 16 202 254 1 3 246 255 1 22 264 332 3 28 288 381 9 62 299 429 5 61 330 468 3 34 333 407 5 70 336 449 8 45 336 505 8 76 348 499 5 57 382 522 1 10 391 411 4 39 394 517 8 57 405 562 5 38 421 530 1 5 469 487 4 38 472 549 8 48 484 626 1 25 542 590 5 45 551 659 3 31 570 641 1 13 602 635 6 71 635 751 2 16 647 694 1 18 667 696 4 28 668 771 1 12 670 703 1 8 731 751 1 4 766 782 1 14 768 792 1 5 776 787 3 17 793 844 1 17 806 847 1 6 841 856 1 5 868 878 1 5 875 886 1 2 881 887 1 1 887 891 
56 2 26 5 75 1 2 26 33 8 61 46 215 3 17 64 138 1 11 85 115 4 57 115 226 6 42 119 274 1 9 138 182 1 3 173 180 6 76 183 338 3 39 201 363 6 52 210 316 3 35 213 308 4 24 224 281 2 30 241 324 9 68 261 412 6 34 264 423 7 50 267 414 1 12 285 322 3 35 298 380 1 12 310 344 3 38 320 416 6 64 359 505 5 47 365 486 1 4 370 392 1 6 388 415 1 4 396 414 2 20 419 489 7 69 476 637 1 12 496 534 1 8 496 538 1 3 499 507 3 47 510 602 6 59 523 655 1 8 587 609 3 21 597 662 1 8 607 630 3 67 620 761 5 19 621 685 12 71 625 801 5 38 658 766 6 59 666 793 1 4 697 706 7 58 697 834 4 29 699 783 5 48 706 850 4 42 710 789 6 64 712 868 1 19 750 788 1 5 755 768 1 6 755 767 1 17 808 859 1 12 826 862 1 10 845 863 1 8 855 881 1 5 868 888 
51 1 5 4 15 9 70 19 172 3 43 34 148 8 61 51 208 6 71 54 203 7 48 58 184 1 18 65 108 4 31 66 143 3 36 106 203 8 53 115 250 5 51 129 261 3 23 172 239 5 30 186 281 5 57 192 325 1 23 196 244 5 35 213 301 5 42 258 391 5 32 259 358 3 54 268 384 4 28 301 392 1 9 310 330 2 25 316 371 9 45 325 472 2 39 344 424 4 21 348 424 1 12 350 375 4 42 398 501 5 40 434 531 3 59 444 545 3 31 469 548 1 5 473 487 5 59 514 648 3 21 527 596 1 3 568 577 1 12 574 604 1 11 575 600 7 65 581 736 9 66 612 773 3 24 617 690 5 97 713 873 2 14 725 770 7 79 726 872 2 21 787 848 2 37 803 863 2 20 811 847 3 32 821 884 3 22 824 885 1 8 838 864 1 6 839 856 1 2 883 888 1 2 884 890 
50 6 45 4 121 3 37 63 142 1 20 90 129 3 46 110 218 1 2 119 125 8 44 130 264 1 13 150 181 3 35 153 208 1 2 179 183 1 3 212 220 4 50 225 312 7 54 230 353 6 61 237 360 3 37 252 349 2 50 277 370 9 52 322 497 1 13 330 357 4 46 332 465 4 31 341 433 5 52 389 516 7 43 419 552 2 21 436 516 4 36 439 556 6 40 452 546 2 28 469 523 7 55 479 629 7 78 480 637 1 14 493 525 5 38 532 662 3 17 541 595 1 4 544 553 5 57 552 664 5 76 558 729 8 81 614 756 8 49 624 799 5 39 661 745 6 59 665 815 7 68 678 826 2 20 743 780 3 40 755 855 6 25 760 853 1 12 782 832 1 1 783 786 1 2 790 795 3 20 799 880 1 4 807 819 1 9 837 882 2 14 845 875 1 2 857 863 1 4 870 885 
53 7 67 81 255 6 34 93 216 1 3 101 109 5 42 106 266 3 14 143 199 1 5 176 187 9 61 186 333 1 14 193 232 4 32 210 341 5 39 227 362 6 29 231 332 4 39 237 331 7 65 252 376 2 23 303 373 7 60 316 456 4 38 320 394 2 28 334 389 7 58 341 501 5 31 344 434 6 47 353 495 3 29 356 417 1 41 413 509 9 61 447 600 7 62 451 596 1 2 468 484 4 55 473 576 1 4 474 484 1 19 496 536 1 26 557 602 4 49 588 734 1 1 597 602 9 62 597 745 8 78 601 745 2 14 617 668 10 55 617 769 2 27 654 709 2 20 658 693 2 22 668 713 1 14 674 716 3 29 680 777 3 20 686 742 3 14 687 738 1 9 703 730 2 52 746 862 3 17 748 812 2 17 758 799 1 12 803 830 1 5 832 850 2 10 833 866 1 4 834 848 1 8 850 866 1 7 857 880 1 5 874 886 
