10 174
18 12 16 14 73 33 34 23 169 15 39 36 148 18 57 63 297 52 52 73 275 11 14 120 192 51 51 227 436 35 35 348 504 1 1 465 471 31 40 470 592 14 21 601 680 26 50 609 795 23 25 647 756 17 29 690 818 24 24 762 945 14 17 1039 1124 11 13 1161 1213 3 3 1196 1210 
15 28 38 21 141 23 47 251 423 46 76 302 544 36 36 403 545 5 6 565 587 56 56 581 793 15 33 658 780 24 26 675 787 25 45 747 966 8 12 766 810 34 34 834 1009 50 63 910 1130 3 6 938 959 16 30 1005 1126 42 50 1047 1204 
14 43 73 39 278 17 17 96 182 31 42 154 314 29 29 167 351 38 43 458 613 20 32 542 640 36 36 559 681 32 70 613 830 34 41 803 972 59 67 817 1048 17 25 872 965 7 7 931 955 2 5 933 947 11 16 1156 1202 
19 19 30 210 295 9 12 244 288 14 20 326 392 6 11 419 462 28 33 439 556 33 59 491 715 15 26 539 654 48 48 547 770 1 2 682 691 24 47 714 914 25 25 752 866 28 39 770 952 51 65 869 1098 23 34 932 1130 24 28 1005 1094 15 15 1035 1096 9 16 1073 1132 14 15 1092 1150 3 8 1163 1188 
18 3 4 19 30 33 33 137 254 13 15 143 209 45 59 144 379 12 29 186 247 23 32 267 368 53 53 285 505 11 14 289 351 37 46 606 800 41 68 781 1005 16 17 845 915 19 26 848 952 14 14 873 923 31 43 1021 1186 24 30 1044 1159 13 20 1100 1175 4 4 1119 1143 2 2 1200 1211 
21 20 32 161 300 46 62 191 413 19 29 371 477 50 72 416 636 21 29 426 543 27 27 474 616 3 5 481 498 10 25 665 747 2 2 807 818 32 48 822 1045 45 45 906 1127 32 45 906 1119 1 1 975 979 4 7 1027 1052 2 5 1063 1080 17 27 1074 1188 6 6 1078 1106 6 6 1080 1122 14 16 1126 1184 8 8 1128 1181 19 19 1131 1195 
17 32 40 27 226 24 29 61 182 10 24 142 272 20 23 206 294 25 25 336 432 2 3 351 365 28 42 396 574 45 52 447 656 9 10 462 517 4 10 520 564 53 57 715 938 44 44 831 1008 9 9 928 975 50 50 940 1174 12 18 1081 1166 6 8 1082 1118 2 4 1143 1158 
17 18 23 49 118 36 45 83 287 49 62 88 305 25 25 141 286 14 15 213 276 17 31 232 339 1 1 288 295 21 26 506 634 4 4 582 605 32 47 640 814 26 40 690 797 43 49 878 1077 23 30 903 1002 13 14 986 1054 32 45 1015 1175 19 19 1056 1155 10 18 1155 1214 
17 30 40 82 272 34 34 237 374 35 41 334 486 23 61 410 632 30 35 498 612 20 20 523 625 4 13 533 573 2 2 603 612 33 66 694 913 33 59 771 937 35 60 774 989 24 26 864 1014 50 68 937 1156 6 6 1028 1065 3 6 1042 1061 19 21 1106 1215 4 9 1108 1137 
18 42 42 45 177 34 34 251 402 14 30 314 406 32 36 330 465 46 61 331 543 30 30 524 692 17 25 567 675 8 17 638 688 31 31 684 822 1 2 778 790 12 16 785 853 1 1 838 844 8 8 962 1005 71 71 976 1208 30 34 1004 1117 9 21 1079 1139 8 8 1161 1207 1 2 1198 1207 
