10 236
20 5 56 104 252 2 39 149 245 7 58 163 285 1 17 216 260 5 58 220 336 5 55 237 372 10 83 280 480 5 67 281 413 8 70 362 549 4 22 380 437 9 36 533 688 3 35 598 722 11 57 610 765 1 5 734 747 5 96 762 919 8 72 783 931 6 42 811 952 4 22 849 905 1 8 963 988 1 5 993 1020 
24 9 58 30 225 6 50 81 215 4 18 116 206 5 32 139 223 5 36 188 311 8 58 319 457 5 48 381 498 7 79 465 653 2 26 493 554 2 22 504 560 1 1 514 518 7 44 523 669 2 14 560 620 7 87 579 754 6 41 580 683 4 36 615 713 5 38 618 716 5 78 624 783 5 32 680 756 1 1 801 807 4 20 844 917 1 11 892 930 1 20 910 960 2 14 925 967 
25 1 14 13 44 4 34 29 103 8 85 57 248 10 68 72 225 5 43 74 204 1 18 181 225 2 28 223 294 5 67 239 363 1 4 258 273 6 45 268 431 7 57 324 505 3 25 345 400 9 73 442 616 2 22 477 525 9 77 533 690 3 16 550 603 2 40 740 854 8 105 740 910 4 50 771 892 1 5 781 790 4 34 916 986 1 8 925 943 5 30 946 1018 2 22 973 1027 1 11 984 1010 
29 4 35 30 99 1 6 123 136 1 17 132 165 2 40 200 283 2 25 246 296 9 59 264 415 10 79 267 466 8 90 323 518 2 24 357 406 7 79 368 505 1 5 389 401 2 19 403 439 1 9 424 444 3 18 452 523 1 1 513 520 8 90 553 717 1 3 563 570 1 9 598 618 3 29 629 685 3 17 675 749 4 29 737 818 7 102 742 929 1 6 775 798 6 57 838 967 1 11 857 885 3 33 883 956 3 22 907 972 5 39 911 1009 1 1 1022 1025 
22 6 41 10 148 8 47 173 291 1 11 193 215 10 107 249 449 12 72 280 455 3 44 330 423 8 57 340 497 3 29 367 428 1 18 435 478 5 60 440 570 4 85 476 614 9 80 477 674 9 50 494 653 3 29 660 717 2 27 670 743 3 19 762 853 4 45 767 861 1 5 784 802 4 72 837 994 1 13 918 955 3 40 919 1003 2 24 937 991 
23 3 29 37 111 13 47 87 259 9 86 119 299 3 23 130 189 4 28 157 262 2 33 181 246 6 47 187 315 2 29 318 387 4 18 356 514 4 67 367 498 4 25 404 492 5 44 455 555 1 3 488 499 1 8 723 744 12 108 753 949 8 83 781 969 6 42 836 945 5 43 845 976 5 41 861 950 1 9 863 884 3 21 895 962 1 18 965 1005 1 2 1011 1021 
22 5 59 34 158 1 7 71 86 6 29 137 233 3 18 177 247 9 114 182 353 6 60 263 399 1 14 269 301 7 53 277 398 4 25 429 517 8 65 562 680 7 78 563 751 6 62 569 689 1 11 603 635 4 43 640 750 2 25 695 788 3 35 769 863 7 47 779 947 7 65 827 999 7 70 833 1013 2 24 901 971 3 14 937 979 1 1 994 1000 
25 8 74 9 186 6 50 47 171 9 62 82 253 1 11 92 118 1 3 94 102 6 49 168 301 2 24 208 253 7 44 263 409 3 37 270 357 1 11 314 342 1 12 320 350 3 30 357 436 9 71 394 550 4 37 442 537 12 76 476 680 1 8 502 529 3 22 700 749 6 51 719 865 1 21 749 795 3 22 786 854 1 9 811 831 5 70 826 980 3 24 855 919 3 23 943 1017 1 4 1007 1020 
24 2 19 100 152 7 65 133 280 4 32 242 314 4 24 247 338 7 33 301 405 2 20 390 449 1 10 404 435 8 62 490 677 1 20 513 580 1 5 523 534 8 74 554 750 3 24 617 677 11 11 658 839 2 38 676 783 11 53 731 909 9 80 741 932 1 19 752 794 4 54 800 900 8 57 855 1001 4 32 912 1002 2 43 918 996 1 2 937 949 1 15 959 996 1 1 1023 1026 
22 2 29 96 165 4 63 142 289 3 12 205 273 8 33 253 419 1 2 295 301 9 67 379 568 1 5 408 424 6 43 430 560 7 84 463 665 7 48 484 617 5 56 611 734 10 52 616 784 8 66 618 805 11 68 623 788 2 19 630 689 4 28 680 756 6 41 762 864 1 15 825 861 4 57 862 990 2 25 959 1013 1 8 966 988 2 14 972 1023 
