10 111
15 13 18 58 122 15 15 128 232 1 1 142 146 11 12 269 314 8 14 282 348 29 74 303 515 24 30 314 431 23 30 420 575 46 46 474 664 1 1 475 482 3 3 583 597 34 42 626 798 9 58 878 1101 4 10 948 978 8 8 996 1036 
9 31 41 13 179 41 41 156 341 19 35 220 338 32 45 232 428 6 6 680 708 15 15 702 767 43 43 720 880 38 53 749 955 2 6 975 991 
13 2 2 33 42 7 13 178 235 23 40 280 422 14 25 303 407 2 6 443 465 34 34 446 600 29 30 453 568 28 34 708 846 1 1 785 789 36 36 924 1054 27 27 948 1056 4 7 1036 1062 2 5 1096 1111 
11 27 52 183 349 19 24 230 335 48 48 252 415 33 55 255 419 15 20 286 364 34 34 415 633 14 14 594 658 2 3 711 722 24 24 769 853 10 42 910 1074 1 2 1105 1114 
12 26 35 166 323 19 19 246 316 8 11 252 297 18 28 509 609 43 48 519 714 17 29 737 859 32 44 790 971 13 21 813 921 8 18 999 1059 5 8 1020 1048 17 17 1032 1107 1 2 1035 1043 
10 19 19 97 172 28 28 179 299 69 69 214 408 2 2 231 242 16 22 253 332 5 5 618 644 15 15 806 879 55 56 863 1075 7 9 921 960 1 1 1056 1061 
13 13 16 17 81 4 4 63 79 10 11 274 316 7 14 373 426 5 9 537 567 52 52 569 754 6 6 595 624 27 43 795 937 33 47 814 964 29 39 872 1040 29 39 955 1081 6 8 1034 1066 1 2 1059 1067 
9 3 5 9 29 44 44 72 251 23 39 179 286 57 57 203 392 8 16 344 406 14 58 399 610 28 28 533 646 11 16 542 618 19 30 883 1008 
10 46 46 52 236 38 41 217 358 46 46 310 526 18 18 327 394 10 14 494 545 25 33 764 907 1 1 814 817 23 27 847 980 1 2 914 924 12 24 997 1077 
9 17 27 109 202 49 49 309 488 17 17 528 589 41 60 697 880 8 10 779 815 28 36 821 983 6 12 904 944 18 54 932 1072 16 19 1037 1117 
