10 58
4 32 48 24 176 14 22 321 376 54 54 733 934 9 14 919 981 
5 21 21 232 317 18 18 306 404 33 33 341 510 1 1 570 578 38 38 734 875 
6 5 9 17 49 12 21 173 291 5 5 333 361 24 28 459 584 23 32 732 870 35 35 840 966 
6 39 39 1 154 30 41 42 189 8 8 188 221 13 30 406 501 10 22 651 727 1 1 1021 1024 
3 34 34 407 541 29 48 480 652 41 41 719 882 
5 46 46 167 348 33 45 289 424 14 16 646 723 21 40 653 812 2 4 971 986 
6 13 17 67 132 12 21 179 256 10 14 289 337 48 48 586 743 18 19 922 1028 1 1 998 1010 
8 5 26 166 264 34 45 186 370 13 22 316 374 17 18 655 750 17 18 677 763 19 28 708 799 2 2 823 836 14 14 913 971 
10 43 43 16 162 15 27 110 186 1 1 454 461 5 5 545 566 12 21 568 647 9 15 827 885 4 4 903 923 2 2 939 953 5 7 974 999 2 3 1014 1027 
5 12 16 238 293 32 38 428 546 31 57 465 667 11 20 594 664 31 40 781 913 
