10 181
21 45 106 6 249 57 97 27 263 11 13 194 245 14 15 204 262 5 12 255 295 23 44 260 368 37 102 326 482 17 112 391 609 18 33 393 489 3 8 424 444 10 20 430 478 35 78 535 766 6 23 598 651 10 35 600 670 5 12 670 701 35 46 753 879 1 3 790 800 14 92 978 1165 4 12 1102 1125 4 6 1149 1167 8 12 1179 1210 
17 48 96 40 258 2 5 59 73 26 44 85 198 28 46 164 342 7 13 232 272 15 33 242 321 42 68 270 512 27 40 337 438 5 33 385 449 21 41 478 574 53 72 590 832 15 47 657 771 19 41 661 768 31 80 935 1117 15 17 958 1014 30 51 987 1142 2 2 1194 1203 
16 7 16 31 61 7 13 37 65 32 69 171 393 28 58 195 361 39 60 363 554 41 55 424 581 3 3 464 478 34 79 498 676 1 2 612 616 16 26 664 747 38 72 677 842 18 29 678 762 51 76 713 926 10 21 1044 1103 15 37 1083 1186 4 7 1190 1208 
21 15 52 61 188 20 63 116 232 16 47 156 269 35 40 221 399 16 37 469 555 52 95 494 685 2 8 496 517 9 16 574 613 24 34 615 716 19 38 675 764 5 15 945 970 41 62 969 1200 7 13 970 1005 20 36 1001 1106 26 60 1026 1155 9 15 1047 1086 8 15 1048 1098 6 10 1094 1133 5 10 1100 1121 8 11 1136 1174 2 6 1148 1165 
15 43 43 70 251 46 46 128 312 33 51 187 322 24 81 354 543 2 9 407 427 2 5 510 523 25 25 561 659 55 124 582 819 21 21 656 761 15 43 735 817 37 37 737 871 19 48 754 854 18 57 895 1003 38 38 1035 1170 5 11 1156 1179 
16 16 23 41 97 11 30 73 146 47 69 93 275 20 51 355 463 44 89 391 588 41 71 499 677 24 40 512 640 8 12 589 627 4 10 649 670 55 136 739 957 9 29 814 886 39 132 826 1067 13 16 945 1008 10 13 974 1016 32 54 1058 1200 5 15 1147 1187 
26 5 7 172 199 5 8 178 208 5 29 197 246 6 25 268 324 6 12 277 310 6 16 347 384 28 68 398 622 37 45 438 553 1 3 468 479 1 2 535 542 19 22 547 642 49 91 550 777 9 12 556 635 1 2 592 598 37 73 633 859 23 72 635 762 21 43 670 774 20 29 680 802 3 5 760 773 14 45 825 957 41 83 912 1120 2 6 1116 1130 3 21 1143 1197 6 11 1152 1189 2 6 1159 1174 1 2 1207 1214 
19 46 110 13 238 24 32 102 224 31 84 110 312 6 34 128 204 19 35 193 277 28 63 201 328 9 16 235 297 32 77 340 469 13 20 399 467 4 11 471 508 32 72 482 672 12 38 590 662 16 16 609 725 14 34 637 726 25 41 651 767 5 5 729 751 36 59 807 949 10 26 834 928 3 6 1046 1060 
13 54 82 43 243 60 60 111 346 36 55 129 299 35 41 273 459 1 1 411 415 42 42 559 767 17 28 619 680 43 65 682 850 50 88 911 1146 1 1 921 924 5 13 1074 1105 2 2 1079 1088 1 3 1173 1186 
17 22 59 153 259 11 25 167 229 13 47 201 285 24 55 225 355 42 66 338 456 42 75 354 587 35 73 422 652 14 36 603 672 1 2 674 679 19 31 723 800 36 61 725 830 1 2 726 734 23 63 737 897 20 53 871 968 31 67 990 1149 6 13 1130 1182 4 14 1148 1194 
