10 36
2 25 31 48 146 87 87 614 806 
5 59 85 4 184 19 57 182 299 12 21 305 354 27 28 836 901 9 9 1009 1026 
5 18 28 69 135 43 51 128 217 35 35 254 396 2 4 685 695 82 85 769 943 
3 62 100 366 553 43 43 523 637 1 1 691 694 
3 35 37 421 505 62 62 672 838 31 31 719 820 
4 1 2 247 252 50 52 282 438 80 92 350 542 9 9 726 748 
2 39 42 24 149 81 93 556 734 
3 68 77 663 838 36 36 812 913 16 18 957 1017 
6 24 29 150 228 2 2 246 253 10 14 438 467 54 70 458 612 44 44 487 584 2 2 627 633 
3 49 65 110 269 33 43 203 295 24 31 711 771 
