10 92
9 34 46 379 466 88 88 382 568 24 28 431 547 28 44 443 554 90 96 514 716 40 59 520 672 37 37 900 1021 4 10 1033 1076 5 8 1190 1213 
9 27 27 217 290 82 95 520 761 89 89 569 775 46 46 594 731 6 32 616 700 70 73 879 1047 76 76 939 1110 7 9 1076 1093 17 17 1092 1155 
7 43 43 87 196 41 94 369 555 62 111 383 613 58 58 548 665 77 93 679 888 90 90 698 879 3 5 1107 1120 
12 8 16 97 136 21 26 123 182 13 16 199 237 22 37 332 423 40 40 337 428 31 43 357 553 27 27 484 559 103 109 630 853 35 56 676 780 4 7 710 725 8 9 810 836 50 50 987 1095 
12 73 89 75 277 60 63 106 249 35 35 375 456 32 41 410 527 52 52 425 651 2 7 692 706 11 13 823 851 19 23 928 988 51 64 1038 1185 13 13 1087 1112 9 9 1180 1207 1 1 1211 1215 
11 26 48 78 158 13 15 132 174 51 67 157 319 53 77 175 318 14 15 397 445 110 111 800 1041 40 40 1042 1165 19 27 1137 1199 13 13 1146 1183 3 5 1157 1166 1 2 1194 1200 
9 27 27 30 79 54 59 52 228 65 77 390 601 7 12 476 501 59 59 948 1093 40 51 993 1103 5 11 1007 1030 46 92 1014 1168 60 64 1062 1213 
6 84 85 9 206 75 103 154 387 67 77 354 519 47 60 410 537 53 81 546 740 63 63 648 782 
7 68 79 239 410 52 71 321 487 39 39 436 545 87 87 540 713 42 49 904 1011 57 57 977 1132 15 24 1044 1095 
10 72 119 106 342 53 61 265 402 65 65 587 739 18 38 623 683 78 81 684 896 40 68 926 1159 35 43 943 1073 30 30 958 1067 23 55 1016 1121 1 1 1185 1188 
