10 64
6 26 58 76 281 10 29 147 201 21 41 210 300 24 69 294 449 21 46 322 447 15 26 763 837 
8 6 10 39 66 4 13 222 259 33 72 309 499 25 49 318 436 4 12 340 360 17 50 696 796 4 8 936 956 3 6 994 1013 
6 42 72 86 238 28 70 229 391 4 21 509 554 15 30 540 623 18 50 839 932 1 1 989 996 
6 12 15 35 92 12 45 75 177 43 68 746 922 29 63 818 938 1 4 874 884 9 27 937 1012 
6 9 18 199 242 28 76 235 435 9 20 235 278 36 74 404 588 26 83 546 731 6 10 989 1014 
5 3 5 36 49 39 80 233 394 22 26 319 409 26 76 358 552 12 21 957 1026 
8 39 55 48 225 6 24 113 183 1 1 150 154 16 68 242 341 17 51 250 377 15 32 268 361 10 15 621 662 3 5 935 949 
5 34 62 229 388 9 36 238 305 12 16 369 423 32 71 381 531 9 22 877 924 
5 34 83 115 253 47 103 116 320 4 16 294 330 16 39 373 495 9 19 642 707 
9 1 1 115 119 20 34 148 221 26 48 249 383 5 5 349 371 7 25 531 581 3 11 719 745 21 24 826 903 34 55 841 1000 1 6 1012 1023 
