10 487
42 3 30 55 119 3 20 66 137 7 59 66 233 2 11 84 132 9 79 96 229 3 28 129 220 7 63 131 309 2 21 195 259 10 76 214 423 1 25 227 284 1 2 277 285 2 31 303 391 12 48 346 533 14 86 409 619 13 65 460 654 3 39 460 550 8 48 468 673 1 1 493 503 10 96 540 744 5 19 545 612 4 16 549 621 7 45 573 726 5 56 607 772 7 36 621 727 16 104 677 889 2 15 708 756 4 15 709 786 1 11 720 742 10 112 732 927 9 51 745 899 4 40 830 924 1 14 832 858 12 56 853 1036 5 27 916 1010 8 74 950 1114 6 51 970 1090 5 50 982 1073 4 38 992 1065 1 23 1036 1094 1 4 1049 1058 1 1 1085 1088 1 2 1113 1121 
46 1 15 16 48 9 87 39 244 10 92 48 260 9 48 65 200 7 62 100 252 10 65 103 269 3 61 119 247 9 90 124 314 1 3 136 144 2 15 178 233 10 93 183 406 4 21 222 295 6 41 242 347 2 15 248 295 3 37 303 385 2 22 310 359 2 28 389 452 1 12 390 415 15 106 412 631 2 23 435 485 4 32 477 564 2 15 490 536 1 7 502 518 14 79 527 733 10 53 569 764 3 17 635 689 4 34 676 750 8 67 676 831 15 92 691 915 5 75 711 875 5 35 717 821 2 16 768 796 15 105 790 994 5 45 834 913 11 55 847 1026 10 45 880 1049 1 7 901 926 1 28 938 1005 2 14 940 992 2 48 945 1026 1 13 1013 1039 4 22 1045 1108 1 6 1069 1084 1 8 1074 1087 1 2 1084 1091 1 10 1096 1120 
53 6 79 0 159 2 20 24 77 8 85 52 255 10 84 57 244 1 3 92 104 1 15 120 158 12 72 132 337 8 94 145 359 6 58 154 270 6 66 162 267 9 58 179 367 2 6 218 259 10 46 271 477 2 19 278 334 6 73 330 438 4 21 357 421 1 5 387 407 11 125 391 605 6 41 394 511 1 4 400 408 7 65 402 552 4 60 408 533 3 35 450 526 4 36 474 553 6 38 480 595 7 66 526 692 11 116 530 736 1 16 542 577 8 53 550 683 8 46 556 757 2 41 581 681 4 17 597 658 1 35 640 715 7 31 674 793 1 12 725 761 4 43 730 855 1 1 760 764 2 13 785 839 5 28 835 914 4 43 836 923 3 27 926 1003 6 50 951 1077 5 29 968 1057 4 39 979 1082 1 7 981 1001 2 20 984 1066 1 14 999 1029 2 21 1028 1070 1 1 1064 1069 1 12 1070 1105 1 5 1074 1097 1 2 1084 1090 1 3 1105 1116 
55 11 94 9 206 6 51 13 156 1 6 14 30 4 84 28 164 7 93 29 190 5 82 103 235 8 52 143 258 4 32 148 223 5 72 157 318 1 2 186 192 12 81 194 414 2 11 210 258 2 21 243 283 3 37 246 354 4 36 275 347 10 91 296 503 5 60 331 489 2 34 344 435 9 121 363 586 2 15 395 437 2 34 398 458 4 53 419 526 7 60 432 580 3 14 462 533 7 56 473 672 2 55 495 660 4 38 512 591 9 88 521 741 1 12 569 595 10 85 617 801 1 9 633 660 1 1 692 696 7 64 697 853 1 12 719 757 10 58 748 880 4 72 756 892 6 43 762 932 1 7 805 829 5 67 817 1001 3 23 863 915 1 4 866 877 6 85 876 1078 1 1 881 886 2 10 885 933 7 37 926 1058 5 28 928 1061 8 34 990 1102 1 13 1007 1043 2 30 1020 1082 2 21 1047 1096 3 18 1051 1099 1 13 1054 1084 1 2 1080 1084 1 2 1087 1093 1 5 1105 1121 
54 7 62 7 152 1 21 14 75 8 88 16 199 7 62 21 198 2 10 44 96 6 60 44 158 2 15 51 108 4 60 72 219 1 4 82 93 9 59 84 236 1 19 85 134 6 93 147 368 4 34 155 262 2 46 162 283 1 14 192 222 1 7 192 213 12 77 250 437 4 45 259 371 8 98 279 445 5 79 340 516 6 49 383 503 5 36 385 508 4 34 415 509 1 22 423 487 4 33 429 505 1 12 431 464 6 69 450 595 1 17 485 544 2 16 500 561 10 79 527 730 4 39 574 662 3 26 592 662 5 61 616 731 4 36 656 736 6 49 695 909 4 37 698 787 10 106 714 938 1 4 727 736 3 23 770 824 7 73 774 954 1 35 795 852 1 13 849 876 13 98 867 1089 4 68 871 1047 8 52 947 1081 9 47 950 1099 1 3 974 982 7 46 993 1122 1 18 1003 1036 1 13 1014 1049 2 17 1037 1100 1 17 1080 1116 1 6 1087 1104 1 8 1105 1120 
47 6 65 23 178 3 47 25 138 4 33 25 100 5 47 59 174 8 67 81 223 4 47 89 186 7 53 133 242 1 8 137 158 6 44 162 279 5 29 179 268 10 63 225 438 8 50 226 365 3 17 262 324 6 51 313 437 8 67 353 481 9 84 409 602 3 28 448 517 3 21 480 543 3 18 482 552 7 48 491 629 9 83 533 706 7 69 539 669 2 28 562 627 11 108 571 780 7 30 584 724 1 10 605 635 1 2 615 628 5 48 650 775 7 68 653 807 7 55 684 825 7 61 697 828 6 35 702 851 8 67 715 888 8 51 753 944 6 39 779 886 10 74 841 1033 1 6 852 861 1 16 910 940 1 13 911 940 5 38 924 1027 2 37 983 1061 2 15 1017 1071 2 23 1026 1112 1 11 1036 1077 5 53 1037 1118 2 35 1047 1119 1 1 1114 1120 
49 2 8 53 109 8 61 125 254 1 5 248 259 12 72 250 434 1 2 268 276 5 55 304 420 3 65 309 450 8 52 327 457 4 82 341 489 9 56 352 533 3 18 371 425 3 24 372 440 10 78 384 601 3 21 387 434 12 56 412 579 3 39 432 503 12 99 456 672 1 5 456 468 7 52 504 641 3 52 541 661 1 4 552 566 4 78 587 683 8 77 594 785 7 63 595 759 3 29 603 658 1 6 603 617 2 19 629 680 4 26 649 724 5 72 698 846 4 38 733 852 1 19 743 789 7 27 743 846 1 14 747 779 9 88 797 1018 8 69 806 1010 6 75 811 962 5 41 822 927 5 36 828 905 9 91 895 1099 10 61 899 1071 1 21 904 949 7 91 906 1122 3 33 910 972 4 26 910 981 1 1 1006 1011 1 3 1013 1021 2 20 1021 1069 1 26 1022 1070 2 20 1032 1077 
55 9 82 5 208 4 67 8 162 3 49 13 140 1 2 37 46 1 4 71 98 12 52 103 285 9 74 105 298 2 13 107 163 4 73 205 308 1 18 261 311 5 27 274 372 1 15 284 325 3 31 298 401 1 2 299 307 6 29 308 418 1 1 343 346 3 22 349 408 1 6 354 374 1 12 379 401 9 62 390 561 1 2 397 403 3 36 403 472 3 31 416 486 10 54 418 538 13 105 423 645 3 30 451 524 2 17 464 505 4 39 474 564 4 22 518 614 5 58 547 687 1 9 561 584 8 95 568 731 7 40 569 694 2 24 571 631 3 37 612 732 3 29 615 670 12 95 644 861 4 33 664 743 5 41 671 806 4 36 678 772 2 26 736 792 11 48 746 943 11 72 750 963 1 5 771 793 4 37 780 855 1 23 794 855 5 39 795 902 1 27 799 854 1 11 805 841 7 79 840 1006 2 23 954 1004 1 3 985 997 5 35 992 1070 2 15 1056 1098 1 1 1098 1101 
37 1 1 40 47 10 65 54 260 7 71 83 218 2 34 115 190 5 32 138 234 10 118 163 361 11 83 201 415 9 113 213 413 10 48 287 451 1 20 310 344 13 80 336 539 6 32 377 492 9 81 391 562 8 88 395 614 10 82 416 637 7 56 423 553 6 73 513 620 11 59 529 728 8 57 531 708 3 19 570 622 4 40 576 656 14 38 590 809 6 38 605 776 13 99 688 902 4 18 694 759 5 62 701 906 1 4 749 761 10 107 766 956 5 36 799 907 2 42 813 892 2 30 818 901 14 111 881 1105 1 8 883 902 2 18 913 959 2 53 995 1083 1 1 1104 1107 1 1 1114 1118 
49 2 19 35 81 11 119 37 259 1 17 37 69 8 56 87 233 5 21 93 197 14 96 147 353 4 60 187 334 2 11 228 266 2 18 275 328 2 51 279 377 6 63 282 418 9 54 289 459 7 43 307 424 2 13 343 393 4 33 417 490 9 66 421 582 10 125 424 632 2 22 457 504 2 21 496 544 3 43 519 628 3 30 523 589 13 54 524 736 2 36 559 635 5 52 589 704 8 108 634 852 4 32 644 737 1 11 678 701 10 76 682 809 1 6 709 723 6 75 735 848 1 7 739 757 6 69 777 908 10 65 818 1004 7 53 831 1026 5 74 859 983 7 76 874 1022 3 32 887 952 6 32 890 987 3 16 918 989 1 2 956 966 4 46 977 1062 3 39 988 1108 6 47 995 1117 5 51 1019 1119 1 6 1052 1073 2 17 1079 1111 1 10 1087 1115 1 2 1110 1116 1 1 1112 1117 
