10 58
4 25 35 823 906 60 101 866 1066 69 69 915 1110 47 55 1004 1121 
5 54 54 106 237 50 51 249 377 35 55 315 456 53 53 593 734 14 19 864 912 
6 66 72 108 306 51 51 536 662 6 9 890 913 51 73 927 1100 43 43 942 1083 2 2 1112 1118 
6 48 62 64 184 34 49 283 385 51 82 587 788 92 92 687 911 17 22 1003 1043 9 17 1072 1116 
5 32 63 189 323 38 46 485 599 51 82 610 762 15 16 703 766 66 86 917 1098 
8 8 10 62 90 43 61 115 255 25 39 261 343 68 68 825 1009 37 75 876 1016 29 29 939 997 6 18 1018 1053 5 5 1084 1097 
4 92 103 340 538 95 97 347 553 30 57 992 1099 9 13 1075 1102 
10 44 70 367 552 3 5 529 540 73 73 565 715 7 7 890 909 18 22 937 983 16 19 1007 1061 33 38 1020 1108 19 23 1021 1064 3 7 1094 1107 1 1 1115 1118 
5 44 64 139 270 22 22 396 443 57 57 441 636 68 82 784 993 73 74 940 1115 
5 98 98 19 231 43 68 165 316 26 26 181 245 12 20 306 389 28 31 724 790 
