10 133
12 12 16 24 86 22 34 209 306 33 48 223 348 8 19 358 405 3 7 393 418 20 39 411 516 6 11 456 482 21 30 842 927 21 43 888 974 60 130 897 1118 30 96 912 1108 1 3 1108 1118 
13 51 84 44 267 28 63 139 276 33 52 173 302 27 56 302 417 19 47 423 523 7 31 461 567 5 12 530 555 22 64 552 705 40 87 888 1101 6 14 1019 1055 6 20 1078 1116 2 2 1083 1094 1 1 1119 1122 
14 3 6 241 262 15 45 333 447 26 56 519 633 32 47 553 735 35 50 566 690 14 23 593 656 12 21 651 715 8 12 789 831 41 70 826 973 24 82 835 999 6 19 972 1011 2 3 1001 1012 6 12 1070 1095 6 9 1093 1116 
9 7 15 16 66 41 45 126 303 25 55 410 543 47 106 475 695 30 58 571 723 34 63 714 886 32 87 749 931 7 19 1035 1075 8 26 1067 1113 
14 23 89 119 328 34 77 151 328 37 82 247 447 5 34 344 425 1 1 551 557 2 5 603 616 37 37 648 779 42 69 779 975 4 7 851 870 30 34 931 1068 4 10 994 1020 2 4 996 1007 9 24 1015 1055 5 14 1074 1111 
16 8 17 3 45 4 17 48 83 33 56 89 257 21 44 160 283 34 59 190 347 33 57 344 444 34 69 373 590 30 73 432 617 13 23 486 551 14 28 527 608 2 6 701 716 3 9 715 735 2 10 719 735 10 14 879 932 9 21 1066 1115 1 3 1111 1119 
13 28 28 20 208 2 6 142 169 36 125 226 432 10 15 354 422 23 67 398 620 31 31 478 598 23 40 561 699 18 23 812 917 12 36 869 949 41 66 888 1095 22 57 977 1102 7 17 1014 1053 3 6 1092 1115 
12 27 36 97 196 25 47 352 516 52 52 380 593 33 71 410 588 24 72 517 633 1 2 525 531 4 4 592 608 15 40 697 801 23 50 742 898 2 13 790 838 17 25 973 1073 13 13 1058 1102 
13 27 95 135 328 33 83 154 357 27 61 269 421 18 67 292 411 12 72 373 523 1 3 382 388 29 89 588 762 1 3 767 775 1 3 844 853 31 57 850 984 38 55 908 1044 6 12 1007 1039 7 13 1032 1076 
17 1 2 35 42 5 11 77 110 12 26 80 180 6 6 128 157 22 63 168 284 7 12 226 276 26 48 319 434 22 77 328 532 8 19 427 476 20 35 469 581 3 8 472 497 30 73 550 716 27 31 648 761 21 46 782 901 22 28 942 1034 3 6 992 1008 1 6 1056 1069 
