10 469
49 1 15 0 40 4 24 10 97 7 57 15 197 8 75 47 229 6 57 49 172 2 14 53 97 4 36 88 166 10 37 108 269 6 59 174 299 1 15 189 227 3 52 195 313 9 43 196 383 2 37 199 253 8 59 212 375 2 16 236 272 1 2 241 246 2 17 256 313 1 23 262 297 6 52 264 375 11 55 277 457 1 15 286 317 1 2 363 367 7 78 381 517 1 18 392 458 6 56 432 552 1 9 442 461 1 6 481 495 1 3 496 506 9 85 500 672 3 21 528 586 10 79 541 732 3 44 579 692 4 27 626 698 3 73 627 787 11 55 638 824 2 15 648 705 1 14 650 684 7 41 650 761 2 13 656 703 6 111 663 849 2 21 704 769 4 16 754 829 1 2 756 761 7 39 817 968 2 25 826 888 1 10 839 862 1 2 941 948 1 3 956 964 1 5 957 972 
50 8 82 12 151 2 13 27 74 5 50 27 136 2 18 58 120 1 18 76 118 1 5 143 161 2 13 168 198 2 22 189 234 5 28 199 303 3 58 204 337 1 14 209 246 8 88 225 397 1 5 235 248 1 15 243 281 6 59 245 413 9 51 281 462 9 69 289 447 4 91 296 461 7 66 317 507 8 74 329 467 1 16 337 367 6 57 359 516 1 11 384 417 1 24 463 536 10 105 495 676 4 37 507 609 3 36 548 636 1 22 568 610 5 18 571 675 4 30 574 645 6 63 628 779 1 44 631 728 6 83 646 791 1 1 664 668 10 94 673 865 1 15 676 711 1 2 703 711 8 55 739 928 3 33 744 797 6 68 802 948 11 59 808 991 2 31 838 899 6 65 852 986 2 24 871 921 5 19 883 971 1 1 924 927 1 12 933 969 1 3 979 987 1 1 980 983 1 3 982 989 
50 4 38 31 115 4 37 52 143 2 21 74 126 1 15 78 115 3 22 103 148 5 55 114 257 3 21 117 184 7 82 127 307 7 72 130 274 5 66 166 307 6 47 211 325 3 7 212 248 11 78 263 456 1 14 295 330 7 37 388 517 3 30 405 482 6 52 411 527 6 60 444 545 1 12 453 508 2 30 483 554 9 98 521 707 8 57 521 667 3 60 595 745 1 1 614 620 1 2 616 621 7 59 632 819 1 1 643 650 1 12 646 686 2 30 653 718 1 8 655 682 6 34 662 765 3 61 673 805 8 61 674 822 5 47 680 785 1 4 685 698 2 14 688 730 8 49 712 867 1 11 735 766 3 19 778 846 5 39 781 886 7 74 813 967 7 50 815 951 1 21 823 863 5 51 840 939 4 67 861 992 2 13 878 915 1 13 898 931 1 6 900 918 1 14 920 952 3 11 927 985 
41 10 60 4 192 3 45 8 112 11 61 21 198 2 18 29 87 9 36 85 238 3 39 91 171 6 52 103 239 8 58 115 256 4 30 137 226 7 65 183 349 2 28 235 315 4 25 243 321 12 61 290 487 8 55 308 492 1 7 322 340 3 48 332 450 6 28 340 438 2 19 375 421 4 31 382 448 1 8 512 528 7 67 538 709 12 88 541 728 5 47 543 706 5 54 581 699 1 17 596 663 1 9 599 623 8 49 639 782 3 26 654 728 5 42 669 786 4 36 701 769 3 21 702 780 3 35 737 829 7 72 741 912 5 27 756 903 8 37 766 916 9 54 802 987 1 3 815 824 2 31 861 927 1 8 954 973 1 2 958 969 1 7 965 992 
43 11 99 51 243 5 67 56 192 6 34 63 173 5 49 79 209 3 46 90 198 4 49 148 244 2 12 161 213 5 69 163 304 8 66 207 389 7 37 263 370 2 30 268 327 8 85 282 481 14 85 288 475 6 63 307 432 4 29 329 412 1 6 342 353 4 57 366 476 2 24 385 432 9 78 413 582 2 27 428 486 4 23 461 539 12 54 465 616 2 27 476 532 2 21 515 558 4 42 517 587 3 29 524 579 9 41 567 731 5 39 581 665 8 54 611 733 3 31 622 676 3 38 636 729 9 77 644 838 3 29 646 721 3 22 669 723 11 54 682 848 1 16 683 718 1 9 735 753 1 7 812 827 1 11 919 954 1 32 927 986 1 7 951 979 1 1 976 979 1 1 991 994 
41 8 46 57 208 2 20 58 123 5 33 59 171 5 23 91 237 3 22 140 202 1 13 162 193 9 57 162 307 8 82 202 369 11 50 241 423 7 29 275 403 3 31 324 402 2 33 389 446 12 51 447 633 6 66 448 632 1 10 458 476 3 29 500 583 10 74 519 706 6 56 520 656 1 2 522 527 1 28 549 614 3 20 568 644 4 19 582 659 8 46 589 719 1 6 591 610 7 37 593 723 7 46 600 699 5 60 657 854 10 41 706 899 2 12 728 764 3 27 735 802 3 30 753 865 10 67 801 964 1 15 816 857 7 63 825 967 1 13 837 867 6 49 867 969 4 15 869 928 3 49 887 967 1 1 930 934 1 17 936 975 1 5 973 988 
47 3 45 114 238 3 43 183 264 1 44 200 277 5 59 232 368 8 57 237 385 1 29 238 284 11 94 245 430 3 60 251 355 5 43 253 368 2 13 268 322 1 3 279 308 9 52 298 445 1 11 306 334 5 80 337 487 2 21 347 408 6 46 348 477 1 5 403 414 6 52 435 597 10 80 440 636 3 45 476 572 1 17 477 520 5 77 493 690 5 22 500 583 5 56 511 700 6 65 520 651 8 58 537 660 6 64 577 741 8 26 591 690 1 3 618 624 5 90 625 767 6 81 642 831 16 70 654 841 7 62 664 789 1 15 668 705 4 60 693 824 7 59 695 852 4 30 709 803 3 43 719 852 2 32 733 801 6 89 768 939 3 30 825 933 1 2 838 846 1 17 857 898 5 42 859 959 2 13 922 969 2 15 935 979 1 5 974 991 
48 9 55 10 157 1 1 26 29 1 9 35 67 4 26 104 170 6 59 119 253 7 61 146 276 10 67 154 288 1 6 161 178 6 71 164 325 4 29 165 258 1 7 167 186 2 21 224 288 5 38 254 428 3 50 266 400 3 71 324 494 4 31 377 465 7 47 393 521 6 43 401 499 5 73 410 529 6 66 423 564 4 22 434 496 1 7 439 460 2 11 452 483 6 37 485 577 7 72 493 670 2 16 531 580 1 9 573 592 1 8 632 646 7 76 641 803 4 65 668 771 4 33 686 751 3 46 696 806 4 41 703 833 7 50 729 868 2 13 735 773 11 64 756 913 9 61 763 923 4 23 791 873 6 42 800 941 2 42 803 886 3 37 805 890 2 14 819 856 2 20 863 935 3 31 870 940 2 14 902 936 1 5 950 966 1 4 979 991 1 1 984 987 
53 1 6 2 17 1 8 33 53 3 23 38 97 1 8 43 64 1 19 53 92 2 16 91 141 10 58 151 289 1 8 154 173 5 76 184 336 1 12 200 226 1 18 202 242 6 64 216 370 4 38 219 294 2 13 226 256 1 2 235 240 1 4 235 248 6 26 265 385 5 57 277 424 2 25 323 383 3 72 355 482 3 55 366 479 4 66 366 498 5 50 374 547 1 4 386 394 8 51 393 585 5 33 435 524 4 36 459 540 2 46 520 593 6 67 532 696 6 18 557 681 6 31 595 699 9 98 596 769 1 9 602 626 3 24 609 695 3 27 643 733 1 2 644 651 10 63 649 834 4 45 686 778 1 6 689 701 9 61 704 875 9 58 710 869 3 31 741 821 1 12 758 807 1 14 763 803 7 110 796 992 5 42 802 887 3 53 845 934 1 20 850 895 3 42 859 957 8 69 861 996 2 20 898 943 2 22 913 964 1 5 969 985 
47 6 56 18 126 4 36 34 117 1 2 36 41 5 65 37 179 11 57 48 225 1 3 131 140 3 37 160 236 4 38 211 313 7 48 223 362 3 27 227 294 5 71 233 392 6 39 236 351 9 66 277 441 2 19 280 341 1 18 325 361 8 58 352 477 1 1 359 362 8 70 384 565 4 21 384 440 5 110 409 580 3 25 418 466 12 40 448 618 8 39 471 650 2 21 492 555 3 17 526 574 2 21 541 591 5 5 568 675 1 6 591 605 10 68 640 830 1 4 718 731 3 28 724 805 3 44 729 817 7 75 732 897 1 27 737 783 1 1 750 753 8 51 787 922 11 84 795 975 2 35 797 898 3 32 839 924 5 39 867 989 3 25 879 951 1 2 885 899 1 13 891 924 4 37 895 970 1 9 915 938 1 10 934 954 1 3 985 995 
