10 66
5 18 38 74 171 29 40 173 325 19 45 384 486 24 43 566 702 14 39 705 765 
7 16 40 215 326 12 48 344 430 29 46 389 570 24 50 777 864 4 10 820 842 2 3 845 854 9 13 870 910 
7 13 22 50 127 26 42 73 171 27 79 325 487 17 58 374 507 20 40 517 608 3 23 823 870 3 6 883 901 
7 26 58 2 117 7 34 134 187 6 14 465 494 22 63 477 610 18 28 595 677 20 70 676 793 8 19 841 882 
5 8 13 110 154 20 31 163 258 30 53 319 482 29 35 734 836 13 29 760 863 
9 3 8 81 101 4 5 190 208 27 75 375 511 23 30 543 626 5 38 586 676 26 72 630 790 5 13 729 755 2 3 744 758 4 18 848 879 
5 5 38 24 118 26 58 140 303 46 78 224 401 23 40 494 625 1 3 867 878 
10 7 13 48 84 6 10 191 218 35 82 259 411 1 5 282 293 3 12 366 387 21 61 595 702 14 32 602 676 28 77 618 787 8 12 816 870 5 10 878 899 
5 15 27 24 89 17 54 80 187 16 16 493 617 47 119 582 750 8 18 837 884 
6 19 26 222 322 9 18 535 571 41 52 639 806 31 33 720 864 10 27 730 790 8 12 875 912 
