10 169
15 18 39 55 156 4 4 79 97 40 75 90 302 30 42 110 295 26 26 165 293 19 19 184 261 24 32 190 309 17 36 211 380 17 36 432 558 36 44 709 915 36 40 714 871 5 14 782 835 7 18 843 903 33 49 919 1056 8 8 1000 1053 
17 13 15 199 278 6 13 227 261 23 32 232 349 23 38 382 544 30 60 384 526 12 12 386 448 1 2 493 502 27 40 523 686 28 28 604 716 9 11 722 786 10 15 758 832 46 58 765 956 51 51 788 1000 7 10 801 848 12 24 847 936 13 13 988 1054 4 7 1052 1070 
14 39 39 118 284 15 44 300 444 31 45 323 452 53 74 481 690 44 58 512 699 17 31 527 629 50 50 541 728 12 15 618 674 3 4 659 676 29 37 820 935 16 17 865 937 18 28 865 976 12 29 881 989 9 13 1000 1052 
18 1 1 14 17 8 16 111 164 20 20 223 302 57 57 329 537 11 14 393 443 31 36 479 612 43 55 546 733 4 10 586 631 4 6 649 675 21 39 742 870 1 2 747 753 26 34 755 881 13 21 842 908 12 17 875 928 29 51 918 1062 14 17 959 1067 25 27 967 1057 2 2 1026 1038 
19 6 10 32 63 19 33 124 238 20 20 183 278 41 48 194 366 13 13 284 358 6 10 377 407 17 17 517 608 42 42 609 766 24 24 705 813 41 63 707 922 11 14 733 789 21 42 790 983 9 20 850 937 17 18 915 1015 1 1 936 945 18 18 982 1039 8 12 991 1033 10 22 1005 1071 1 1 1073 1078 
13 4 11 6 38 21 35 23 134 40 60 63 265 35 55 213 372 12 19 290 361 31 47 357 558 18 27 360 452 35 40 494 671 36 36 588 745 29 46 666 824 38 52 892 1063 22 48 895 1056 7 8 911 945 
21 34 49 9 198 4 9 35 70 8 14 51 110 24 35 69 174 23 43 78 216 4 7 191 224 11 14 196 251 40 40 248 379 2 3 297 316 3 3 367 385 28 68 510 724 6 6 627 650 14 20 637 722 21 32 663 839 22 58 790 981 21 31 820 945 44 53 868 1072 5 6 1025 1077 1 1 1044 1051 1 1 1046 1051 1 1 1065 1072 
19 3 4 3 21 19 19 79 161 24 26 123 230 23 23 138 244 1 2 317 323 44 44 341 536 19 33 366 474 9 15 391 474 27 32 394 557 18 18 467 538 18 25 673 800 3 6 807 827 10 26 828 947 22 23 830 940 55 55 886 1078 10 19 965 1044 9 16 989 1033 6 6 1039 1064 1 1 1073 1078 
15 48 66 45 260 26 40 87 233 34 34 132 318 5 6 261 281 31 31 262 391 37 47 433 637 31 39 559 687 3 3 614 624 25 38 727 941 19 27 752 854 9 19 768 836 26 38 855 1041 17 35 928 1049 1 1 930 937 5 7 1016 1045 
18 24 24 31 118 24 47 64 226 15 20 90 181 16 33 229 303 7 9 341 380 23 23 393 506 29 29 393 537 8 11 394 445 2 3 461 475 20 23 461 574 16 16 517 607 22 44 552 729 10 15 573 623 10 14 705 767 28 31 711 882 23 23 756 894 29 29 775 973 11 23 825 906 
