10 212
20 6 56 9 182 1 2 19 27 1 1 70 73 6 47 200 377 7 63 210 374 7 79 222 385 6 43 298 420 1 16 316 358 5 51 349 471 1 1 417 423 5 64 417 590 9 68 421 588 1 2 432 437 6 47 584 712 7 35 604 732 4 35 608 721 1 2 659 664 1 12 666 693 4 27 674 746 5 51 743 829 
19 5 35 15 110 3 32 62 173 1 5 97 107 3 35 116 184 1 5 130 142 2 17 159 201 1 5 196 207 8 57 198 358 1 18 276 320 4 16 415 500 10 61 451 596 5 44 459 568 1 3 477 484 7 54 522 672 4 47 550 663 9 54 593 729 8 40 608 763 7 49 655 775 1 18 783 820 
20 1 5 4 14 1 2 6 15 7 56 58 176 4 32 59 138 3 57 275 429 5 51 297 471 1 9 316 342 5 15 330 430 7 52 337 462 3 39 411 490 8 79 434 611 4 47 490 630 4 78 508 641 8 54 520 672 2 39 524 608 2 17 684 727 7 81 746 872 4 21 765 827 5 22 777 855 1 7 889 904 
26 3 45 11 105 2 16 65 105 1 6 102 115 4 32 102 202 3 31 110 187 3 29 119 213 6 62 129 251 4 50 145 251 5 29 151 240 3 31 262 328 3 24 285 339 3 22 289 338 1 2 303 309 8 53 307 440 1 11 308 340 1 9 418 445 5 80 423 570 3 37 438 510 1 11 470 499 4 24 552 607 1 13 632 680 7 69 681 822 2 16 692 749 3 20 743 807 2 18 844 899 1 17 877 910 
24 1 8 22 52 8 52 84 217 1 6 159 173 1 9 235 256 1 24 246 311 3 33 251 301 1 15 292 322 7 75 337 490 6 49 342 484 2 39 357 415 7 55 385 541 2 26 417 476 2 18 419 464 1 12 469 495 5 38 478 605 4 37 481 550 4 38 548 681 1 5 592 602 2 15 604 652 4 41 621 738 4 40 629 712 3 30 656 762 11 63 710 881 2 29 753 812 
25 2 64 18 119 7 77 40 159 1 8 170 189 10 45 205 364 5 25 272 363 4 35 290 393 1 1 306 312 4 52 330 469 2 55 335 453 1 13 340 362 5 49 372 533 3 43 396 482 5 27 544 626 1 1 565 574 6 46 586 700 1 9 605 632 3 18 621 665 3 73 629 766 7 46 675 818 1 12 677 706 8 78 684 835 2 35 759 845 1 2 770 774 2 13 783 820 1 8 851 866 
17 5 73 114 294 1 17 204 246 1 6 226 238 2 40 226 315 8 58 244 409 5 26 278 388 2 19 324 374 7 46 411 544 7 48 424 518 8 96 450 613 1 5 454 467 2 14 480 522 6 43 519 635 2 22 532 595 11 33 615 759 8 74 669 802 6 32 797 885 
17 10 54 158 317 6 27 237 331 8 58 270 423 5 59 273 408 5 55 314 454 1 6 333 356 9 39 362 498 6 66 433 562 13 121 531 710 1 12 548 574 3 54 621 737 5 85 714 879 3 29 730 851 1 13 797 828 5 38 798 899 1 6 816 841 1 4 889 901 
25 1 3 4 13 6 54 55 187 6 52 89 188 2 16 168 215 9 72 192 364 1 6 193 209 5 40 227 323 3 32 305 375 3 14 471 520 3 30 501 556 3 21 519 612 10 69 611 787 4 38 620 736 1 2 629 637 4 43 635 720 1 13 666 693 6 82 739 875 2 19 769 811 7 45 775 910 1 14 831 855 2 18 845 889 1 10 879 910 1 3 879 890 1 2 907 913 1 1 908 912 
19 9 103 50 228 9 51 87 233 3 14 98 156 6 52 114 220 1 21 151 193 1 13 204 236 10 58 260 409 2 20 281 332 1 17 292 332 1 19 298 329 5 40 322 420 1 7 402 425 9 95 494 653 3 26 511 567 4 38 657 757 5 34 680 771 4 38 765 867 4 45 819 911 1 1 904 907 
