10 110
10 7 8 15 45 47 66 102 262 66 68 261 461 86 86 443 654 13 18 491 545 7 7 530 552 71 82 607 787 8 8 715 740 10 18 782 820 1 1 1048 1051 
13 60 60 70 220 56 57 193 379 7 7 213 227 57 98 313 520 50 61 543 724 4 5 573 585 24 64 607 772 5 7 686 703 26 26 752 868 7 11 806 828 4 6 886 899 24 24 886 1045 18 18 914 951 
9 18 27 77 134 79 81 384 573 60 76 405 576 4 4 414 425 30 57 512 623 29 49 645 761 64 64 776 959 20 20 923 968 7 7 1012 1033 
13 2 3 4 14 66 66 78 215 48 58 221 353 16 20 378 432 3 3 447 455 29 29 541 602 6 9 562 581 66 70 589 779 22 45 628 739 25 25 638 699 4 5 686 701 26 32 897 1005 21 34 961 1025 
11 22 25 88 161 16 17 238 275 3 4 320 330 52 52 420 537 69 69 508 646 41 51 567 695 57 57 726 851 30 43 726 848 29 59 738 866 8 8 1011 1036 4 12 1041 1062 
12 43 52 49 160 28 28 63 134 26 26 110 197 14 14 335 379 36 40 394 480 2 5 435 447 55 61 550 711 66 66 748 947 45 58 793 960 15 18 846 894 8 14 924 957 3 3 1036 1044 
11 21 21 11 76 63 63 189 337 30 45 352 445 19 45 401 516 50 71 437 573 13 18 487 527 12 17 550 580 22 22 571 627 20 22 646 726 13 13 653 692 49 49 892 996 
9 4 6 12 24 84 84 63 245 1 1 107 112 73 103 150 352 20 25 629 684 32 32 664 766 84 84 719 925 36 44 928 1058 5 5 1062 1075 
9 8 12 111 131 56 59 125 272 44 74 411 583 16 18 437 489 56 70 503 657 35 49 541 667 46 63 624 759 43 55 915 1052 10 10 1046 1073 
13 6 15 7 44 33 48 92 218 14 14 125 169 20 20 137 182 7 7 181 198 53 53 322 430 60 60 393 587 21 30 473 534 14 23 559 615 82 82 823 1024 1 2 909 916 42 65 962 1074 8 8 1037 1068 
