10 62
7 49 52 17 129 19 52 380 506 3 5 707 724 35 48 712 830 35 35 775 861 29 37 824 890 40 40 833 937 
6 34 74 66 197 37 37 192 287 23 23 259 315 64 84 656 850 47 60 755 896 14 15 853 890 
7 4 4 40 52 7 10 81 109 45 70 137 271 26 31 224 299 35 68 259 396 66 77 355 518 26 58 394 545 
8 22 42 88 185 56 66 219 403 40 40 710 815 37 37 749 828 5 20 824 857 18 19 905 954 19 19 926 971 3 4 946 957 
6 46 61 207 331 50 70 260 380 14 22 470 543 60 65 619 807 38 53 692 881 5 10 859 878 
8 32 73 233 413 24 24 366 452 15 31 486 555 1 2 487 493 8 40 578 664 49 49 601 694 58 58 617 735 9 9 770 792 
4 45 68 276 433 64 88 493 692 81 81 639 837 41 41 842 962 
6 46 122 106 278 52 85 160 342 14 23 380 422 66 66 495 660 24 48 534 624 5 9 772 792 
3 85 85 115 283 79 79 307 473 74 74 556 754 
7 11 15 31 79 49 70 37 171 44 57 181 308 25 25 621 686 31 31 726 803 19 19 857 913 28 28 863 915 
