10 183
19 32 68 79 233 13 22 116 175 9 43 295 394 7 21 307 353 10 18 327 377 6 25 389 437 25 28 425 547 17 54 553 698 10 21 564 618 8 29 583 637 29 79 607 736 26 59 634 778 14 36 667 754 5 14 763 790 29 72 775 952 16 20 832 888 33 33 893 1027 49 49 907 1078 10 25 1011 1064 
17 37 52 131 283 1 1 143 148 2 5 240 254 4 42 353 467 4 12 449 473 1 2 499 503 26 85 502 712 10 13 505 550 27 93 579 747 54 101 580 788 51 77 726 929 39 39 773 898 22 28 783 854 46 78 808 952 12 30 983 1049 9 12 1005 1049 3 3 1027 1043 
22 1 3 67 76 41 68 123 311 3 7 155 171 14 24 225 289 13 45 241 346 1 4 254 261 17 25 354 440 3 6 376 393 15 20 379 447 38 61 533 714 9 12 545 586 39 85 585 773 48 77 613 817 10 24 618 668 29 68 697 868 26 45 709 827 1 1 729 734 1 2 775 781 31 76 831 971 24 56 878 992 6 14 980 1010 2 5 1067 1076 
23 21 46 68 161 23 100 157 345 21 33 172 284 10 45 236 338 11 19 259 327 18 42 352 458 26 30 386 571 13 44 397 540 8 15 429 468 28 34 537 646 31 40 551 692 8 14 565 596 4 10 630 654 18 36 682 788 21 84 685 868 19 31 724 790 16 62 736 842 5 10 765 800 8 21 791 835 8 24 908 955 17 20 916 990 9 26 1000 1065 1 1 1075 1078 
21 19 19 39 150 36 62 50 187 5 16 86 115 19 39 97 192 14 36 152 234 20 62 217 327 17 51 326 425 8 10 372 409 8 16 387 426 17 37 476 555 7 17 598 642 31 48 609 773 8 15 626 667 9 14 683 723 19 22 695 798 11 15 701 747 11 30 774 837 53 91 854 1054 28 55 914 1071 13 33 974 1054 1 1 1074 1079 
15 26 30 23 115 19 29 33 108 1 2 138 145 17 40 258 341 10 18 329 402 38 49 368 549 16 29 396 466 13 21 493 548 59 59 495 704 28 45 583 699 40 65 692 881 47 90 717 916 5 11 724 769 19 34 853 968 2 3 1048 1058 
14 7 17 182 219 32 67 293 497 37 44 404 581 35 59 489 654 27 43 532 627 32 71 586 721 14 29 621 716 38 69 688 840 1 2 697 704 16 27 698 782 37 37 724 893 41 63 789 927 12 32 868 935 5 11 1055 1078 
14 56 117 212 424 29 36 232 363 21 48 262 360 28 50 281 377 11 18 354 402 40 72 358 532 6 17 467 505 37 60 663 845 12 34 802 872 28 53 864 1056 11 21 868 940 35 71 880 1031 22 36 961 1058 12 18 976 1031 
20 11 31 103 174 8 17 184 231 23 30 201 309 22 74 206 377 11 15 243 320 41 101 245 409 34 46 250 407 17 57 281 409 23 47 393 488 16 28 407 476 16 29 437 504 24 36 478 589 10 17 509 565 1 4 581 590 19 24 733 801 28 50 749 936 12 22 813 888 9 18 884 934 2 14 985 1015 18 36 989 1052 
18 20 33 3 85 9 31 20 91 17 45 32 131 41 57 81 245 5 15 278 308 42 61 363 552 24 39 474 571 1 2 514 519 32 106 525 693 11 38 529 655 22 53 636 762 4 4 666 682 14 29 703 799 23 64 856 1034 28 50 870 1018 23 64 881 1026 17 36 963 1061 3 4 1029 1052 
