10 111
12 40 70 9 173 5 20 30 67 12 38 444 508 10 24 469 556 13 53 472 593 13 25 541 617 27 78 685 825 23 41 727 846 18 34 742 830 16 45 811 896 45 45 825 978 6 13 866 901 
12 20 48 354 454 20 36 403 522 4 12 416 449 16 58 422 579 5 11 549 573 35 42 599 724 22 54 630 769 30 45 820 956 22 59 835 974 12 19 925 979 13 22 934 983 2 2 953 961 
16 14 39 106 179 36 65 121 270 14 29 206 287 16 32 252 335 28 44 325 436 4 4 328 344 3 12 385 408 1 2 463 471 7 17 592 633 22 39 600 755 21 47 686 775 3 6 807 821 3 11 873 899 21 21 873 946 3 6 889 905 7 17 929 967 
9 38 51 47 189 32 63 87 257 28 47 135 260 36 81 171 370 8 20 231 287 4 16 306 338 13 35 313 390 6 15 685 728 37 87 827 976 
9 43 58 84 222 14 37 375 488 21 40 539 656 21 48 561 722 21 75 578 727 17 20 712 781 43 105 729 923 15 30 744 848 1 2 871 878 
10 48 50 171 333 1 1 246 250 41 63 346 497 26 29 384 537 5 19 389 435 18 37 462 545 11 31 562 625 31 62 582 736 9 45 583 651 20 73 684 851 
11 16 66 44 168 37 93 64 232 6 9 290 327 22 71 307 460 12 22 491 540 23 47 535 666 20 44 692 777 36 45 857 993 15 40 881 984 16 18 942 995 2 4 944 956 
11 1 2 6 11 30 93 194 361 30 62 196 329 2 4 248 257 29 109 258 406 13 22 562 630 42 88 677 874 13 24 774 841 29 68 800 972 15 53 806 914 12 19 867 931 
9 16 33 154 242 15 37 252 319 13 35 318 387 21 21 464 589 38 95 472 637 10 24 584 636 25 53 611 796 13 13 660 728 44 52 703 893 
12 5 17 64 92 5 24 115 159 19 40 148 272 7 18 166 207 13 20 179 238 26 69 231 401 22 44 302 416 28 92 352 538 17 22 632 696 13 26 664 744 34 87 742 917 5 8 775 797 
