10 114
15 11 24 139 221 4 11 215 270 14 34 367 516 18 34 400 497 17 17 410 475 4 11 519 554 2 2 539 550 16 32 676 791 24 33 714 875 14 21 748 872 37 48 787 939 16 16 805 856 1 1 911 915 1 3 958 970 3 7 961 983 
14 4 5 79 97 10 11 133 173 26 26 244 397 6 19 284 334 18 25 299 408 16 23 313 445 11 12 377 449 21 35 384 531 37 45 485 638 1 1 521 530 6 13 524 555 22 25 743 833 16 16 762 834 6 6 831 859 
8 34 44 166 331 12 16 239 328 29 52 266 450 32 45 557 702 38 44 641 796 4 4 723 744 28 42 817 981 7 7 877 915 
10 37 59 296 485 1 1 319 322 22 35 417 546 13 32 442 560 43 43 464 624 32 43 543 676 23 24 678 818 3 4 721 736 18 19 837 915 1 1 897 906 
9 20 20 10 91 13 31 92 179 34 43 93 238 23 42 216 355 31 38 231 346 25 47 320 502 8 15 478 530 23 39 753 870 16 24 856 932 
12 28 55 49 211 26 36 130 329 4 4 202 224 26 37 235 371 10 17 375 473 37 40 383 544 34 57 401 587 29 47 470 643 7 12 736 772 5 12 831 869 1 1 935 943 10 10 936 982 
11 13 13 162 227 9 9 180 227 38 46 261 442 15 22 546 616 31 31 552 715 20 20 554 635 31 35 703 862 24 42 778 908 19 33 874 994 7 13 954 990 3 3 979 993 
12 33 39 7 166 11 19 102 159 22 43 144 282 9 9 237 292 5 10 287 335 40 40 372 535 46 46 489 675 27 44 659 830 1 2 923 932 7 9 935 975 2 2 974 988 1 1 993 996 
14 6 9 71 108 1 1 78 84 31 31 157 317 48 48 202 400 25 34 265 397 1 1 291 298 9 9 373 399 8 12 405 446 25 35 473 596 8 12 564 613 22 39 642 832 11 24 867 971 1 1 938 943 2 2 975 989 
9 21 21 244 333 28 33 305 418 21 38 344 499 18 48 356 518 4 12 418 465 27 42 421 604 42 42 502 685 10 12 583 632 25 37 781 926 
