10 41
4 33 33 89 211 47 47 103 214 5 22 298 338 27 27 592 702 
4 35 66 350 496 42 92 434 600 1 1 480 484 36 36 820 903 
4 26 26 372 422 44 49 542 642 48 60 697 856 1 1 897 901 
3 51 51 565 704 72 74 629 811 33 33 705 788 
5 35 66 115 263 1 1 133 138 13 19 160 207 1 1 585 588 58 65 673 819 
6 44 75 3 141 7 14 31 60 4 9 381 397 13 15 589 630 21 27 725 775 9 9 870 894 
4 29 50 403 541 39 41 503 599 51 64 537 681 8 8 865 889 
4 58 64 219 358 40 64 227 379 2 2 365 375 32 44 766 853 
5 27 32 42 114 24 50 74 169 1 2 252 257 56 56 603 773 2 3 885 892 
2 48 86 411 573 50 71 481 607 
