10 68
3 33 36 387 539 15 15 488 574 52 52 643 781 
11 5 6 18 48 8 14 30 93 12 25 213 290 15 17 245 324 5 9 318 350 25 34 531 672 12 12 544 617 7 7 611 647 6 29 690 757 7 12 830 892 1 1 898 903 
6 39 39 248 374 17 26 300 408 41 59 538 719 20 20 803 878 1 1 862 865 1 2 893 900 
7 30 35 201 355 26 35 267 383 13 16 407 473 14 19 487 555 19 33 599 705 3 3 667 676 7 14 845 902 
8 11 11 15 55 13 13 200 248 13 13 273 341 16 21 422 519 3 4 500 520 9 9 553 606 29 35 564 710 1 1 904 911 
5 22 22 172 259 20 34 421 557 32 40 447 587 9 11 633 673 16 16 820 883 
7 35 68 89 247 14 23 199 280 25 28 370 493 6 9 600 646 9 10 667 710 7 13 808 884 8 12 835 898 
7 26 52 87 243 5 17 205 261 2 2 340 360 8 12 428 471 39 39 428 602 15 41 524 656 3 3 700 718 
7 5 7 50 74 30 30 149 252 3 6 487 511 29 39 588 739 32 33 621 786 1 1 653 661 3 3 760 774 
7 22 33 200 301 13 31 264 387 6 6 425 463 15 28 429 583 2 3 537 550 32 35 754 908 3 3 856 873 
