10 258
32 2 22 23 90 4 36 57 140 4 36 66 154 1 14 118 145 9 54 158 307 1 12 196 229 6 38 233 344 1 2 298 306 1 7 361 380 5 49 469 594 6 115 537 716 1 9 561 590 1 1 581 589 1 17 593 637 8 72 629 801 7 45 642 749 8 76 677 882 8 79 702 868 9 84 727 933 1 7 764 791 7 66 812 930 2 38 839 929 3 17 850 906 1 25 929 985 3 14 947 1003 5 80 952 1135 4 20 966 1052 1 37 974 1058 1 14 1020 1054 1 14 1055 1088 1 4 1074 1082 2 14 1083 1125 
27 8 53 9 165 1 18 50 85 1 10 90 112 1 5 100 126 4 33 278 374 7 64 287 438 8 112 294 464 3 27 398 477 5 40 510 606 4 50 533 626 4 42 547 633 7 65 584 726 6 85 631 809 12 71 644 841 4 24 649 724 9 63 668 886 5 43 690 778 4 66 712 829 5 97 738 893 9 88 750 920 1 10 915 942 2 27 941 995 3 33 968 1043 1 2 982 990 1 15 1083 1132 1 6 1091 1114 1 6 1118 1132 
30 10 64 46 209 19 96 52 264 5 34 96 195 1 13 132 169 4 52 229 340 11 62 288 499 4 37 328 443 4 36 386 486 1 4 387 398 1 10 465 490 6 48 470 634 1 6 492 508 2 26 647 709 3 14 666 723 3 52 733 844 1 3 747 755 10 112 763 946 1 15 824 871 4 31 832 913 7 50 851 993 3 22 887 971 4 46 1000 1128 4 30 1018 1105 3 20 1066 1120 2 20 1074 1122 1 5 1097 1111 1 7 1102 1121 1 6 1103 1118 1 4 1106 1115 1 1 1115 1127 
25 8 67 82 226 8 82 90 280 1 6 137 160 11 100 197 399 8 44 336 444 12 55 337 532 11 80 355 557 14 90 398 615 1 1 437 440 6 80 602 802 1 10 705 737 3 22 709 779 1 11 830 860 2 24 922 989 4 32 947 1073 8 54 957 1101 9 86 965 1133 5 38 973 1059 1 7 999 1017 2 13 1046 1092 2 16 1051 1098 3 21 1053 1108 1 9 1082 1111 1 20 1086 1135 1 6 1091 1113 
25 10 33 19 182 7 108 39 247 6 56 85 215 1 8 101 119 7 66 118 299 2 19 132 180 11 71 135 279 3 36 142 217 1 12 148 171 9 65 318 540 2 17 344 378 3 24 422 488 9 42 433 649 1 12 449 478 6 63 608 726 3 37 662 750 9 65 741 910 7 57 767 935 1 7 839 866 3 34 877 942 10 66 894 1088 2 25 896 947 1 14 918 965 2 12 1016 1055 1 16 1070 1109 
22 6 84 17 182 4 52 54 191 2 15 125 166 4 27 129 218 2 20 189 236 11 105 221 423 7 62 257 373 1 11 273 311 9 45 281 416 6 72 317 464 7 79 377 537 1 6 483 501 3 37 568 663 10 49 575 716 7 52 598 735 12 64 701 887 5 53 757 895 5 56 876 1010 8 45 939 1065 6 69 975 1119 1 15 990 1038 1 10 1059 1089 
22 13 43 86 291 11 73 171 384 2 16 258 310 6 59 292 449 3 25 307 380 9 85 330 493 9 57 373 525 1 4 409 425 5 53 461 598 7 51 468 617 9 86 476 659 6 81 485 674 5 20 497 600 2 23 543 618 1 6 557 584 6 42 604 701 9 95 634 829 1 5 927 942 7 84 940 1070 1 13 970 1004 2 18 1026 1083 1 16 1092 1125 
27 3 32 4 74 2 22 28 84 6 56 75 195 2 15 240 288 11 64 245 455 9 74 260 408 3 31 297 396 2 23 300 349 11 78 335 550 3 11 436 480 2 15 465 508 5 54 505 622 2 24 555 608 5 19 574 683 5 43 590 708 9 92 747 900 1 12 749 774 1 1 816 820 7 64 847 969 4 32 879 959 6 46 942 1038 11 56 947 1101 1 1 1008 1012 2 24 1023 1072 3 30 1030 1108 1 2 1067 1073 3 26 1074 1128 
24 7 67 9 175 2 28 9 57 2 22 27 70 7 72 112 264 5 57 126 247 4 71 189 323 6 42 250 375 4 35 269 346 5 60 286 439 4 81 487 665 4 33 556 658 1 4 565 574 9 74 579 796 1 6 593 607 1 24 617 664 13 53 620 835 5 53 659 781 9 38 792 1015 12 96 814 1003 7 39 863 1015 5 30 993 1085 1 14 1036 1074 1 1 1076 1082 1 1 1112 1116 
24 10 96 75 277 1 8 217 240 2 39 239 325 2 34 244 317 13 91 244 420 4 41 272 370 4 39 303 438 2 18 369 420 6 43 386 522 13 94 482 680 8 73 530 685 7 74 565 728 3 35 579 654 4 36 667 783 5 61 685 853 1 5 690 704 9 64 752 893 7 105 805 997 4 46 818 914 7 84 845 994 2 22 967 1018 1 14 1020 1101 1 10 1073 1118 1 5 1115 1132 
