10 177
18 5 5 28 51 17 38 144 247 17 31 192 355 3 5 339 364 7 12 339 374 26 33 446 594 46 65 482 681 74 74 508 763 66 66 558 779 2 5 577 598 27 48 727 906 38 54 907 1154 1 1 929 933 1 1 932 938 36 50 1034 1201 1 1 1036 1042 30 42 1046 1219 21 22 1215 1305 
19 1 3 9 22 19 27 18 118 28 37 62 275 9 12 210 256 49 72 257 510 17 28 265 367 22 38 447 579 10 22 452 526 12 35 497 597 21 24 562 655 2 4 769 783 39 39 773 925 39 52 780 1017 30 51 812 961 5 7 817 847 7 7 824 862 64 64 1001 1245 26 44 1126 1307 11 11 1220 1272 
21 35 35 189 341 11 18 202 261 12 20 247 320 17 22 267 343 48 48 294 510 5 10 298 347 12 16 425 487 1 1 453 458 21 41 506 627 12 16 662 718 29 36 759 895 50 58 794 1034 33 34 831 944 38 74 881 1130 22 42 1019 1157 17 17 1070 1148 20 28 1134 1233 1 2 1209 1218 7 12 1259 1299 12 20 1281 1341 1 1 1318 1325 
20 41 49 44 312 1 1 48 52 1 1 235 242 61 61 402 633 10 16 509 559 27 36 517 646 17 19 584 662 5 6 607 631 46 71 615 879 13 14 625 692 10 19 754 817 37 44 939 1171 31 31 947 1154 20 21 978 1112 13 29 986 1077 5 10 1176 1213 30 30 1185 1307 8 12 1263 1301 11 11 1283 1326 1 1 1322 1326 
18 33 57 265 425 16 16 346 421 12 18 387 437 8 15 389 444 24 26 402 501 24 55 607 798 8 8 614 650 20 20 620 700 15 25 769 884 14 28 796 885 26 55 801 961 30 30 818 950 36 67 819 1057 36 48 880 1049 37 65 909 1102 31 65 997 1249 19 24 1211 1303 1 2 1324 1331 
13 58 59 33 281 51 51 68 240 32 37 201 343 11 20 269 332 14 58 335 516 27 46 338 459 2 2 442 454 37 49 464 677 44 49 645 833 50 72 848 1100 52 66 1059 1267 15 25 1082 1171 3 3 1288 1304 
15 54 54 59 245 28 62 81 295 16 38 146 250 19 30 168 279 40 66 179 390 51 51 325 576 49 58 452 661 59 59 486 727 24 34 672 828 2 2 857 870 37 44 917 1084 21 22 1080 1174 22 22 1113 1202 4 5 1171 1190 5 7 1219 1252 
17 46 46 48 265 29 33 181 288 28 28 191 297 22 55 203 378 20 32 290 405 1 8 376 397 15 23 415 513 13 15 529 608 37 41 573 725 26 43 644 793 54 78 687 942 34 79 700 926 18 30 796 899 6 6 838 870 45 79 1024 1260 30 37 1103 1316 1 1 1299 1304 
21 35 53 333 543 7 14 341 381 22 28 408 504 32 46 438 638 50 50 478 718 8 17 648 717 15 18 708 767 2 4 743 760 32 75 776 1032 32 69 780 1002 1 1 796 803 42 48 799 984 11 19 819 889 57 74 855 1065 5 13 938 989 9 19 1014 1080 1 1 1032 1040 25 25 1038 1141 1 1 1041 1048 24 37 1085 1199 3 3 1257 1274 
15 1 1 123 129 35 69 142 398 12 22 257 331 35 35 258 437 39 57 426 643 5 6 461 490 6 14 513 562 76 76 553 813 39 60 671 886 10 12 858 899 26 26 890 1011 33 49 996 1162 1 1 1026 1032 27 47 1094 1257 44 44 1102 1296 
