10 136
18 43 83 9 201 25 62 228 370 35 97 255 444 9 16 355 413 5 11 413 450 1 1 466 469 2 5 490 502 23 38 645 759 30 45 682 849 20 20 825 910 2 3 854 862 1 2 969 975 29 36 1046 1202 12 25 1115 1181 3 8 1134 1153 4 15 1180 1215 2 2 1181 1192 1 1 1231 1234 
16 6 12 20 53 6 17 82 113 18 36 159 263 37 95 170 385 63 142 255 480 42 42 346 531 9 24 441 490 15 60 542 691 17 50 700 832 42 71 851 1068 3 4 936 950 4 19 969 1000 2 4 983 994 22 56 1014 1127 6 14 1161 1197 4 12 1184 1221 
12 44 80 103 318 13 17 357 427 40 40 398 586 33 99 509 663 19 46 690 863 25 25 733 870 8 12 745 784 19 46 947 1049 34 79 1004 1207 2 6 1123 1141 12 50 1126 1228 6 13 1184 1212 
13 21 53 302 406 52 90 323 561 15 35 348 423 2 4 393 403 14 25 497 563 47 70 531 770 12 31 534 603 22 43 855 965 71 81 894 1100 12 59 1012 1172 2 6 1058 1071 7 10 1156 1182 7 21 1176 1228 
7 49 104 224 437 18 30 311 385 35 44 329 491 29 61 389 518 56 104 675 909 38 65 799 949 25 27 847 953 
16 22 54 53 188 40 54 163 325 37 60 519 721 36 103 589 772 23 43 637 751 18 48 664 828 22 79 683 879 17 25 759 833 4 6 777 795 14 16 829 890 2 4 847 861 16 43 956 1051 3 5 1038 1053 1 2 1167 1174 1 1 1214 1217 3 8 1218 1237 
15 27 44 205 344 47 52 229 433 12 31 263 330 41 66 273 424 43 85 302 501 14 25 621 707 7 12 634 670 31 49 798 930 25 35 858 954 6 7 920 942 3 8 936 956 1 1 1048 1052 5 7 1103 1124 16 28 1115 1192 4 10 1150 1185 
15 27 63 71 189 17 32 84 173 15 33 122 193 43 61 265 467 21 44 308 456 18 63 422 578 40 53 588 759 5 18 614 656 30 36 676 818 2 23 721 773 3 12 847 888 29 47 1055 1187 2 3 1131 1143 14 28 1141 1200 7 11 1204 1236 
13 38 58 23 182 47 120 138 339 6 10 159 189 9 15 175 215 11 11 250 297 14 59 276 405 22 49 441 576 9 27 596 687 1 1 642 645 17 67 897 1018 26 39 946 1056 30 106 950 1197 41 45 1093 1232 
11 27 40 269 371 53 63 406 650 24 62 465 601 24 37 487 616 12 22 684 728 38 76 689 873 30 30 864 993 1 1 882 887 16 26 902 970 3 9 906 924 29 90 992 1206 
