10 416
37 10 70 51 225 4 37 132 243 6 44 132 235 5 56 147 371 5 21 172 273 11 64 198 371 12 77 211 401 3 40 261 346 9 25 281 469 3 20 327 377 1 2 432 440 11 88 458 673 3 94 518 739 9 89 546 789 3 27 583 654 3 19 619 689 6 60 676 802 14 58 728 903 8 50 731 903 1 7 745 766 3 41 778 888 1 1 805 808 12 44 817 973 3 28 851 899 10 79 853 1079 3 41 885 976 11 102 902 1121 15 69 910 1134 1 28 970 1024 5 76 991 1153 4 28 1018 1097 10 79 1018 1227 6 47 1062 1164 9 62 1065 1199 3 18 1083 1150 3 25 1140 1215 1 6 1179 1194 
45 10 52 26 205 5 20 59 139 10 74 67 291 5 85 164 354 9 66 177 392 2 14 220 255 6 61 293 419 13 88 316 517 3 13 380 430 8 42 418 548 7 55 443 567 6 22 464 594 1 4 493 505 1 13 501 532 6 88 524 691 3 53 580 663 1 10 593 615 1 5 602 618 2 14 630 676 6 53 691 799 4 53 704 816 8 82 753 962 16 96 777 1010 3 45 804 892 3 28 882 972 1 8 938 980 9 62 942 1118 12 17 947 1187 4 76 947 1096 1 2 950 954 1 5 961 971 9 76 985 1140 1 9 1004 1033 4 59 1013 1171 9 90 1024 1222 4 70 1040 1194 4 26 1070 1155 4 34 1072 1235 12 51 1081 1238 4 40 1092 1196 2 40 1097 1185 4 39 1098 1182 5 32 1147 1238 1 10 1148 1181 1 15 1166 1211 
44 1 8 40 60 10 125 90 325 10 25 101 251 1 6 197 212 8 55 212 358 16 68 247 459 4 24 275 367 7 89 277 469 2 21 306 371 1 9 371 394 12 74 375 563 1 11 390 414 8 88 410 577 7 67 414 637 2 26 468 528 1 7 487 507 1 11 498 526 8 93 501 688 2 13 516 556 6 49 550 684 7 70 551 734 4 16 571 810 1 11 588 614 1 5 631 644 10 69 641 832 2 14 675 705 10 52 715 877 11 99 719 944 4 31 738 819 12 89 759 953 5 85 765 945 9 71 828 1038 2 28 833 895 3 46 841 980 12 83 855 1061 2 14 880 921 9 76 1005 1191 13 96 1033 1231 2 17 1081 1122 1 17 1099 1133 1 17 1101 1134 2 38 1163 1237 1 12 1202 1231 1 6 1206 1220 
41 16 55 8 241 9 89 10 178 3 45 68 226 5 36 74 186 5 41 136 233 12 97 139 351 8 83 140 356 1 11 142 172 1 13 148 189 1 20 175 226 9 75 201 334 1 10 217 242 2 15 283 331 5 33 340 405 7 80 354 494 14 85 380 593 3 41 408 517 10 69 520 685 3 27 568 658 12 71 600 776 12 65 679 855 4 52 692 788 6 72 710 901 4 93 724 926 8 41 734 865 3 21 738 800 9 108 746 968 4 34 760 846 7 63 763 898 6 73 811 948 1 8 850 866 11 120 856 1102 6 71 885 1013 9 122 917 1153 1 9 934 965 2 21 953 998 2 18 1064 1106 2 17 1097 1132 1 15 1151 1196 1 11 1210 1237 1 2 1231 1236 
46 7 132 97 303 4 32 102 191 5 42 120 268 1 8 187 209 2 10 213 247 9 54 278 497 3 26 283 340 6 39 297 401 7 42 362 477 3 12 387 443 5 37 419 530 9 75 443 663 4 45 443 537 1 6 451 468 13 110 511 742 1 19 542 573 7 54 560 743 9 34 565 712 4 22 597 676 6 46 608 736 2 27 625 706 1 9 644 679 8 96 653 888 5 35 656 741 7 80 657 842 6 43 691 843 1 8 695 714 9 69 700 842 3 36 727 819 1 8 737 754 9 65 741 889 2 34 761 830 11 102 803 999 6 60 807 938 6 50 856 983 3 28 930 1024 2 21 974 1025 13 91 1012 1205 7 68 1048 1189 7 83 1051 1216 3 25 1079 1162 1 7 1086 1101 1 14 1089 1133 7 54 1090 1222 2 23 1105 1155 1 6 1222 1234 
45 2 19 21 82 2 18 31 76 4 25 71 150 2 33 158 231 3 10 198 254 4 24 213 299 9 70 215 384 4 35 233 331 11 76 292 495 6 53 313 435 8 82 319 499 14 70 343 555 14 135 344 589 9 82 350 510 1 8 386 405 12 71 401 622 2 54 555 645 8 79 557 744 10 96 577 812 6 50 580 676 10 86 582 766 1 1 586 589 13 87 593 804 1 18 606 641 9 105 632 849 6 45 651 830 4 73 652 822 1 6 659 670 1 17 666 706 1 5 680 710 9 56 716 848 6 55 737 866 11 42 761 882 4 29 803 873 2 13 902 945 1 18 941 980 11 63 982 1179 4 34 984 1084 1 17 1072 1122 1 22 1081 1115 1 13 1124 1168 5 27 1134 1229 1 11 1135 1163 2 22 1158 1213 1 1 1211 1214 
34 8 78 34 269 7 59 35 203 4 34 45 130 12 100 53 291 8 65 86 282 7 37 114 250 6 42 122 228 12 107 186 422 7 40 202 332 7 52 217 393 13 67 219 447 9 61 225 356 7 75 323 473 1 19 408 458 1 2 492 499 9 48 497 645 11 58 517 705 8 60 568 733 1 18 569 617 8 135 606 807 4 18 635 692 10 30 657 819 5 40 658 778 8 60 662 871 8 51 722 869 5 38 748 851 7 54 808 969 4 30 824 904 9 58 840 965 1 2 900 908 6 40 974 1080 10 52 981 1132 3 50 1069 1160 1 14 1156 1186 
42 2 17 78 131 4 28 85 156 1 7 235 260 3 22 290 353 12 64 362 555 8 45 403 540 15 116 435 681 12 46 450 594 7 39 480 615 3 21 488 576 8 55 495 633 4 46 498 605 3 21 533 602 9 46 553 714 6 47 592 740 6 42 595 687 1 10 602 628 7 56 617 759 7 36 619 706 7 52 639 811 1 5 646 663 5 34 655 755 10 33 687 878 3 38 689 775 10 86 690 924 2 9 779 819 6 37 793 922 1 1 839 842 5 42 870 1002 12 45 884 1097 8 23 903 1008 1 5 946 971 10 50 986 1191 8 54 1004 1168 7 35 1050 1225 4 25 1100 1162 5 38 1128 1212 3 20 1134 1193 1 10 1158 1176 1 1 1168 1173 1 3 1176 1183 1 8 1182 1205 
37 10 91 14 219 16 81 19 237 9 69 50 231 2 22 56 119 1 4 60 69 3 34 78 147 8 77 105 300 9 83 110 313 4 76 112 273 1 6 114 138 5 55 202 351 4 39 250 344 8 39 277 376 11 58 336 535 11 81 348 550 6 74 362 538 11 45 362 558 7 77 377 550 1 17 377 412 2 25 379 429 8 79 392 585 5 62 407 544 8 90 429 658 11 59 440 657 3 23 513 570 5 27 534 611 14 111 686 928 16 71 695 918 9 59 713 925 7 60 734 875 5 48 822 925 2 10 827 890 5 59 962 1067 1 1 993 996 4 38 1059 1207 1 10 1167 1198 1 12 1211 1235 
45 9 41 3 135 3 31 69 135 8 71 88 222 8 70 119 272 4 29 134 199 11 64 167 328 10 79 209 379 6 55 217 364 3 33 237 324 9 61 239 447 10 48 275 407 3 28 365 444 5 38 380 470 8 66 400 573 7 31 401 555 2 22 420 484 3 22 458 519 4 35 521 616 11 84 532 749 8 128 552 743 10 53 640 805 2 37 682 768 6 49 697 801 2 35 713 783 4 38 747 867 1 34 756 834 8 78 760 946 1 2 777 785 1 12 803 831 8 60 805 934 3 13 846 900 9 60 884 1032 1 7 902 918 1 4 925 937 7 73 985 1130 14 42 987 1183 1 9 1006 1049 5 46 1017 1122 2 13 1070 1107 1 4 1104 1117 3 13 1134 1180 2 17 1173 1208 1 1 1207 1211 1 5 1218 1228 1 3 1225 1232 
