10 174
19 4 8 44 67 27 34 153 263 11 30 200 271 30 57 206 346 30 72 285 477 47 60 340 591 27 62 421 568 28 43 441 568 32 61 463 643 12 25 606 667 5 10 633 653 68 93 737 930 49 91 860 1128 20 46 1042 1139 43 101 1075 1267 3 12 1151 1191 5 37 1166 1234 7 7 1221 1254 4 10 1314 1341 
14 27 67 107 260 42 48 166 324 27 84 208 396 1 1 357 362 14 29 392 468 82 120 447 687 27 53 588 733 50 102 609 816 13 40 639 725 41 120 667 915 20 38 864 939 42 104 1077 1330 19 44 1086 1206 33 56 1107 1244 
23 18 51 83 195 54 92 166 375 9 16 182 224 1 1 249 255 55 109 275 540 16 49 429 536 34 75 462 692 32 71 682 818 24 36 709 810 3 7 733 754 22 40 830 943 5 17 866 903 18 46 892 998 36 93 926 1113 11 30 957 1025 5 8 996 1014 6 13 1007 1041 4 9 1027 1047 50 85 1070 1286 10 12 1259 1297 4 15 1267 1304 1 2 1285 1294 5 8 1295 1319 
17 55 87 88 298 51 51 112 323 6 8 166 192 29 103 239 445 36 72 312 483 5 7 440 466 21 54 460 584 40 70 461 653 1 1 530 535 33 81 614 782 48 66 722 964 29 86 863 1118 20 46 904 999 23 106 926 1111 15 24 1122 1205 2 5 1199 1209 6 8 1306 1331 
18 42 88 1 221 66 130 44 274 21 45 138 237 35 88 256 487 32 32 285 398 15 25 287 364 11 18 353 420 24 26 395 546 15 30 474 545 30 30 640 785 28 96 663 891 26 50 664 776 9 13 921 957 41 105 988 1201 5 5 1012 1031 18 50 1030 1130 18 26 1251 1337 1 4 1331 1340 
16 29 46 19 178 48 61 252 433 7 15 300 340 12 27 322 391 49 49 366 571 25 42 449 559 5 12 495 538 45 70 628 889 67 89 669 899 8 14 683 725 42 54 789 978 25 50 962 1130 24 52 1104 1213 23 36 1183 1306 27 55 1196 1326 6 6 1245 1265 
18 5 10 4 32 41 85 41 218 49 98 81 308 6 18 127 166 43 102 129 326 2 5 251 263 15 19 261 325 25 73 302 485 57 92 547 795 13 17 597 679 17 71 688 823 34 34 750 881 28 63 825 950 5 16 942 985 49 175 952 1220 14 31 1038 1112 14 25 1120 1196 11 38 1233 1286 
21 18 18 7 120 13 14 309 354 16 24 328 392 27 66 425 567 26 55 525 649 18 44 550 664 21 45 559 678 36 54 563 739 17 31 564 656 27 68 627 743 11 17 633 684 3 5 672 690 14 38 679 786 29 37 706 826 57 118 727 978 35 42 731 883 21 62 867 1004 2 4 1010 1019 5 14 1024 1064 15 35 1104 1183 11 21 1200 1239 
11 35 36 263 415 52 130 340 606 25 63 388 526 32 33 436 565 46 46 457 640 35 72 537 765 30 143 710 925 27 27 799 911 57 57 883 1128 50 136 978 1216 33 76 1082 1240 
17 40 67 46 222 44 85 60 235 1 3 261 269 3 8 266 285 38 73 335 543 18 40 510 638 43 79 528 698 11 15 583 625 37 57 604 746 10 16 750 797 39 106 805 1022 27 73 809 993 30 99 925 1118 56 86 1047 1300 9 15 1268 1320 12 13 1270 1315 3 7 1326 1339 
