10 107
11 30 40 6 146 47 47 307 508 45 56 356 551 20 27 640 737 20 26 759 855 11 11 941 991 15 23 976 1085 13 38 1065 1208 23 23 1079 1172 2 2 1155 1167 4 5 1206 1233 
8 3 3 148 160 64 68 440 678 54 61 777 977 44 63 803 992 4 7 818 850 38 39 881 1020 14 14 1084 1157 7 12 1183 1218 
12 45 55 95 324 17 36 114 234 62 62 412 631 15 16 456 527 17 17 642 747 10 10 680 717 19 33 730 881 1 1 822 827 2 2 959 969 32 38 1025 1232 3 3 1121 1134 1 1 1190 1198 
12 15 21 69 134 2 5 178 194 9 10 288 327 29 56 310 522 8 33 436 523 20 30 484 588 5 5 519 542 23 27 726 819 26 26 746 869 33 33 787 923 51 56 988 1220 1 1 1178 1182 
9 32 65 239 459 7 9 245 279 20 26 408 517 35 35 433 622 44 44 635 802 35 37 746 895 19 39 860 951 28 37 1001 1196 9 15 1153 1203 
10 9 11 47 92 23 39 221 337 32 38 222 386 12 19 569 629 50 50 600 813 19 19 625 745 23 23 666 751 56 72 743 976 8 17 945 1000 5 8 1148 1179 
9 31 44 15 188 46 46 44 238 9 12 71 108 61 61 152 386 24 28 292 399 3 6 295 313 33 33 452 586 30 52 966 1129 11 15 1170 1223 
16 8 8 47 79 2 4 99 114 8 16 151 204 20 20 215 304 16 16 250 329 28 38 371 496 29 36 597 763 4 5 634 660 14 30 706 795 31 46 774 948 38 57 781 992 3 3 835 854 3 5 897 917 3 6 980 1001 29 30 999 1156 2 2 1221 1231 
10 5 7 248 287 46 46 303 485 11 11 448 539 19 19 472 568 10 10 625 659 22 22 659 734 47 48 956 1138 34 34 986 1161 31 34 1029 1205 4 6 1133 1157 
10 28 49 18 200 39 47 136 305 31 51 168 353 12 15 379 454 21 21 423 522 57 57 436 596 20 22 1037 1136 10 13 1091 1154 15 20 1112 1191 2 4 1215 1228 
