10 52
5 9 14 332 375 56 75 366 585 33 65 625 843 5 6 1117 1135 1 2 1123 1131 
3 46 69 576 803 28 48 579 749 29 30 1006 1108 
4 30 38 65 204 39 42 83 209 11 21 277 341 18 30 953 1098 
4 37 37 83 239 16 24 207 306 16 24 510 612 35 46 778 975 
6 1 2 121 136 4 4 374 394 15 17 516 588 23 23 874 949 53 53 889 1086 13 14 1057 1129 
4 28 28 140 264 4 4 692 719 53 53 893 1112 56 68 898 1116 
5 6 10 255 292 6 6 323 350 37 41 367 563 52 55 806 1009 30 30 934 1078 
7 5 5 18 58 1 1 100 105 22 34 522 674 22 52 655 875 18 30 772 879 26 48 877 1103 7 20 1055 1135 
7 17 21 126 221 48 52 218 414 4 7 638 657 53 53 651 857 5 5 688 711 3 7 1023 1043 6 9 1049 1091 
7 1 1 243 248 41 41 397 568 3 6 568 594 34 53 643 821 32 51 737 925 1 2 807 818 5 6 1103 1127 
