10 36
4 15 15 351 397 26 31 556 643 47 85 596 773 36 36 1048 1124 
2 90 90 55 268 23 29 118 195 
3 45 65 429 590 69 69 631 782 34 45 857 968 
5 22 26 28 92 3 3 416 425 58 97 542 719 27 50 665 768 7 8 954 977 
7 6 8 2 24 23 33 277 343 11 13 706 736 34 36 821 921 22 22 829 883 30 40 840 936 5 15 848 880 
4 55 68 259 461 62 62 779 972 29 32 1007 1067 7 8 1098 1119 
3 2 2 53 60 68 68 416 546 52 52 572 718 
3 57 67 122 258 46 49 733 856 9 23 1093 1134 
3 19 33 6 73 26 27 174 248 57 57 366 481 
2 62 62 651 805 52 52 770 885 
