10 96
8 2 4 1 11 87 87 48 233 39 39 264 409 67 67 275 426 85 95 617 864 28 50 859 997 66 66 873 1061 24 24 895 945 
9 32 89 111 276 6 6 138 153 58 98 155 335 54 60 335 470 64 146 379 632 88 110 573 781 132 132 737 970 78 100 1069 1286 16 16 1242 1281 
9 32 78 24 240 33 33 94 207 86 92 419 634 86 95 620 871 26 26 849 898 95 95 903 1161 27 27 963 1032 26 43 999 1134 7 7 1319 1337 
10 37 58 73 221 12 13 77 116 80 108 94 334 124 124 193 450 48 56 266 415 39 39 391 474 7 7 434 453 59 59 877 1007 19 26 927 1001 15 18 1075 1131 
9 39 54 103 282 2 4 185 195 114 114 205 439 67 67 537 726 52 103 681 860 25 31 745 826 86 91 753 990 36 44 1178 1264 13 15 1279 1317 
14 12 19 9 69 25 30 101 188 37 72 210 367 101 101 256 440 10 13 538 564 64 64 732 873 39 39 829 936 24 35 953 1016 44 48 954 1102 33 54 1043 1149 2 2 1241 1249 6 6 1254 1272 13 13 1302 1333 1 5 1331 1340 
6 51 51 420 545 50 80 556 715 98 98 565 765 104 104 940 1189 24 35 1032 1122 76 81 1095 1312 
8 37 45 143 250 54 94 184 396 53 122 250 476 23 27 566 644 69 82 626 817 73 136 698 911 89 89 747 986 14 14 1296 1330 
13 27 43 223 299 11 11 371 423 15 15 443 484 31 84 577 798 61 61 658 783 49 57 753 897 27 36 864 930 51 51 1002 1110 34 34 1108 1199 30 50 1134 1239 42 42 1168 1271 18 27 1270 1330 4 9 1318 1335 
10 4 11 120 140 71 117 128 365 23 23 271 325 28 52 353 455 20 23 379 439 82 109 420 679 75 80 725 926 84 126 922 1142 14 16 1246 1284 21 40 1261 1341 
