10 59
6 11 22 140 193 38 92 485 680 43 67 489 714 3 3 641 659 27 70 688 880 4 10 694 720 
6 32 79 259 441 42 80 468 681 24 54 723 850 20 39 945 1051 6 10 1008 1048 3 7 1052 1078 
6 46 104 60 256 4 11 388 419 25 53 547 649 1 2 579 587 50 76 887 1082 19 60 947 1129 
9 16 26 394 451 47 115 485 660 1 3 546 556 9 23 646 704 10 34 727 799 4 7 773 792 5 11 891 925 6 13 958 995 6 14 1048 1091 
6 21 60 312 448 11 25 422 491 1 1 497 500 5 21 609 647 52 81 679 851 56 108 688 901 
5 8 24 221 274 30 83 380 538 31 69 658 822 31 70 821 970 27 40 955 1114 
5 39 85 145 361 33 71 468 647 25 59 526 706 1 2 985 991 3 4 1045 1059 
5 17 73 142 291 30 74 865 1000 29 36 915 1035 28 44 965 1088 10 23 1080 1129 
5 7 14 214 250 17 36 422 490 29 74 517 663 41 54 825 977 8 19 1048 1103 
6 22 53 23 165 3 5 348 361 23 25 561 690 8 19 738 795 49 68 832 1009 5 15 1087 1113 
