10 71
8 64 68 27 187 5 7 27 43 23 23 43 141 79 130 554 784 36 36 752 883 25 44 778 863 22 22 1131 1183 13 17 1184 1219 
6 42 42 611 724 64 64 614 715 2 2 632 638 19 23 674 727 99 99 717 898 22 35 998 1103 
9 32 32 78 150 21 24 148 197 44 54 620 756 26 43 797 892 25 30 988 1045 35 35 1040 1130 10 10 1089 1130 39 39 1126 1209 12 17 1197 1231 
10 38 45 98 201 1 1 166 171 22 32 201 262 33 33 436 517 56 94 606 828 44 69 784 923 72 72 820 970 6 9 850 873 7 7 1139 1162 2 2 1216 1223 
5 66 101 49 207 1 35 113 220 45 64 686 817 84 84 797 976 47 50 1112 1227 
4 126 126 168 404 26 36 608 702 64 99 781 991 50 50 785 904 
4 59 59 30 156 75 75 248 400 38 50 550 658 74 98 573 818 
8 53 53 254 415 7 8 308 325 41 71 641 813 52 79 778 960 27 53 781 893 43 102 842 1070 19 23 1017 1081 26 29 1184 1238 
12 38 38 1 111 2 15 134 157 21 40 254 343 55 113 428 600 24 46 445 536 9 46 516 616 55 55 524 663 27 65 831 983 15 15 941 982 21 21 988 1030 9 11 1022 1053 1 1 1104 1107 
5 61 61 144 314 58 101 605 784 68 86 639 886 47 47 656 812 24 26 1017 1095 
