10 85
14 56 68 218 421 37 40 222 316 33 44 304 392 25 34 346 413 33 33 441 528 1 1 441 444 24 68 478 605 36 58 484 602 31 39 515 633 39 71 780 924 5 10 967 986 5 11 1079 1107 3 4 1088 1098 1 1 1110 1113 
7 99 99 299 485 24 28 373 439 46 46 661 842 26 45 724 830 53 60 954 1106 40 90 959 1092 27 27 962 1056 
6 77 130 155 368 19 19 513 567 82 82 531 715 44 44 602 713 31 54 754 896 86 86 784 997 
8 71 71 190 395 51 75 432 626 77 109 506 716 10 10 630 651 61 92 828 1050 26 29 938 1013 19 20 1049 1099 8 8 1058 1080 
10 17 17 72 118 57 63 456 661 5 11 513 534 15 16 719 755 35 40 767 852 48 64 772 934 43 43 813 951 58 86 850 1064 18 18 1008 1054 14 14 1078 1113 
7 33 36 46 142 90 90 241 453 37 51 299 418 69 69 331 533 44 44 707 828 25 25 734 826 80 80 745 945 
10 9 20 0 54 103 103 73 287 25 30 134 213 48 49 145 339 10 10 223 258 22 42 426 516 44 89 434 608 44 44 610 712 31 56 845 1023 8 14 860 888 
5 65 76 41 220 64 81 137 308 103 103 156 360 65 74 222 418 56 79 594 788 
9 32 32 6 84 97 97 38 259 23 23 74 128 23 28 196 271 53 53 304 417 47 50 354 480 13 19 410 453 32 44 744 846 6 7 1045 1059 
9 10 10 4 33 66 91 41 255 59 59 100 254 55 55 239 381 4 4 419 430 37 37 495 594 56 56 503 652 44 44 590 692 34 49 1013 1109 
