10 160
17 14 34 74 149 21 38 243 324 40 107 279 484 2 4 290 299 38 89 299 505 40 94 335 497 13 38 400 540 12 23 465 531 32 62 551 730 3 4 701 719 26 69 713 930 17 37 771 841 18 87 939 1087 19 44 971 1078 12 18 972 1034 2 2 1068 1080 1 1 1093 1097 
12 12 36 45 114 14 45 92 227 60 100 138 360 37 89 212 415 53 82 294 489 7 64 347 516 23 46 436 606 33 111 478 697 11 28 695 750 57 88 870 1076 2 6 1091 1105 1 5 1099 1113 
18 6 19 61 115 13 20 74 143 42 42 88 246 11 33 109 219 2 5 135 146 30 58 140 268 13 35 336 409 10 23 411 476 69 99 563 770 5 8 638 663 38 38 669 847 33 68 820 975 26 44 840 969 8 27 846 908 10 33 1003 1076 1 2 1040 1046 1 2 1087 1093 1 2 1101 1108 
20 9 14 77 114 9 100 141 300 39 45 189 359 4 7 199 222 8 20 423 467 20 44 437 583 2 7 510 531 22 28 511 586 19 45 546 642 11 26 561 629 5 19 640 687 11 18 720 775 2 9 722 742 32 58 762 945 38 66 815 969 11 27 859 935 23 76 869 1008 14 22 890 1009 16 28 912 976 1 2 1070 1075 
20 2 3 3 16 24 36 139 247 14 22 305 355 27 27 398 496 18 48 420 520 5 13 448 475 12 30 482 551 14 23 522 592 11 30 574 673 2 5 662 676 21 74 733 869 12 26 749 813 9 17 803 854 12 22 809 877 20 24 840 939 16 47 848 950 48 71 852 1035 20 27 925 1007 12 39 991 1068 17 35 995 1062 
13 52 82 266 478 11 16 272 359 15 34 338 439 29 68 383 567 36 70 398 609 37 53 518 673 19 85 615 800 15 22 632 694 4 8 681 714 48 60 859 1042 27 100 874 1064 17 35 924 1027 17 54 952 1075 
14 26 43 39 147 24 60 104 220 33 68 223 375 27 65 230 362 3 17 319 349 55 94 325 545 12 18 553 603 12 25 628 715 9 15 807 851 27 34 858 958 24 48 868 964 22 66 962 1091 11 23 1003 1071 21 30 1007 1098 
15 11 29 54 127 41 60 150 344 28 73 165 316 34 65 234 407 33 70 277 498 19 45 283 383 27 66 342 490 8 9 410 442 2 5 545 571 14 34 624 688 24 52 738 882 13 75 759 917 29 60 813 977 28 72 911 1062 11 44 958 1097 
15 7 42 184 266 14 37 192 277 45 71 194 414 48 84 212 434 15 88 251 435 5 18 271 316 15 34 275 363 21 79 343 493 34 53 451 640 28 38 477 642 35 98 501 709 18 66 677 843 15 49 763 856 1 5 961 970 4 4 1080 1100 
16 44 71 0 188 11 18 3 67 39 63 79 244 42 72 181 332 39 41 213 349 9 11 276 311 17 36 281 353 24 74 384 530 5 13 607 637 31 59 690 838 16 28 725 819 7 25 960 1016 5 13 980 1013 11 38 1019 1107 5 7 1026 1054 10 23 1026 1085 
