10 70
6 41 41 98 188 63 63 162 322 46 46 318 435 35 43 363 448 28 38 929 1017 9 10 968 1003 
8 5 6 34 53 18 22 68 118 29 45 185 337 87 91 331 527 20 20 477 521 31 31 534 641 8 13 556 587 32 52 799 905 
8 19 19 363 424 3 4 560 571 45 55 591 735 37 37 732 825 80 80 738 903 3 3 752 759 52 83 771 939 12 15 784 817 
8 14 22 266 321 72 88 504 695 46 46 640 809 34 34 725 813 14 29 874 928 5 5 916 927 19 19 922 987 15 16 949 992 
5 44 44 53 147 24 60 300 421 62 62 361 488 49 64 381 557 31 31 501 579 
8 71 71 225 422 73 73 233 429 21 36 344 423 45 46 346 458 11 21 828 870 24 69 865 990 12 14 911 942 9 11 984 1010 
5 52 75 54 246 55 73 816 992 65 68 842 997 34 34 872 992 27 29 940 1010 
9 38 43 78 182 32 40 249 349 22 35 346 422 13 14 442 472 42 53 546 683 28 33 881 952 33 38 928 1018 21 23 935 990 6 9 1008 1026 
7 35 49 30 136 17 23 198 243 38 46 221 341 9 23 465 512 41 41 475 621 39 48 685 806 30 30 964 1028 
6 36 40 328 406 56 56 420 594 66 66 722 919 53 65 850 1015 16 16 928 965 5 5 1006 1024 
