10 38
5 2 2 27 35 37 59 117 242 10 10 209 240 29 53 635 766 5 5 883 899 
2 38 39 340 442 54 67 502 632 
4 36 61 534 661 25 30 570 669 26 45 719 831 1 1 927 931 
4 53 73 104 253 9 9 598 632 16 23 623 672 51 51 671 772 
5 22 55 261 355 8 10 388 414 14 16 526 564 14 18 668 722 33 38 727 807 
3 45 53 267 403 33 33 416 510 12 12 905 935 
2 43 62 391 499 56 84 650 811 
4 47 47 194 290 30 46 270 345 16 31 393 473 6 8 519 536 
3 58 69 5 165 22 37 358 456 1 1 433 437 
6 17 21 529 602 10 13 540 568 3 4 605 615 66 66 717 889 6 6 902 921 6 8 915 935 
