10 403
41 2 27 32 102 3 43 42 135 8 56 50 190 8 72 78 221 4 78 79 235 2 18 82 143 10 89 98 283 8 55 143 283 9 56 148 303 13 73 150 344 13 88 172 359 3 29 211 307 2 37 264 361 2 16 269 322 7 71 352 535 2 17 404 451 4 39 444 525 10 63 451 641 5 52 454 603 1 28 575 660 1 19 605 654 7 79 611 803 3 30 614 683 7 73 652 814 4 34 664 763 5 32 669 761 4 32 680 816 7 32 712 869 4 44 731 834 6 67 788 926 7 57 839 964 2 25 839 891 1 2 922 930 4 25 922 985 2 32 925 988 1 12 941 966 1 8 993 1022 1 8 1003 1022 1 4 1009 1022 1 4 1011 1028 1 1 1022 1025 
33 4 86 10 165 11 99 58 256 10 79 72 261 3 13 82 132 10 101 163 316 8 52 169 300 10 47 247 428 8 59 255 402 1 14 402 445 5 45 412 517 1 13 457 501 7 56 476 577 9 68 511 658 5 30 542 624 4 63 577 701 1 24 610 664 5 38 613 730 1 15 657 684 7 70 662 826 4 40 667 766 5 39 699 795 5 69 706 864 8 43 719 868 10 54 728 873 1 7 729 747 9 52 742 886 8 48 768 917 6 45 833 984 8 45 850 1017 5 45 858 959 1 4 908 927 2 21 934 981 2 16 990 1016 
40 7 22 1 163 8 61 34 205 5 45 60 172 6 75 60 208 3 35 104 207 9 68 122 289 12 85 147 342 1 4 167 180 3 13 199 249 3 26 232 310 3 92 235 411 7 68 239 369 1 6 263 282 5 63 313 451 5 56 322 433 10 86 329 530 15 79 375 571 1 15 377 405 5 62 453 621 3 51 458 615 3 42 520 617 6 68 523 694 4 38 527 627 6 74 558 706 4 9 582 638 8 62 590 724 5 47 607 714 4 39 625 699 3 59 645 755 1 1 656 659 4 26 663 742 2 25 672 728 1 1 672 675 3 14 745 796 5 46 770 871 2 18 773 845 5 52 779 895 4 57 843 964 1 12 1005 1022 1 3 1013 1023 
37 11 27 2 158 7 84 5 182 8 97 24 221 5 55 27 217 7 63 53 229 6 56 78 216 6 87 81 284 1 3 126 138 1 84 210 365 4 31 233 321 7 57 241 367 7 59 294 466 5 35 307 397 7 50 311 444 3 23 329 386 1 8 343 366 3 20 379 426 4 31 389 490 8 71 439 592 2 26 485 548 1 12 562 586 6 83 565 706 10 59 573 751 6 34 587 698 4 32 603 706 1 10 631 655 7 67 675 802 6 64 697 833 3 28 743 816 5 45 746 874 6 61 757 920 5 20 820 925 6 36 849 998 7 48 879 989 4 29 901 998 3 18 919 981 1 3 992 1003 
48 8 55 24 182 4 75 36 221 1 17 37 70 6 33 40 134 5 47 51 194 1 7 73 112 2 42 74 152 7 51 79 204 1 23 81 120 3 32 88 154 4 26 109 209 6 58 110 259 1 11 134 163 3 18 147 200 3 21 155 216 1 5 274 297 1 6 292 307 2 35 318 376 1 3 319 327 8 63 319 512 1 3 339 348 4 37 369 451 1 16 406 448 1 4 414 426 1 1 453 456 3 33 465 528 7 52 470 602 5 16 499 593 1 8 500 525 12 89 502 690 7 58 513 662 6 68 516 704 4 34 523 636 7 59 584 735 8 56 645 799 8 79 689 873 7 55 718 818 10 67 723 886 1 12 783 820 7 48 839 994 6 46 839 963 9 15 867 1014 3 19 875 927 1 6 952 965 1 1 975 979 1 2 983 992 1 7 994 1017 1 2 1014 1025 
43 6 27 26 117 1 5 73 88 7 53 102 269 2 15 107 149 8 66 166 339 2 30 166 243 1 11 195 223 6 82 203 345 1 2 210 215 4 41 222 311 4 34 231 353 4 17 245 335 9 86 247 436 1 3 263 272 2 7 272 310 2 32 345 429 4 33 362 435 1 1 371 374 3 48 378 465 6 47 383 485 9 79 392 544 7 74 411 559 3 18 497 557 7 110 497 700 9 76 505 658 2 17 524 557 8 69 579 753 5 57 583 675 9 89 589 770 3 25 606 668 6 53 652 834 3 18 669 729 8 72 692 855 7 80 695 881 3 39 712 814 5 45 813 893 2 20 825 867 4 26 884 974 4 34 910 994 1 11 920 955 1 19 924 971 2 29 964 1022 1 6 1007 1026 
41 3 33 1 65 6 57 23 171 10 97 26 214 5 77 30 216 6 59 54 173 4 34 108 211 8 50 141 299 9 55 152 349 12 18 182 377 9 59 182 330 2 11 247 279 1 19 258 295 1 9 271 289 7 50 273 386 6 61 331 490 5 82 426 612 1 1 450 454 7 65 472 640 4 27 480 600 2 26 492 552 6 37 498 587 4 38 567 675 8 40 600 749 8 48 632 764 5 31 678 759 2 20 724 819 4 25 730 801 6 52 735 835 3 34 816 886 1 7 827 843 9 47 828 1013 1 5 844 867 2 21 848 905 4 34 861 962 3 22 915 995 2 11 917 950 2 27 923 985 1 8 945 960 1 6 981 995 1 10 990 1013 1 1 993 997 
38 1 1 12 22 3 30 43 124 7 75 50 227 10 73 57 251 5 50 242 370 3 42 269 368 7 42 308 441 9 97 310 503 7 25 339 428 8 56 341 513 10 70 362 531 4 42 369 458 4 25 438 535 7 77 441 583 3 14 446 512 5 37 452 542 1 15 465 505 1 20 475 540 8 77 524 718 1 8 539 557 8 59 566 741 2 19 581 634 1 3 582 592 6 34 596 721 2 27 600 657 2 17 603 655 2 15 615 653 6 65 667 832 1 13 682 710 8 48 690 821 7 46 752 875 3 18 769 811 3 26 770 841 9 55 820 977 4 45 826 924 9 81 837 1021 3 22 864 943 2 25 959 1015 
39 11 50 98 254 9 75 133 311 4 63 162 291 1 9 177 221 6 30 190 299 5 59 191 312 8 54 286 484 4 37 287 368 3 30 293 359 8 26 305 426 1 22 318 365 1 1 322 327 1 9 332 362 4 58 357 505 8 49 413 538 3 22 422 484 6 87 449 644 1 16 484 521 6 42 486 585 7 56 500 617 1 6 509 527 10 84 610 803 8 80 625 756 8 50 707 861 4 30 710 781 5 66 715 850 11 33 780 954 5 50 797 894 5 29 827 940 4 78 835 1004 5 54 861 978 8 78 869 1027 6 31 877 1009 2 22 879 928 3 46 891 1006 1 3 916 927 1 3 969 976 1 11 979 1011 1 2 1013 1022 
43 6 52 3 134 1 16 92 125 5 31 96 186 2 19 175 233 1 2 191 197 12 85 197 399 1 2 202 209 5 65 248 367 1 11 252 280 4 40 304 395 1 8 317 337 9 52 333 518 7 65 347 475 4 36 383 479 5 24 400 486 9 83 402 600 7 48 418 555 5 34 419 516 7 50 445 559 1 1 469 473 5 33 471 576 7 47 479 615 10 54 490 639 1 58 500 609 7 58 524 662 2 21 524 580 1 9 525 545 4 29 540 648 4 61 650 787 1 4 655 667 8 54 681 846 8 79 699 873 6 68 729 876 10 69 752 920 6 97 756 941 1 8 761 786 1 16 812 843 6 42 828 926 3 30 861 922 2 20 925 982 1 10 949 980 1 10 957 996 1 2 1014 1022 
