10 204
17 8 67 82 263 7 51 83 219 1 17 92 130 7 63 169 335 3 39 172 283 8 94 244 421 6 60 261 366 6 34 308 404 5 40 364 508 4 44 380 459 1 10 432 451 9 63 564 705 9 81 701 875 6 40 706 868 1 6 734 749 2 11 746 784 6 36 809 932 
26 4 57 2 94 3 24 7 66 3 31 70 154 7 71 94 234 6 33 99 199 4 36 126 238 1 13 164 193 1 6 183 202 4 62 382 507 1 9 466 492 9 83 497 631 2 17 543 611 9 91 545 722 7 54 569 724 5 26 591 707 9 72 606 792 2 37 615 698 1 14 678 706 5 17 772 856 4 19 796 869 1 19 840 888 3 19 865 927 1 3 880 893 1 7 883 907 1 6 912 934 1 10 918 942 
24 13 84 52 236 1 7 94 107 3 21 97 159 5 74 102 266 5 68 113 273 6 19 161 320 6 57 175 283 2 14 191 243 1 3 199 205 8 54 321 451 1 4 357 368 1 3 376 385 6 63 378 497 3 16 393 439 1 11 532 558 8 83 561 739 1 30 565 622 1 12 620 643 2 21 622 662 10 48 668 849 3 39 755 846 3 39 804 878 2 16 900 939 1 7 915 938 
24 1 13 44 80 3 17 68 138 1 14 173 204 6 77 244 400 5 55 272 390 6 71 364 511 2 21 397 444 1 9 413 440 5 44 428 522 2 14 473 511 1 22 490 537 3 25 507 565 4 62 528 624 4 55 583 689 4 47 584 674 1 9 590 607 1 3 643 649 9 41 691 849 10 58 712 875 7 59 748 909 4 42 776 863 6 63 784 921 2 25 826 879 1 2 886 892 
17 5 35 114 208 14 42 127 294 2 15 164 197 1 28 246 294 6 39 280 435 5 55 290 401 5 28 297 408 3 31 305 367 3 70 306 465 11 62 384 569 4 51 463 620 9 76 476 656 2 13 592 646 3 43 625 741 5 28 767 866 7 47 803 899 3 30 844 908 
24 6 98 9 170 7 55 114 236 5 25 115 223 3 21 148 215 5 35 222 340 1 7 318 330 1 14 422 459 1 2 434 440 5 94 438 586 9 80 438 593 6 59 487 588 1 7 503 519 2 33 541 602 8 71 560 698 2 20 582 634 10 52 588 758 7 54 595 765 2 22 608 659 2 26 801 848 4 48 820 921 2 13 877 910 1 6 906 918 1 1 907 910 1 2 916 921 
15 9 70 46 210 8 64 74 214 4 53 87 192 10 52 124 306 5 45 158 278 11 62 168 352 3 28 241 326 9 21 293 439 3 21 440 519 6 24 588 680 3 32 659 740 2 16 664 694 4 29 783 933 3 23 797 855 7 30 802 920 
17 5 38 7 84 12 54 23 171 3 13 47 115 8 48 86 242 3 24 123 190 3 37 130 249 2 19 208 255 7 40 298 457 11 41 390 550 6 34 436 558 1 21 448 485 6 28 515 598 10 48 598 748 2 17 618 653 5 37 646 750 4 29 842 920 1 5 909 928 
18 1 10 75 101 9 59 217 380 6 42 221 360 4 34 346 431 8 89 347 523 3 34 391 540 7 36 455 555 3 38 481 569 2 26 547 605 3 26 551 616 11 63 640 823 9 60 700 882 1 2 729 740 11 82 749 932 2 15 775 814 4 40 790 879 2 16 880 931 1 5 919 931 
22 3 28 75 130 5 28 137 239 6 55 151 284 2 28 155 256 1 15 174 211 2 22 241 295 4 70 297 419 3 25 328 455 1 10 344 382 5 37 392 499 8 81 440 627 5 37 443 557 6 72 449 590 9 36 514 625 1 6 525 543 1 25 551 627 7 46 557 679 11 91 573 740 4 44 702 818 3 54 818 914 3 21 855 913 2 11 877 922 
