10 156
12 1 2 94 102 51 51 331 532 31 42 401 575 34 34 456 564 27 31 551 679 39 61 622 838 41 50 663 846 48 48 728 920 48 48 941 1114 14 17 959 1042 7 8 1055 1107 1 2 1086 1095 
14 25 38 0 150 42 76 143 354 2 4 166 188 23 34 210 386 37 38 289 436 35 35 416 566 12 19 477 535 30 45 589 761 24 39 649 790 39 46 716 928 24 40 841 997 58 58 853 1067 5 5 1061 1083 7 11 1063 1111 
17 4 7 12 41 22 34 29 159 13 13 123 195 35 35 135 262 40 46 147 314 34 38 241 378 7 7 316 385 9 11 533 583 33 40 545 713 31 42 594 772 23 29 597 726 4 5 650 671 8 16 773 827 10 15 790 844 34 57 867 1062 14 19 944 1033 3 4 1053 1068 
17 18 22 2 93 11 11 61 124 12 30 99 193 14 14 103 156 20 20 138 235 12 16 180 237 26 26 287 421 20 20 352 450 20 20 374 478 45 55 483 695 24 29 531 631 26 26 545 643 21 39 590 698 6 7 591 629 1 2 722 737 39 52 790 998 9 9 953 1000 
17 9 29 2 115 18 28 250 360 9 12 299 372 24 29 325 438 19 38 421 547 24 38 446 559 17 17 487 576 43 46 489 691 25 36 495 603 35 39 590 799 1 3 620 630 8 9 868 899 53 53 908 1087 18 21 987 1075 6 12 1002 1047 10 13 1066 1101 3 5 1096 1114 
17 12 25 34 112 15 22 40 118 20 26 52 128 5 11 109 146 29 37 201 364 37 37 385 591 27 67 517 711 19 62 524 701 1 1 530 534 11 45 582 757 21 23 582 679 35 36 593 765 44 59 741 956 29 36 934 1061 1 3 962 972 9 9 1041 1083 2 3 1096 1113 
17 10 22 100 171 28 41 124 283 23 40 133 266 51 51 235 438 24 41 318 476 33 40 660 832 23 36 713 870 1 1 878 881 31 52 888 1068 34 42 921 1060 17 22 962 1045 21 23 1009 1097 8 18 1045 1092 7 11 1062 1103 1 1 1064 1073 12 12 1068 1114 5 7 1078 1102 
16 21 30 22 157 7 24 147 224 10 15 147 217 31 41 170 373 29 37 188 323 48 48 200 376 29 30 260 380 1 10 322 367 34 34 344 541 22 22 421 536 20 20 695 829 3 7 731 756 31 36 819 946 1 1 982 986 18 18 1017 1087 13 16 1036 1092 
13 32 34 51 198 34 46 259 397 18 52 351 511 26 32 351 465 40 40 380 541 21 25 486 634 32 32 525 647 26 26 573 721 51 51 628 804 29 48 758 908 8 8 915 941 4 5 931 952 10 11 959 1018 
16 18 35 67 179 20 20 78 186 24 50 115 262 26 26 217 338 16 24 283 377 45 45 442 637 22 54 579 751 36 38 590 782 20 21 595 690 35 39 603 780 27 27 794 898 4 7 885 918 13 13 928 1008 7 15 1055 1099 2 3 1068 1083 1 2 1104 1114 
