10 103
10 14 14 137 190 3 5 215 251 25 47 361 535 20 22 413 556 18 30 414 548 43 43 438 586 33 33 653 796 24 28 675 771 12 20 821 893 21 34 913 1022 
9 6 6 16 40 26 29 30 150 38 57 73 243 17 26 97 198 25 35 259 409 30 65 495 695 30 30 543 704 25 36 546 673 2 5 895 910 
9 31 36 52 203 41 43 244 435 13 31 349 470 22 22 449 532 40 40 530 695 35 35 581 745 6 12 737 766 11 13 914 991 1 1 1019 1022 
10 15 27 41 166 22 22 74 161 15 15 262 334 10 46 313 475 30 30 438 586 33 33 647 796 39 53 698 863 33 38 713 840 3 8 910 936 23 32 912 1023 
12 30 39 4 159 28 28 96 221 27 34 194 321 8 8 291 326 25 29 373 499 5 6 437 458 9 9 440 480 15 32 501 604 28 34 506 653 34 34 742 941 6 8 965 998 1 1 1001 1005 
13 18 49 27 166 53 53 49 227 4 4 51 65 24 30 60 186 5 9 113 160 1 1 115 121 10 10 318 369 13 26 402 507 25 25 574 686 1 3 622 638 47 48 681 877 40 44 793 995 1 1 858 861 
9 36 50 24 164 20 25 64 155 10 10 136 171 46 46 325 510 17 17 350 432 8 15 428 487 14 15 439 504 29 43 555 707 44 44 740 925 
10 27 41 99 256 33 47 235 412 8 11 316 363 4 4 323 342 27 27 326 463 25 35 345 507 6 10 667 707 57 57 743 943 18 40 758 881 17 17 898 1003 
9 41 41 65 240 15 26 105 191 32 51 115 316 19 24 197 286 46 46 317 486 16 16 448 533 12 18 635 698 14 14 879 941 8 8 907 945 
12 3 4 6 21 5 10 42 78 10 10 146 218 37 50 320 492 31 33 469 615 42 52 733 908 18 18 771 837 21 53 829 999 12 17 831 888 3 4 858 878 16 18 911 977 1 1 930 937 
