10 108
9 28 72 191 310 15 50 455 532 42 81 548 696 42 42 708 878 19 44 787 878 18 42 824 929 16 32 880 953 10 28 929 989 2 4 1013 1025 
10 6 13 61 97 8 19 155 204 31 72 276 465 6 10 328 357 20 23 331 397 31 50 339 527 39 56 388 537 30 60 429 596 6 9 725 766 10 19 882 921 
10 23 42 12 126 11 18 188 233 19 65 192 358 1 1 391 394 34 65 440 593 19 52 592 703 42 71 629 833 18 21 892 966 26 40 914 1017 2 3 1016 1025 
11 34 52 51 167 11 21 279 330 26 40 292 446 29 53 391 544 23 42 567 655 5 15 573 601 13 29 754 820 15 44 828 924 24 49 875 1018 4 11 1002 1028 1 1 1006 1009 
17 7 22 35 77 15 45 45 172 25 66 72 240 6 6 108 137 3 5 126 143 1 1 187 190 7 13 315 369 28 34 325 447 35 60 355 521 1 3 407 415 6 14 496 527 22 55 567 700 7 18 662 706 3 9 686 715 33 80 730 901 8 12 788 820 4 12 987 1016 
9 1 2 176 183 25 66 184 304 40 71 207 394 18 59 268 382 27 69 308 448 27 76 717 896 43 57 829 980 1 5 996 1007 1 1 1015 1027 
11 2 3 107 119 50 82 160 354 5 6 206 224 34 69 239 390 30 33 241 399 18 35 270 348 27 60 310 417 3 9 342 367 7 9 406 436 5 12 673 706 4 8 916 936 
8 3 8 64 82 41 52 73 227 25 42 121 258 32 75 165 334 12 23 754 826 58 92 756 959 20 37 776 891 1 3 804 818 
9 35 81 42 213 18 30 266 377 47 47 416 576 37 89 608 767 18 18 664 731 1 2 928 940 15 25 929 1004 8 9 982 1019 3 5 986 1000 
14 9 40 124 183 14 33 289 386 22 41 325 435 21 43 423 499 1 2 486 497 5 15 730 785 6 10 748 775 43 62 777 949 29 58 850 989 13 37 854 926 1 1 882 885 6 6 913 935 8 17 953 1010 1 4 993 1001 
