10 67
4 45 45 215 397 22 66 315 502 15 15 440 500 34 51 522 688 
8 3 5 29 48 20 20 248 327 22 40 278 421 12 20 552 628 18 29 571 659 5 6 823 850 10 16 861 904 2 2 914 926 
6 23 38 9 167 34 43 365 543 5 6 371 400 21 23 492 583 1 1 577 583 32 32 674 812 
9 21 62 134 308 3 3 151 170 22 22 349 420 25 42 414 551 5 5 417 445 7 9 839 878 6 6 863 895 17 17 864 938 1 1 938 942 
6 5 5 84 110 13 25 202 290 7 14 244 294 28 37 294 435 24 44 444 628 21 25 575 690 
7 18 22 49 194 32 36 188 308 9 9 276 336 12 14 488 552 12 18 639 733 6 6 904 934 2 2 908 917 
6 10 15 36 102 28 28 172 290 4 5 239 263 7 17 463 556 48 48 721 896 23 27 769 893 
9 36 36 116 262 4 4 164 176 1 1 252 261 25 31 461 568 4 5 644 665 18 19 705 784 2 4 778 792 2 3 836 847 8 8 911 938 
7 30 30 32 139 7 7 39 72 26 40 328 464 26 26 337 440 8 18 472 554 1 1 904 913 5 6 906 929 
5 17 31 116 243 55 55 265 446 7 8 395 427 7 10 646 680 29 58 689 850 
