10 49
4 39 68 376 555 33 50 527 661 19 48 625 701 6 12 647 689 
3 33 50 289 457 34 59 608 740 26 46 627 708 
6 21 32 272 393 36 50 344 510 24 98 360 537 12 62 367 473 6 13 533 565 1 3 936 942 
6 31 31 113 261 15 29 214 318 16 43 225 299 13 32 349 440 7 16 431 473 34 71 512 676 
7 10 30 18 74 21 73 118 240 2 3 181 190 3 5 263 276 4 9 470 489 29 54 578 706 27 99 626 814 
6 1 1 76 82 35 55 158 299 6 18 439 473 18 50 715 825 27 55 803 925 14 36 865 942 
3 26 60 135 268 30 92 719 886 43 67 746 906 
4 9 22 283 340 35 71 415 588 24 64 453 583 25 61 735 881 
4 27 83 290 452 21 21 559 641 39 64 563 690 8 13 807 839 
6 20 75 54 188 9 18 172 214 36 86 340 523 8 30 342 403 5 20 711 776 22 77 777 908 
