10 482
51 4 43 4 147 1 5 48 57 1 28 50 132 2 30 50 123 6 36 66 204 1 13 72 102 1 23 133 186 6 73 139 346 10 79 143 317 1 6 159 176 3 26 175 234 9 51 177 365 2 16 187 240 1 2 230 242 8 70 239 365 5 77 251 390 1 14 274 302 2 21 284 330 1 2 306 310 1 10 316 351 1 16 326 356 8 77 338 497 4 48 359 467 2 14 375 435 1 4 377 387 10 105 411 615 8 83 437 631 4 25 475 561 2 25 527 587 3 57 535 667 13 85 568 755 7 73 594 744 4 44 623 728 2 26 626 692 10 82 642 809 10 109 649 825 1 9 663 681 8 72 679 828 12 46 717 910 8 52 825 982 1 6 860 884 6 16 877 988 5 34 883 979 2 13 895 938 2 16 934 989 2 20 935 981 2 7 969 998 1 11 1017 1035 1 6 1018 1034 1 3 1025 1035 1 4 1026 1036 
54 1 21 0 78 8 52 13 167 1 5 17 32 2 18 25 62 2 17 28 77 10 46 35 212 3 21 55 119 3 35 56 110 6 97 120 313 5 30 157 228 1 6 183 197 1 1 183 189 1 16 185 214 3 46 216 292 16 56 247 441 7 83 260 430 3 32 274 351 5 40 309 400 10 61 316 473 5 41 386 487 2 25 415 471 2 20 420 479 3 34 424 504 5 26 471 592 1 11 474 494 2 21 499 583 1 18 509 549 10 48 552 723 3 47 584 699 1 7 603 627 2 43 606 711 2 56 612 737 6 53 631 749 6 46 633 747 8 44 643 774 3 32 660 722 8 57 667 839 4 44 693 810 1 14 701 739 3 38 745 834 1 21 790 851 6 111 819 1004 5 55 831 951 6 34 837 967 1 10 842 867 2 15 859 915 1 6 887 900 5 36 899 997 1 1 907 915 2 10 938 978 4 45 942 1028 1 9 1012 1033 1 2 1031 1036 1 1 1032 1036 
43 9 62 7 200 2 32 9 71 3 21 22 84 4 37 45 130 3 15 90 142 6 88 93 270 2 18 94 132 3 27 169 229 1 6 173 186 5 45 187 293 12 54 188 354 3 37 238 313 7 58 252 383 7 42 258 364 9 90 263 462 2 13 274 319 6 62 283 447 1 8 301 325 7 88 306 494 7 75 346 483 2 23 369 457 7 65 419 580 1 3 442 455 9 76 453 638 4 27 467 568 13 116 479 684 7 45 486 617 7 72 493 674 5 65 539 662 3 31 552 628 5 47 563 692 6 27 617 741 6 41 753 904 7 70 756 955 2 25 801 874 2 43 866 957 8 44 877 1028 4 18 880 941 2 13 904 975 1 8 991 1010 1 3 1001 1008 1 3 1008 1017 1 2 1030 1036 
47 8 87 17 175 3 33 34 116 4 32 69 148 7 78 72 242 1 3 77 86 8 61 114 318 4 46 126 211 8 38 140 244 4 48 171 296 4 35 245 317 4 32 265 356 3 21 277 334 12 77 290 480 1 14 302 333 1 14 307 339 5 51 307 439 3 30 322 381 9 61 390 548 6 29 402 507 4 32 434 510 6 62 455 575 6 35 456 558 1 13 469 510 2 29 490 563 6 49 521 657 1 21 592 629 3 15 614 673 1 17 625 656 3 22 650 732 10 42 659 800 10 56 687 861 11 59 691 847 3 28 742 820 5 49 744 847 2 16 766 811 1 9 776 800 7 48 786 918 7 65 796 929 1 11 802 825 10 79 820 1026 1 22 958 1004 2 13 965 1011 1 1 973 976 1 5 996 1011 1 10 997 1028 1 9 1008 1032 1 1 1032 1035 
44 7 73 16 216 7 77 19 142 9 66 42 197 4 31 81 177 1 5 101 117 5 31 126 212 1 15 140 185 1 2 144 148 9 113 163 333 7 53 205 349 5 47 214 342 1 3 262 270 4 43 301 412 10 88 318 523 1 4 333 345 13 71 344 522 2 17 444 490 1 8 456 481 5 60 475 578 4 18 507 615 6 61 564 699 4 38 565 651 1 8 569 592 6 37 582 686 8 66 598 777 9 78 617 819 1 5 621 634 6 51 626 763 8 105 633 838 7 96 643 812 5 54 648 779 2 27 697 765 11 48 727 918 2 29 744 807 1 2 809 814 1 9 813 834 7 32 823 987 6 35 836 922 2 11 844 906 3 23 849 902 3 37 881 962 6 37 886 1022 1 3 933 941 2 13 968 1020 
46 2 37 12 154 11 40 23 187 4 60 41 171 4 88 49 208 8 88 66 239 4 67 69 231 6 63 79 256 4 24 89 150 3 48 100 175 1 6 115 130 8 97 189 386 1 2 206 219 8 60 284 460 7 58 299 424 1 33 301 373 4 23 334 425 6 74 349 508 6 42 381 524 10 74 391 568 8 74 406 588 6 64 445 644 6 58 472 580 1 1 480 485 6 47 500 604 8 66 519 690 2 15 530 567 1 14 540 584 9 64 542 723 5 54 548 640 3 45 587 691 8 53 603 774 11 89 660 861 1 6 689 702 1 12 693 719 1 15 706 730 3 48 757 856 3 25 776 875 7 60 793 950 1 4 794 803 6 45 898 998 1 13 916 949 1 18 924 984 3 22 962 1025 1 12 990 1021 1 3 1002 1009 1 2 1029 1035 
48 11 48 27 225 2 21 96 145 1 2 107 114 1 15 130 160 3 11 142 190 3 37 143 279 11 79 192 385 6 62 217 313 4 28 218 289 2 12 219 257 9 116 231 418 2 21 275 343 4 57 289 424 5 22 324 415 3 21 329 383 5 24 339 417 9 90 361 542 1 23 368 401 1 5 382 393 3 29 397 481 2 15 399 446 6 56 403 578 1 1 406 409 3 28 438 517 1 3 439 449 1 3 443 449 1 18 445 492 2 20 445 501 3 16 456 517 10 95 463 646 5 60 500 651 3 46 534 623 9 56 546 694 1 1 557 560 6 35 578 696 3 31 618 696 13 69 625 823 8 69 631 817 6 30 635 744 9 65 670 863 11 73 722 867 5 54 742 847 2 14 748 779 1 6 964 975 1 13 966 993 1 3 1009 1024 1 7 1011 1033 1 8 1019 1036 
52 7 51 17 177 1 14 18 67 12 128 30 209 3 23 41 107 11 37 41 191 1 11 52 85 1 3 86 96 1 9 106 122 1 4 141 156 2 13 142 190 2 17 173 217 1 15 239 272 1 3 296 305 1 3 304 313 1 2 312 316 10 90 317 523 3 25 335 414 8 55 363 527 1 14 395 425 6 52 408 569 1 1 444 449 9 100 460 657 6 52 488 610 5 40 525 617 8 63 527 676 3 34 540 643 7 62 544 674 4 34 583 669 4 86 583 774 3 52 633 747 11 53 654 861 4 44 673 749 4 48 676 803 4 34 722 814 5 52 723 826 4 54 734 852 7 61 740 884 1 2 760 770 7 61 761 931 2 26 770 828 1 15 829 857 2 26 835 901 1 7 839 856 1 3 849 859 7 26 885 990 3 21 898 954 7 51 901 998 3 26 906 960 3 24 922 976 1 15 956 994 3 31 956 1011 1 19 993 1021 
54 8 107 48 247 9 85 73 276 5 42 82 191 7 65 86 239 1 16 130 167 2 19 152 198 9 75 208 413 2 61 246 396 9 70 251 437 8 91 258 456 1 2 284 290 3 32 294 371 4 38 300 375 4 25 300 373 1 5 345 362 7 77 360 524 3 54 406 530 4 43 416 493 4 30 436 540 2 30 452 536 4 55 462 571 1 6 472 490 5 25 484 566 2 24 492 539 3 27 516 573 4 54 520 617 10 68 552 699 1 16 600 638 2 27 605 674 2 21 628 669 10 74 629 786 1 7 637 665 6 63 672 792 4 40 680 770 1 15 716 750 8 84 717 913 7 83 735 926 1 11 758 777 6 45 771 922 1 5 810 828 9 81 828 1000 1 24 858 923 2 29 867 936 1 1 889 893 1 3 892 898 4 26 896 963 7 17 921 1030 2 27 921 976 1 6 926 949 1 22 930 972 2 28 939 992 4 35 961 1035 1 4 1018 1032 1 1 1024 1028 
43 13 74 8 199 5 63 17 168 3 13 23 96 4 39 28 113 7 73 52 203 1 7 73 90 6 46 95 220 2 32 105 159 10 107 121 306 4 79 150 327 8 43 176 342 10 61 178 350 5 73 179 336 5 50 191 317 2 37 192 268 2 24 193 249 7 13 210 376 1 16 238 268 5 44 241 347 1 15 252 282 10 59 329 528 5 25 391 491 3 29 475 532 8 40 488 622 2 23 510 550 8 97 607 769 2 44 642 741 5 76 644 789 3 22 689 740 9 69 695 884 4 42 697 811 3 18 730 790 7 37 736 862 3 46 741 870 9 39 778 920 8 85 803 956 5 31 858 952 1 6 900 921 1 15 922 960 1 5 924 936 1 11 927 964 3 19 942 1001 1 18 996 1032 
