10 213
20 2 8 8 45 6 59 45 178 7 54 52 177 1 13 83 127 2 16 110 160 6 37 147 248 6 47 153 256 1 1 154 158 2 15 258 305 4 45 318 439 3 33 341 412 1 16 463 492 3 36 474 564 4 15 500 601 10 79 531 695 9 40 539 719 5 35 603 725 9 47 755 878 2 20 798 851 1 2 945 949 
19 6 52 111 226 4 23 140 213 8 72 143 289 1 2 305 312 1 1 354 359 7 53 376 529 1 8 403 436 5 32 436 516 5 40 510 639 2 19 580 624 6 52 593 769 9 65 611 756 2 27 619 715 4 37 691 781 9 58 725 902 7 57 792 934 3 39 803 881 1 18 815 862 1 3 831 842 
22 8 92 62 252 2 18 82 126 3 34 172 235 3 38 227 315 8 39 327 429 1 7 363 377 4 39 380 487 2 34 456 528 1 10 629 651 2 35 659 743 3 41 661 774 8 62 673 819 8 54 686 829 5 50 689 838 8 54 691 837 6 60 706 846 3 31 718 793 1 1 718 726 2 28 780 830 3 46 828 944 1 1 857 860 1 3 926 933 
21 1 13 10 44 5 69 25 159 6 50 86 222 7 53 96 248 1 8 109 135 7 58 110 261 1 15 220 254 3 32 230 305 1 17 246 315 4 66 249 383 8 54 418 568 5 68 425 576 6 66 460 600 10 74 473 624 1 2 521 527 3 14 538 603 1 2 624 630 3 33 659 749 8 73 739 884 2 23 845 891 1 16 848 878 
27 9 59 106 272 1 11 157 181 8 68 206 354 4 23 337 420 5 64 367 505 2 29 371 432 6 39 381 517 5 38 438 582 3 48 466 576 3 48 476 570 1 10 481 504 2 18 516 573 7 71 528 673 1 11 537 588 1 7 568 599 3 21 611 680 1 42 615 685 6 87 621 778 1 8 657 680 2 29 692 776 5 30 812 908 1 14 826 854 1 4 924 933 1 7 927 947 1 8 927 941 1 3 928 936 1 2 943 948 
20 9 43 22 155 1 30 41 102 8 22 41 170 1 5 66 81 2 14 96 146 9 73 152 337 1 10 214 243 10 87 218 384 8 72 240 374 3 18 381 432 3 52 570 667 4 57 577 704 2 21 600 635 5 70 610 759 1 2 625 630 4 55 639 763 7 58 651 824 6 42 719 841 1 30 884 940 1 4 904 912 
21 1 5 71 84 10 61 81 256 7 59 268 458 4 48 316 438 4 46 351 456 6 55 363 520 1 10 385 417 6 62 425 563 5 46 432 517 1 11 457 486 4 31 540 636 5 40 628 724 3 35 649 726 10 72 659 838 2 23 668 718 7 57 698 828 6 22 723 895 2 26 726 778 1 5 811 826 1 11 891 918 1 4 924 934 
23 1 8 77 111 4 63 84 267 9 68 128 281 1 5 146 159 3 53 153 251 2 14 242 278 7 26 265 370 3 26 282 336 9 79 296 433 3 25 388 469 7 45 428 561 2 32 459 534 2 25 487 548 3 27 572 630 1 8 633 659 6 81 681 842 5 39 702 812 3 37 758 832 4 27 769 843 1 2 772 778 1 9 819 857 1 15 832 884 5 23 839 913 
24 2 11 40 78 8 62 106 238 1 16 149 204 3 63 162 259 6 39 183 324 2 14 197 247 5 28 218 305 2 15 340 383 7 72 345 517 7 68 350 499 8 50 359 513 2 31 444 505 5 34 449 524 2 14 485 518 12 62 494 656 1 18 501 569 1 3 565 572 2 16 578 615 1 10 633 656 3 21 854 921 1 15 913 950 1 8 919 940 1 2 931 938 1 3 936 946 
16 5 67 321 448 6 89 357 507 8 48 367 538 5 54 398 522 1 8 424 441 4 47 429 517 11 66 430 598 4 63 441 563 8 57 523 676 5 33 593 710 5 74 641 782 6 22 679 774 8 53 732 879 5 20 785 881 3 25 812 892 1 3 909 916 
