10 107
9 7 12 3 48 41 41 141 316 17 29 480 593 34 34 552 698 47 47 604 803 30 36 656 780 22 36 722 889 4 5 808 826 20 25 877 974 
9 39 46 91 295 9 14 96 139 4 5 165 189 1 1 220 225 34 34 235 378 44 44 303 490 25 28 556 662 5 5 712 736 29 35 809 975 
8 3 4 150 170 34 53 153 345 41 53 179 367 20 27 319 421 14 14 391 446 55 67 496 694 31 39 630 828 5 5 702 720 
7 17 21 89 168 48 48 153 340 26 42 173 331 63 63 231 432 35 58 739 907 13 13 779 867 7 11 893 939 
14 22 47 127 323 2 2 231 243 1 2 409 416 3 3 431 444 20 25 622 753 8 10 634 674 12 22 685 750 33 33 716 831 23 62 730 909 21 37 820 951 32 32 821 946 2 3 829 842 4 7 973 998 5 12 988 1021 
11 17 23 3 99 13 22 44 128 17 21 216 292 10 19 302 356 38 38 375 522 8 8 399 431 18 35 406 513 37 40 473 605 8 9 676 720 19 19 870 979 4 4 1000 1021 
11 24 24 66 164 40 40 110 281 1 1 135 138 35 43 145 310 22 22 155 256 10 27 157 219 21 42 368 527 17 34 453 611 14 15 529 581 5 16 558 625 8 22 734 811 
11 15 15 204 274 3 3 209 223 4 4 232 252 32 40 304 447 32 36 410 549 17 31 451 547 21 21 517 624 19 29 543 649 9 10 771 805 37 40 814 952 7 9 984 1023 
13 26 26 184 314 48 48 227 388 24 32 254 381 8 12 351 397 22 27 378 472 16 19 440 536 4 6 692 710 14 14 796 871 8 22 858 936 6 14 893 930 13 23 965 1033 4 4 972 992 2 2 987 1002 
14 18 19 40 128 11 12 61 105 13 14 255 308 11 32 269 373 7 8 320 371 14 16 377 469 19 28 535 656 4 7 689 717 14 37 773 881 8 12 796 875 27 27 807 961 29 40 884 1014 7 10 960 993 2 2 1014 1032 
