10 58
6 37 71 23 153 10 18 343 399 26 43 363 467 5 9 396 416 5 17 510 551 17 61 787 918 
6 15 41 279 388 29 66 390 569 22 23 452 540 1 1 711 717 21 72 738 892 1 3 897 908 
6 33 77 40 199 15 32 222 292 18 46 334 426 1 3 390 398 2 6 551 571 27 68 749 897 
3 36 80 162 304 28 80 209 399 24 39 644 767 
10 11 11 29 73 13 13 53 114 27 47 507 610 1 2 519 525 31 75 611 771 11 20 687 735 1 1 823 826 3 7 840 857 3 4 926 940 1 1 941 950 
4 36 43 126 238 5 32 592 682 37 76 733 895 7 16 844 885 
4 16 27 24 111 33 48 143 286 23 59 795 906 24 45 810 908 
6 32 42 0 172 16 36 51 143 12 25 54 121 10 22 405 451 20 70 794 931 1 1 866 869 
7 11 18 297 343 9 21 319 389 22 40 328 463 6 9 412 441 27 63 791 942 9 10 844 881 1 4 916 925 
6 3 6 90 109 16 34 92 166 3 5 193 205 39 70 647 816 38 69 751 939 1 2 935 940 
