10 70
5 52 70 105 256 64 69 323 496 23 25 560 623 59 76 782 978 29 31 922 1008 
6 67 67 143 316 83 106 172 366 63 63 321 490 17 21 425 471 12 21 559 611 9 9 705 726 
6 99 99 76 256 19 19 244 287 33 44 592 700 12 12 732 774 53 65 742 919 48 48 854 1011 
9 36 50 167 271 39 39 225 325 27 28 378 486 5 5 407 423 58 93 580 780 2 5 596 608 21 21 606 665 42 75 797 955 4 5 919 932 
5 50 62 56 214 68 68 133 305 45 45 470 576 51 61 729 905 49 49 901 1032 
10 44 72 68 250 31 31 103 176 50 55 204 308 18 27 255 322 11 17 375 410 5 5 433 447 29 32 477 601 50 50 751 902 11 13 963 997 1 1 1003 1006 
7 41 70 38 187 36 51 78 157 20 21 242 317 45 52 305 437 51 73 568 752 5 12 894 918 35 35 932 1017 
4 71 71 233 402 49 61 624 799 85 85 717 908 46 58 813 953 
9 26 59 291 429 37 66 377 546 57 67 378 573 22 22 477 515 22 23 500 585 20 23 676 736 10 10 727 764 28 46 736 858 6 6 1017 1035 
9 22 25 43 125 56 56 237 382 5 5 278 298 19 26 368 426 16 24 391 437 4 4 435 446 33 36 735 814 11 14 858 895 41 41 912 1020 
