10 64
9 1 1 233 237 27 32 418 535 20 26 570 645 2 3 614 626 8 14 667 717 16 16 743 841 18 29 826 923 2 2 893 905 1 1 932 936 
4 32 54 329 499 13 39 340 449 21 21 586 692 28 32 784 919 
6 24 38 40 192 4 4 78 98 24 38 153 289 2 2 374 381 24 30 610 731 14 17 845 916 
7 25 37 10 126 17 19 64 153 10 16 202 267 23 23 239 366 1 1 241 246 19 22 453 580 7 7 880 918 
7 1 1 64 69 19 35 285 396 4 4 328 344 34 50 526 712 32 42 617 797 9 20 664 722 12 16 798 878 
7 5 9 130 157 32 32 144 272 27 27 179 297 1 1 222 226 6 8 382 415 13 14 709 769 25 37 761 924 
5 41 49 27 192 1 5 551 569 16 19 610 705 27 27 611 723 9 11 746 802 
5 48 51 83 263 51 58 379 568 8 13 446 501 5 10 731 769 8 8 885 933 
9 21 21 20 129 1 1 279 286 23 23 317 398 26 26 373 528 1 1 494 501 18 38 508 686 1 2 541 552 3 4 817 837 3 3 916 934 
5 33 43 52 230 1 1 66 74 4 7 146 172 29 52 229 381 29 32 692 817 
