10 156
21 55 88 32 255 35 78 144 336 13 29 151 218 28 49 312 403 13 27 328 380 18 34 367 467 4 8 392 412 15 51 416 557 9 16 425 467 36 89 547 704 34 70 558 712 17 17 625 715 13 21 836 898 14 28 883 988 13 17 900 970 1 4 937 949 3 11 979 1003 3 10 1021 1044 10 16 1041 1083 4 15 1046 1082 2 9 1068 1092 
14 56 99 9 201 27 73 198 324 40 57 248 416 24 24 276 363 14 30 280 373 26 52 290 408 16 24 387 466 11 24 497 567 6 26 525 574 42 85 707 923 3 6 710 724 29 65 902 1039 4 6 922 945 1 1 1111 1115 
16 26 80 49 264 15 52 143 315 34 70 154 305 16 42 379 450 38 63 395 590 14 52 411 575 6 10 515 546 30 84 562 753 19 35 657 744 35 99 694 863 48 64 808 980 3 3 952 967 8 34 965 1055 1 2 1032 1038 7 14 1075 1114 1 2 1086 1093 
14 19 71 11 168 17 28 75 151 33 83 84 292 26 26 142 280 21 51 332 455 17 39 603 683 8 17 609 643 33 46 694 848 40 81 710 871 50 50 793 1002 10 15 808 863 19 34 892 987 13 17 1040 1099 4 10 1098 1120 
13 48 90 15 231 23 55 29 206 26 80 74 248 6 8 168 201 1 5 191 206 12 24 218 266 29 47 225 369 53 91 351 568 29 78 678 843 10 19 831 874 35 40 841 983 31 76 909 1054 12 28 983 1041 
12 28 36 94 210 44 55 106 295 24 51 146 288 25 74 234 380 44 71 423 608 50 80 503 697 39 39 638 815 33 74 678 861 5 10 891 915 13 39 1025 1098 11 38 1046 1123 2 3 1099 1110 
17 13 27 185 270 22 68 302 430 8 16 310 377 7 31 311 363 39 98 317 513 15 27 337 420 12 31 357 418 15 34 377 454 32 50 546 676 30 52 556 696 50 64 590 778 11 14 790 844 30 72 850 1008 5 10 921 945 10 31 933 989 1 2 1033 1041 10 37 1052 1116 
15 22 31 26 116 11 38 101 177 12 35 336 401 28 73 402 557 16 32 417 502 8 20 461 512 29 57 548 687 29 60 618 733 20 40 639 754 45 64 712 897 30 63 737 855 23 47 966 1092 9 12 997 1030 6 9 1010 1038 17 42 1022 1119 
14 29 58 6 165 5 14 116 142 21 53 161 283 40 61 213 345 34 42 221 432 12 29 240 300 4 9 267 286 41 104 347 564 52 127 399 614 24 57 409 554 13 24 553 653 35 35 586 710 4 6 1056 1077 8 13 1070 1102 
20 23 48 56 161 10 14 59 99 28 55 160 305 36 98 342 555 3 6 355 370 13 29 411 507 11 13 434 505 12 31 436 531 26 81 471 666 9 16 605 649 21 32 639 738 1 4 643 653 42 81 677 842 5 10 736 761 20 55 768 893 24 66 906 1029 2 4 935 950 17 55 960 1063 16 33 1009 1093 12 24 1057 1115 
