10 45
3 37 49 512 659 52 74 726 906 46 71 727 875 
4 16 26 70 123 17 23 108 190 54 74 253 400 12 12 919 944 
3 58 89 36 196 65 74 183 353 7 8 764 785 
2 62 62 532 643 33 33 627 719 
5 21 32 50 148 26 26 351 403 38 38 411 489 58 74 579 733 6 6 860 879 
7 37 37 125 219 10 11 164 192 33 57 186 341 1 2 523 528 27 42 807 906 4 6 855 871 4 4 892 905 
4 40 62 64 225 52 75 146 283 2 2 419 425 26 26 861 919 
9 38 44 37 145 7 7 187 204 2 6 298 311 26 26 303 360 11 13 448 473 1 2 611 618 17 20 614 660 2 6 897 910 5 6 907 922 
4 7 8 24 42 46 46 92 191 4 5 213 227 39 39 260 353 
4 16 20 184 236 6 6 242 254 29 45 544 658 51 54 715 852 
