10 100
7 46 73 107 281 28 28 170 335 26 51 371 511 34 71 463 635 28 111 528 695 25 69 561 758 8 12 586 617 
11 29 77 35 191 3 3 86 103 4 7 250 275 14 43 276 367 16 16 379 433 39 68 422 601 10 29 492 567 26 66 810 990 14 30 883 1005 21 65 918 1036 14 17 941 1008 
10 43 103 3 197 10 12 43 107 19 52 103 215 15 58 163 273 20 42 490 576 19 45 490 594 48 115 701 901 3 12 835 863 6 6 893 916 11 12 943 993 
10 10 33 25 82 1 2 169 175 18 65 242 379 60 92 333 540 56 78 535 734 24 42 778 873 25 37 833 957 4 10 881 922 4 11 953 981 2 5 976 998 
8 37 64 122 285 15 51 228 340 12 20 254 349 45 60 348 507 21 39 551 659 25 60 626 778 27 47 864 984 16 34 931 1013 
14 4 15 81 110 4 12 142 176 20 26 170 270 6 12 257 293 36 67 303 484 10 35 461 534 5 10 555 577 26 47 661 769 45 67 695 869 39 51 895 1023 3 10 972 1001 7 7 1015 1036 1 2 1028 1033 1 1 1028 1031 
7 42 84 170 342 35 65 450 626 30 75 502 651 11 51 552 696 17 27 564 632 32 83 710 855 24 39 760 881 
12 26 71 14 149 8 8 15 46 23 47 145 316 3 5 191 208 7 22 219 290 14 88 261 409 31 54 280 429 11 19 284 362 3 13 346 370 30 37 406 528 21 21 603 685 32 49 819 933 
12 20 35 48 129 32 92 179 363 4 9 253 272 7 17 324 365 7 24 394 485 33 53 518 642 29 46 563 684 25 41 578 695 27 68 631 794 11 17 748 790 15 30 785 861 6 6 892 919 
9 52 85 68 251 41 96 226 422 9 23 456 515 11 30 579 647 36 83 757 961 24 56 767 879 18 42 940 1014 6 11 999 1026 2 2 1017 1030 
