10 99
9 33 36 45 150 37 43 314 399 35 49 341 481 70 88 466 684 86 86 588 772 62 97 784 960 25 25 914 971 23 43 929 1027 6 6 1102 1118 
10 53 54 261 386 36 41 308 390 74 74 507 703 13 27 549 609 33 33 708 793 27 27 745 797 19 20 778 830 60 92 922 1114 5 8 972 992 12 15 1019 1064 
8 58 58 52 174 106 106 119 315 77 83 468 675 57 83 667 844 63 95 943 1103 1 1 1012 1017 3 3 1021 1028 8 8 1089 1115 
9 32 51 140 243 64 69 362 525 79 96 478 664 73 82 748 945 37 95 750 955 5 16 874 896 32 32 1000 1084 15 21 1058 1102 10 17 1074 1118 
8 82 82 137 305 94 94 254 465 5 7 297 312 22 26 335 392 41 46 658 760 32 32 934 1010 35 76 965 1097 35 55 966 1072 
8 89 108 38 252 98 98 186 396 10 15 212 250 46 52 514 628 96 96 534 746 13 19 928 973 13 20 1040 1083 5 5 1109 1122 
11 17 24 69 120 48 55 180 354 19 19 237 286 58 80 246 440 44 67 251 367 27 41 351 473 31 31 387 467 45 52 726 843 6 10 788 806 41 43 832 922 14 29 1016 1080 
13 16 16 102 148 43 43 111 215 7 7 202 225 32 32 218 310 5 12 309 336 79 79 328 490 41 46 404 506 8 8 462 483 22 38 643 742 18 19 730 786 17 17 757 797 51 51 893 997 18 24 979 1039 
13 27 27 81 156 71 98 145 357 35 35 246 330 6 10 286 319 23 28 353 412 23 54 397 519 28 50 575 669 23 23 618 676 32 33 678 752 2 3 726 734 42 67 901 1024 11 11 1026 1049 1 1 1091 1096 
10 56 60 51 165 56 84 130 349 32 42 219 312 13 13 258 291 11 11 432 461 52 84 610 754 39 39 659 777 41 41 698 778 3 6 930 945 23 25 1015 1065 
