10 176
15 31 45 112 248 3 4 201 218 40 60 234 420 1 1 316 322 40 40 468 629 1 1 517 520 34 53 639 811 30 37 683 839 14 21 685 825 28 33 761 915 36 39 762 929 19 19 849 924 27 55 953 1096 15 17 1045 1116 2 2 1062 1073 
14 49 56 32 237 40 58 105 324 2 6 135 171 40 61 350 558 32 55 399 569 19 48 447 655 13 26 563 703 30 52 566 723 18 18 575 653 11 12 589 655 40 40 922 1104 26 30 967 1121 2 2 979 990 5 6 1013 1043 
22 20 20 28 98 8 32 28 108 18 31 195 297 10 21 200 284 9 18 241 301 27 27 299 476 11 23 330 433 2 4 361 376 10 20 365 433 1 1 450 455 26 27 536 643 13 17 564 634 3 3 569 588 27 31 585 692 41 43 617 813 9 42 621 766 33 33 647 791 3 4 660 683 17 20 704 788 15 25 705 809 8 8 984 1020 9 11 1068 1110 
23 11 17 100 180 10 10 203 243 27 56 223 411 19 27 368 456 26 26 383 537 18 23 408 551 7 7 671 696 19 19 684 794 7 9 751 797 20 20 775 874 1 1 845 851 7 13 847 902 17 30 875 981 24 44 916 1054 37 46 957 1118 26 34 961 1082 2 2 972 988 1 1 985 990 3 6 1010 1033 17 20 1015 1123 7 7 1016 1047 14 15 1022 1079 8 11 1026 1065 
19 25 29 47 198 2 7 68 89 33 56 99 301 22 22 181 287 11 16 375 426 14 34 397 495 1 1 400 408 36 41 418 587 12 16 439 490 30 30 443 632 1 3 464 476 42 42 617 784 1 1 664 669 3 3 897 912 24 29 948 1072 13 17 974 1049 21 23 992 1123 11 31 1004 1104 1 1 1058 1064 
17 10 10 35 74 44 64 44 225 13 18 120 189 3 4 156 173 18 18 175 245 13 21 282 375 21 49 392 579 11 12 443 493 29 60 488 708 22 23 564 651 30 32 743 888 28 45 775 892 25 47 817 1013 11 16 827 882 1 2 895 904 18 18 1013 1099 3 6 1065 1088 
17 30 51 101 285 1 2 124 135 20 23 194 338 15 19 196 262 17 27 276 403 50 50 313 528 7 7 371 413 10 22 533 608 26 51 585 769 11 13 605 675 28 34 680 807 19 51 692 836 6 14 754 802 27 44 769 906 38 46 829 998 29 29 920 1033 1 2 1039 1051 
19 17 37 114 300 21 21 135 234 26 30 296 420 43 49 370 565 33 39 386 543 30 41 472 631 7 18 481 573 25 25 561 646 18 18 567 697 2 2 615 623 6 8 626 660 44 50 664 848 5 5 841 876 2 3 929 942 19 37 965 1086 3 4 979 995 13 15 1006 1079 1 1 1078 1087 1 1 1120 1123 
15 31 46 7 168 47 47 15 184 16 35 70 179 9 15 191 244 18 19 327 444 21 21 412 500 5 9 532 563 5 6 618 651 22 26 642 754 21 64 813 973 52 52 840 1033 27 43 906 1083 19 19 971 1050 1 1 1009 1012 12 12 1043 1094 
15 2 2 7 19 5 6 16 41 29 34 244 419 11 11 396 447 3 3 508 526 18 27 561 661 1 1 562 570 40 52 620 821 51 51 625 798 24 24 644 739 14 17 785 858 60 60 853 1073 24 26 934 1032 16 16 982 1070 2 3 1049 1064 
