10 121
12 55 116 113 364 10 15 438 478 66 139 512 783 27 84 549 728 11 42 632 721 24 61 829 983 7 23 1030 1079 6 25 1052 1169 33 69 1061 1257 26 44 1177 1317 17 29 1265 1353 24 33 1306 1390 
8 63 76 193 476 19 24 452 530 25 120 501 699 53 73 505 786 9 17 596 631 36 145 845 1136 19 33 1007 1103 63 79 1037 1278 
16 10 21 100 142 4 7 168 185 1 1 196 201 6 11 196 238 16 28 298 391 9 16 491 528 17 29 498 576 59 91 606 863 16 49 629 841 11 42 762 840 18 44 776 879 10 11 938 982 46 88 1209 1383 22 42 1288 1372 32 69 1313 1419 9 19 1411 1455 
8 69 100 61 341 1 6 617 632 43 83 631 826 53 82 669 869 55 55 977 1152 22 42 990 1085 41 108 1237 1443 6 28 1333 1403 
15 20 45 159 297 11 30 412 462 24 58 573 705 26 71 619 778 1 1 669 677 17 49 678 772 54 54 735 967 26 99 762 955 42 54 974 1193 40 90 1132 1392 8 25 1193 1244 7 21 1289 1358 3 8 1348 1374 5 16 1413 1444 4 7 1414 1433 
14 16 36 156 236 28 83 356 509 17 39 416 504 35 81 536 767 25 69 570 736 54 81 667 908 35 103 820 1032 29 66 1054 1301 21 40 1169 1280 5 11 1222 1247 39 39 1282 1444 9 30 1385 1441 5 11 1402 1431 1 2 1413 1420 
10 3 9 91 109 72 127 145 393 22 74 156 281 11 16 354 407 46 141 495 756 52 126 695 963 37 79 722 1014 15 37 828 908 37 39 964 1145 1 2 1451 1458 
16 14 57 222 356 45 147 266 530 35 51 274 434 25 40 390 479 47 101 448 654 26 59 481 598 24 67 487 639 10 16 736 790 7 19 780 819 13 37 857 967 1 1 935 938 24 38 1118 1245 7 18 1228 1275 5 10 1254 1279 1 3 1346 1352 7 18 1387 1439 
9 24 59 11 132 35 89 163 361 63 89 425 716 29 61 450 596 21 50 492 606 1 3 561 569 41 50 716 906 61 95 788 1073 37 52 1282 1414 
13 32 71 121 310 19 61 163 330 13 24 281 351 36 101 300 586 58 72 419 706 11 26 494 549 39 39 537 698 5 12 628 657 20 26 662 758 51 65 857 1048 1 1 1119 1123 4 4 1202 1227 2 3 1416 1427 
