10 42
5 26 34 16 104 22 22 307 365 40 40 343 444 24 40 582 686 38 66 963 1162 
5 5 8 132 152 45 49 502 626 4 4 867 877 82 115 1008 1249 1 3 1105 1111 
5 9 9 11 41 1 2 20 25 9 9 91 122 71 93 347 595 32 32 829 921 
5 42 51 259 356 38 67 364 569 17 18 446 512 7 7 631 654 31 77 975 1168 
2 66 66 436 650 64 120 942 1179 
7 30 31 326 423 71 126 507 758 11 24 541 579 26 35 753 822 5 12 1252 1279 2 3 1323 1335 2 3 1324 1332 
3 55 93 499 745 71 72 924 1165 45 45 1212 1303 
4 90 130 229 476 123 123 415 665 27 49 973 1094 1 2 1306 1312 
2 83 83 146 402 46 83 938 1107 
4 52 112 287 549 79 79 553 721 31 34 663 744 1 1 1250 1255 
