10 75
6 121 121 173 414 69 69 626 798 12 18 682 727 12 13 803 838 81 81 861 1038 110 110 1063 1337 
7 104 139 268 521 50 50 367 504 61 83 404 597 16 34 625 718 27 28 639 708 61 93 1170 1439 24 33 1281 1356 
9 27 27 118 176 87 101 327 560 34 39 344 428 30 37 585 670 62 72 813 955 2 5 848 860 5 7 968 988 11 20 1071 1107 64 79 1249 1444 
4 92 92 177 404 82 95 305 548 71 87 876 1125 117 142 1020 1296 
9 1 1 4 8 156 156 8 275 86 103 184 471 56 56 310 460 2 9 496 517 53 61 1293 1458 22 32 1385 1449 16 18 1392 1441 15 15 1413 1455 
9 58 58 22 189 10 15 254 284 35 35 343 402 68 68 381 568 39 44 394 483 88 108 565 814 17 46 774 874 13 15 993 1026 5 10 1251 1274 
5 42 42 582 677 93 130 898 1108 110 113 1066 1292 131 131 1166 1422 4 4 1448 1458 
9 73 73 1 140 20 52 88 183 21 27 291 348 80 138 333 564 67 67 588 745 43 45 989 1109 20 24 1264 1312 17 22 1369 1417 4 4 1439 1452 
8 70 75 15 226 8 8 75 102 46 51 336 489 83 93 823 1068 58 91 1025 1265 87 87 1208 1428 12 14 1231 1274 1 1 1452 1455 
9 19 31 395 464 47 54 611 771 54 64 959 1086 78 78 1151 1356 48 73 1225 1407 73 74 1270 1442 21 30 1370 1436 3 3 1441 1455 3 7 1442 1458 
