10 260
25 3 32 69 164 1 7 130 150 4 46 130 225 8 94 163 419 6 75 282 440 8 67 322 505 6 50 323 425 10 56 500 687 8 82 657 830 7 44 668 813 10 85 669 872 2 28 734 798 14 119 880 1117 11 75 911 1116 9 105 912 1113 7 50 985 1106 2 19 1025 1067 3 41 1046 1144 9 87 1060 1308 2 37 1069 1147 7 97 1120 1334 1 1 1149 1152 1 14 1262 1297 1 5 1269 1288 1 1 1316 1319 
28 12 79 26 206 4 71 30 258 12 49 112 308 7 32 167 273 5 89 209 412 6 64 210 339 6 61 212 384 1 2 229 235 4 54 236 346 1 4 336 370 3 55 336 484 7 39 503 649 7 19 506 657 9 69 550 737 1 13 553 594 3 32 587 655 4 35 604 685 2 103 679 884 5 61 700 857 7 114 749 937 7 41 795 947 2 18 808 873 12 111 811 1061 9 105 1080 1258 2 22 1213 1264 3 24 1251 1300 1 11 1291 1329 1 4 1293 1302 
35 8 47 34 163 3 36 50 145 10 49 68 209 1 2 80 92 3 12 98 169 2 32 176 248 6 31 183 297 13 110 207 465 4 20 218 277 5 34 284 421 5 60 285 413 1 26 352 444 2 33 356 418 6 54 398 533 12 137 493 759 2 9 512 559 1 14 554 594 6 34 562 656 1 1 683 692 2 31 693 744 2 12 810 854 2 15 811 854 1 3 866 878 13 47 1006 1217 7 78 1024 1235 1 12 1028 1060 3 43 1109 1208 6 29 1173 1272 1 5 1207 1226 1 14 1218 1247 1 21 1220 1270 1 5 1221 1240 1 4 1225 1233 6 43 1228 1334 3 23 1237 1307 
19 3 36 27 106 12 117 68 248 16 84 110 367 9 102 310 521 1 13 477 529 17 124 493 759 1 23 567 609 10 62 608 771 10 60 728 966 1 2 832 838 6 40 842 1027 11 50 905 1066 13 73 920 1162 9 92 940 1146 10 91 1025 1233 12 92 1066 1274 1 21 1186 1228 1 1 1298 1308 1 1 1332 1336 
29 6 73 177 310 4 31 241 308 1 11 340 366 3 23 378 453 7 90 474 702 2 28 483 556 9 110 495 709 5 113 522 750 8 76 551 689 4 26 593 684 9 63 596 772 2 13 608 649 6 80 608 800 5 62 621 745 13 106 657 908 2 16 660 694 4 26 673 746 1 7 740 765 13 94 825 1010 4 43 887 975 3 26 957 1023 6 79 968 1210 1 2 969 975 1 10 1049 1075 5 42 1108 1223 1 7 1125 1144 8 76 1135 1328 2 23 1179 1234 4 47 1202 1301 
24 10 45 90 262 13 96 134 351 7 48 184 309 5 28 190 288 4 58 247 377 6 55 280 411 11 66 288 492 2 26 341 403 2 18 407 451 4 40 609 715 20 158 777 1044 1 2 809 814 14 85 816 1024 3 28 862 923 18 64 888 1126 6 50 895 1025 3 42 905 1000 1 9 954 973 2 17 1081 1112 1 31 1102 1157 1 2 1200 1210 1 7 1295 1316 1 2 1296 1308 1 4 1317 1330 
27 1 16 79 117 6 114 89 280 6 54 114 272 9 121 158 417 9 74 167 343 2 13 170 211 12 39 188 397 8 83 299 488 7 102 403 625 1 9 408 431 1 14 451 478 4 25 459 549 4 50 506 643 11 81 604 753 8 90 693 869 6 34 704 839 5 37 763 877 2 52 822 917 1 11 834 865 13 86 917 1152 4 44 1012 1100 4 27 1038 1126 3 23 1043 1082 3 51 1073 1166 4 37 1111 1202 3 50 1234 1330 2 12 1240 1290 
28 4 58 88 224 4 26 245 327 6 78 257 421 12 96 274 506 14 90 301 531 3 22 307 393 5 36 377 515 4 26 386 451 4 34 562 642 1 3 681 689 2 76 748 862 9 69 787 997 1 19 819 875 15 74 830 1040 6 29 836 970 7 39 855 970 1 14 865 889 4 49 994 1126 12 85 1001 1225 10 90 1004 1233 2 15 1025 1059 1 22 1043 1083 3 82 1081 1235 6 55 1138 1262 2 22 1235 1278 1 8 1265 1282 1 5 1318 1334 1 3 1328 1334 
22 1 3 176 193 6 35 361 487 13 41 381 626 7 18 460 607 3 49 480 580 11 87 506 711 11 92 519 735 15 73 631 819 9 86 632 834 6 44 731 836 16 102 776 1008 1 7 791 812 10 38 894 1067 6 41 995 1093 4 61 1021 1189 2 46 1041 1126 5 60 1043 1189 2 19 1045 1091 7 41 1148 1296 1 6 1303 1320 1 5 1304 1323 1 7 1322 1338 
23 17 130 33 271 14 105 237 461 14 70 247 431 12 70 274 468 5 57 330 431 2 22 395 453 4 43 582 720 6 21 612 687 9 47 624 787 5 68 651 829 7 83 718 914 1 8 778 803 12 23 853 1034 2 12 886 936 2 15 902 954 4 67 1008 1189 3 23 1033 1108 12 127 1102 1323 1 5 1171 1187 4 16 1253 1316 2 11 1261 1305 1 12 1262 1285 1 3 1331 1339 
