10 67
5 53 53 124 373 6 11 139 171 40 76 1063 1250 52 56 1067 1275 1 1 1331 1337 
4 40 40 289 452 64 64 459 676 32 53 538 686 7 8 1254 1290 
8 3 3 191 204 1 1 488 493 8 9 512 580 45 80 724 942 2 2 835 847 39 43 860 1043 6 7 958 985 45 45 1060 1218 
7 31 56 186 425 13 13 221 300 29 41 504 697 26 36 992 1120 2 2 1116 1125 19 36 1171 1288 15 15 1174 1239 
10 30 63 193 415 18 35 442 549 8 8 533 564 1 2 564 570 2 2 690 699 28 35 816 945 31 31 1002 1128 7 9 1159 1192 15 21 1240 1330 2 2 1284 1297 
5 42 61 465 720 11 11 572 641 20 37 948 1071 39 51 1093 1251 18 32 1218 1308 
7 15 20 66 145 16 16 511 593 33 60 724 868 41 41 756 985 13 47 850 1070 19 30 1067 1240 21 23 1202 1298 
7 20 32 127 250 10 12 389 462 15 33 410 526 28 28 471 609 26 49 504 758 19 28 560 727 18 18 903 993 
8 9 25 628 707 21 26 730 880 25 29 877 997 19 32 1034 1145 20 20 1048 1124 5 5 1049 1075 16 29 1151 1231 17 24 1247 1325 
6 27 28 92 214 10 13 104 180 56 60 809 1030 38 54 886 1076 9 9 1132 1180 18 30 1187 1315 
