10 159
13 20 30 112 203 42 46 139 305 41 56 148 358 12 19 318 417 36 41 433 583 35 66 575 827 12 19 616 674 25 43 727 853 49 55 781 999 61 61 845 1157 29 32 1047 1215 31 40 1073 1253 40 40 1396 1572 
10 41 55 304 496 57 72 314 613 23 23 429 545 17 17 493 563 52 63 496 747 65 65 591 824 50 67 710 969 42 63 1021 1260 60 66 1109 1354 43 69 1196 1498 
16 42 42 210 348 19 38 444 569 38 44 517 726 24 82 560 772 12 24 586 661 57 62 695 916 13 13 729 773 11 31 760 848 23 26 798 883 71 88 1194 1454 7 8 1268 1301 53 103 1280 1527 8 17 1369 1416 36 36 1408 1573 3 5 1464 1482 2 2 1569 1580 
19 49 65 73 306 10 17 184 261 17 28 315 455 25 25 564 688 46 66 565 847 88 88 884 1190 34 53 888 1126 2 2 910 921 24 24 958 1062 5 5 960 984 15 32 1108 1223 2 4 1126 1140 11 19 1244 1316 12 15 1273 1335 22 22 1346 1424 12 16 1442 1502 29 29 1445 1552 6 6 1448 1499 4 4 1503 1521 
19 10 10 2 43 19 34 42 172 31 31 77 194 3 7 277 300 12 22 334 409 26 32 439 549 7 7 452 484 30 39 464 606 15 17 538 633 44 44 614 788 30 40 662 824 10 15 740 795 5 5 842 876 40 76 956 1174 45 101 1255 1503 31 76 1379 1581 29 29 1388 1492 4 5 1469 1488 22 22 1479 1566 
15 50 63 117 342 13 22 310 412 25 39 338 519 45 76 411 597 38 38 418 717 21 21 439 526 19 29 574 671 34 45 787 995 70 85 846 1128 20 23 970 1057 25 39 1058 1214 35 56 1241 1453 12 20 1268 1338 13 21 1411 1498 6 11 1534 1580 
19 13 13 25 73 12 26 39 119 46 46 78 272 36 36 117 273 20 20 367 461 59 71 369 668 29 44 482 695 3 4 498 516 17 17 582 659 22 37 626 745 15 37 665 792 1 1 726 733 17 17 808 881 11 11 931 999 40 53 1131 1320 48 48 1194 1368 14 21 1325 1399 6 6 1465 1490 14 18 1508 1570 
17 10 27 95 198 13 18 209 270 21 41 282 457 56 77 307 567 28 59 447 621 32 58 475 655 21 21 544 617 49 69 620 926 21 53 756 1033 45 46 837 1032 18 70 893 1201 25 25 1087 1256 1 1 1237 1247 19 31 1251 1401 19 22 1349 1479 37 51 1370 1531 15 18 1488 1572 
14 27 27 115 232 8 8 329 361 25 35 335 460 52 53 358 620 30 35 370 551 32 32 384 547 38 48 421 610 51 54 633 837 40 40 987 1261 19 41 998 1156 23 23 1048 1126 32 49 1108 1310 53 59 1237 1550 10 22 1430 1513 
17 39 68 178 439 21 43 393 558 7 14 409 453 8 11 483 528 45 56 555 737 2 2 614 627 14 32 701 795 32 68 892 1099 66 93 940 1243 44 44 1065 1226 76 76 1101 1373 26 29 1114 1276 14 31 1230 1327 47 47 1334 1542 16 16 1396 1468 8 16 1494 1545 3 3 1518 1530 
