10 439
48 7 80 11 197 7 84 13 287 3 30 35 109 7 33 49 201 11 56 121 306 4 26 132 203 4 29 136 221 9 85 168 419 2 22 211 264 5 30 211 326 17 110 232 502 5 51 237 362 13 75 275 496 13 148 289 533 4 80 310 479 10 60 395 580 5 47 412 535 5 26 439 535 3 38 504 586 9 111 576 828 17 106 587 822 5 58 604 705 8 57 674 861 16 131 835 1086 10 54 931 1102 4 38 970 1069 7 76 985 1132 8 66 1023 1196 1 1 1119 1123 16 109 1148 1358 1 4 1156 1172 1 34 1161 1237 1 10 1168 1193 9 68 1173 1364 7 62 1181 1418 2 20 1188 1243 2 40 1198 1340 5 29 1209 1294 1 4 1226 1239 8 87 1241 1433 1 8 1262 1285 4 29 1309 1383 1 7 1332 1347 1 6 1337 1354 3 40 1350 1451 1 3 1377 1389 2 31 1387 1433 1 1 1439 1443 
42 3 31 3 62 1 9 32 48 1 8 46 65 6 40 70 222 7 90 107 296 17 83 160 434 2 21 210 290 5 49 216 340 8 78 218 379 3 21 257 317 4 37 288 376 12 129 296 540 11 109 297 558 14 76 349 629 1 12 365 395 9 60 471 632 16 105 496 713 1 1 550 556 7 64 718 873 5 41 734 853 9 46 773 945 3 31 778 850 8 44 784 915 1 7 790 809 6 56 846 972 7 53 884 1030 7 35 921 1016 11 91 949 1148 11 94 1086 1356 4 18 1125 1201 19 119 1153 1379 9 73 1157 1389 9 73 1162 1326 8 53 1197 1363 11 123 1198 1446 5 13 1200 1279 1 10 1261 1288 1 7 1267 1279 5 49 1267 1402 9 81 1292 1461 1 1 1379 1385 1 3 1452 1460 
49 1 30 25 88 2 34 74 142 4 32 112 215 6 76 113 272 6 16 131 278 9 52 131 281 4 58 150 329 6 55 189 322 10 65 213 368 9 80 229 371 11 103 232 495 3 29 273 358 7 90 358 514 1 11 423 448 7 37 558 678 8 97 569 813 7 48 595 719 1 1 618 622 11 87 677 887 13 123 681 945 8 37 703 830 7 56 705 842 13 137 729 968 5 35 839 926 11 97 898 1147 5 42 905 1016 3 28 921 1006 10 37 940 1095 11 91 969 1136 2 25 986 1040 3 20 988 1047 2 8 994 1021 4 38 994 1103 9 47 1047 1192 10 132 1053 1296 6 51 1077 1201 1 17 1077 1111 1 13 1088 1118 4 46 1090 1167 1 13 1103 1145 7 31 1130 1255 3 28 1164 1241 10 109 1189 1412 11 60 1228 1457 10 67 1240 1438 3 24 1351 1423 1 15 1369 1400 1 13 1372 1403 1 10 1404 1441 
43 1 5 18 32 9 56 19 289 4 43 22 130 2 18 90 139 16 106 141 415 2 21 181 233 5 97 190 392 1 14 210 247 11 69 280 467 9 96 333 484 5 90 335 528 8 73 346 543 5 39 421 509 5 41 441 571 12 78 471 700 3 23 480 533 11 81 500 684 10 58 551 723 10 82 583 785 7 123 652 911 9 97 680 881 9 99 729 952 2 21 746 800 10 69 747 934 7 124 832 1039 1 8 832 852 7 113 846 1037 7 61 872 992 13 116 984 1229 12 72 1011 1205 1 2 1013 1017 4 33 1044 1127 9 102 1091 1332 11 53 1091 1246 9 109 1109 1269 8 92 1160 1384 7 93 1171 1434 4 24 1188 1259 4 23 1198 1256 7 46 1201 1325 10 85 1217 1431 1 2 1337 1346 1 1 1453 1458 
40 7 115 38 310 10 109 44 311 5 64 94 243 16 85 108 383 12 105 197 413 14 95 218 431 13 98 256 546 9 91 257 472 4 50 294 410 12 80 309 568 9 73 338 534 8 66 340 471 7 66 432 614 1 10 491 513 2 33 491 563 11 103 504 736 2 9 762 790 12 82 809 1068 4 43 835 936 8 92 857 1061 9 43 888 1048 7 44 939 1089 12 95 949 1238 7 48 979 1092 14 103 982 1222 3 32 997 1079 1 19 1137 1184 15 106 1155 1378 5 39 1194 1279 8 93 1267 1429 10 69 1289 1432 7 55 1328 1434 7 40 1328 1442 1 5 1334 1346 6 30 1336 1454 1 38 1345 1418 1 9 1400 1428 1 6 1422 1438 1 1 1430 1435 1 1 1440 1445 
43 6 99 76 312 11 125 104 340 1 14 149 188 5 70 172 292 1 17 277 323 1 6 299 318 1 29 336 390 17 131 343 603 9 105 351 585 11 91 429 663 3 17 519 588 8 82 546 724 10 59 595 798 7 52 599 753 13 139 602 875 10 119 634 834 11 123 708 943 13 109 745 968 14 112 833 1087 10 82 847 1006 10 94 889 1130 3 85 927 1117 7 39 938 1045 9 80 956 1164 12 66 969 1177 4 43 970 1080 5 35 1013 1133 2 16 1030 1073 12 123 1038 1278 10 102 1096 1280 4 46 1105 1202 8 81 1114 1328 6 49 1166 1308 5 81 1194 1362 4 24 1251 1323 1 10 1330 1370 3 32 1345 1459 4 37 1352 1449 2 17 1390 1429 3 21 1391 1441 2 27 1405 1454 1 2 1451 1458 1 1 1453 1458 
46 10 68 20 226 12 100 80 335 14 158 112 388 1 28 135 206 1 7 190 206 4 32 227 322 8 118 230 453 1 6 264 278 1 18 281 320 6 34 291 393 13 86 324 501 14 84 332 621 11 68 354 518 3 40 366 452 10 92 389 561 18 79 485 718 1 4 558 567 6 49 623 745 15 167 654 945 14 97 672 861 6 39 729 923 8 61 747 976 10 70 775 943 1 1 785 788 5 73 802 951 3 25 807 870 1 9 816 841 1 4 901 909 6 33 934 1014 9 50 981 1146 2 11 984 1026 9 74 1009 1233 12 79 1021 1212 12 85 1023 1231 8 126 1038 1252 1 8 1151 1166 1 2 1173 1180 2 17 1178 1210 1 22 1223 1263 7 86 1303 1443 3 21 1310 1373 2 7 1338 1369 5 37 1366 1451 2 20 1382 1451 2 11 1389 1435 1 4 1427 1438 
46 1 20 117 157 4 43 119 231 5 88 124 271 2 17 143 185 18 118 176 451 11 79 186 384 3 24 227 294 12 78 260 488 1 13 527 553 9 60 591 774 19 45 597 887 4 24 618 695 8 65 622 875 6 29 678 794 12 114 703 989 8 121 705 981 10 73 754 901 5 48 757 869 14 99 783 976 12 155 794 1074 11 86 825 1017 3 21 845 943 18 125 896 1178 16 120 904 1186 1 2 932 940 3 47 968 1068 2 23 983 1076 3 17 1010 1073 16 104 1014 1298 2 16 1136 1174 9 49 1232 1403 2 18 1238 1300 2 16 1244 1283 5 69 1264 1408 1 5 1264 1275 2 23 1273 1317 4 56 1310 1410 5 31 1332 1437 1 8 1338 1355 3 32 1352 1440 4 25 1362 1444 2 18 1368 1402 2 25 1381 1434 1 8 1423 1455 1 3 1424 1437 1 2 1451 1457 
40 9 49 17 187 1 11 30 55 15 111 186 435 2 27 225 328 10 49 229 464 1 12 265 298 4 45 339 475 3 51 349 433 3 21 355 419 5 45 439 592 12 61 483 664 7 53 582 743 7 47 588 707 4 32 626 732 14 85 632 881 1 15 661 701 13 126 664 946 18 107 666 925 6 53 706 829 8 42 758 924 10 103 789 989 2 22 827 868 9 62 868 1104 8 87 900 1109 10 33 939 1101 10 118 962 1210 18 131 973 1233 5 22 989 1086 8 26 1003 1206 14 156 1005 1285 16 91 1111 1356 2 26 1114 1167 13 146 1124 1368 7 65 1261 1449 1 7 1264 1283 2 18 1281 1334 2 30 1320 1386 1 14 1344 1369 5 28 1362 1445 2 14 1392 1440 
42 7 52 24 184 14 82 42 307 3 29 76 142 1 11 117 143 1 13 129 155 11 62 173 357 1 11 177 212 1 4 206 221 11 92 235 524 3 40 242 326 6 92 257 441 5 74 323 495 6 38 344 465 7 45 351 618 8 94 352 547 16 127 360 638 14 133 368 648 9 59 387 531 13 93 448 675 4 24 474 564 8 78 507 673 9 116 569 831 4 22 572 648 1 5 580 592 5 37 749 846 8 98 759 933 13 89 794 1074 3 23 848 916 1 19 874 909 3 17 886 930 4 28 924 1013 1 2 965 976 11 138 996 1223 7 42 1008 1123 8 40 1127 1248 19 96 1130 1398 11 127 1174 1402 16 136 1174 1431 1 3 1190 1208 5 25 1324 1408 1 7 1361 1383 1 7 1428 1446 
