10 176
16 23 60 57 181 9 24 178 249 63 84 262 533 63 85 266 533 47 85 498 715 67 124 630 943 40 102 839 1071 44 69 869 1033 23 59 950 1139 19 52 1011 1124 28 129 1083 1296 17 27 1096 1178 5 14 1372 1405 7 45 1388 1494 32 41 1453 1571 3 6 1555 1568 
15 52 107 87 365 63 131 248 538 12 23 287 341 19 24 317 388 51 162 338 597 29 51 559 709 26 42 624 758 64 124 636 948 26 40 636 783 33 36 640 773 37 94 861 1074 43 68 971 1172 33 105 1223 1506 11 23 1510 1580 1 2 1560 1567 
20 60 104 167 462 17 24 216 292 3 9 371 388 15 95 391 625 9 27 437 490 12 20 575 631 52 123 663 875 20 40 852 927 25 62 891 1037 3 18 897 932 57 70 1064 1271 20 71 1115 1257 8 33 1185 1247 45 98 1204 1513 43 43 1208 1351 42 102 1302 1495 29 85 1348 1530 10 46 1475 1575 10 10 1524 1555 4 10 1541 1563 
15 10 15 39 74 61 128 58 261 59 134 127 404 26 42 164 266 51 93 317 595 13 54 402 520 44 81 408 646 27 79 515 653 65 101 937 1172 4 12 977 1001 41 78 979 1204 25 49 1299 1408 28 57 1386 1489 11 34 1451 1530 19 39 1477 1559 
17 37 90 26 251 5 28 92 160 62 72 421 698 64 88 515 728 56 65 558 848 48 89 874 1167 51 73 945 1131 8 18 1051 1096 21 59 1166 1340 8 27 1184 1240 45 76 1293 1489 21 67 1303 1482 31 68 1318 1447 1 4 1332 1341 8 8 1357 1403 10 12 1380 1427 4 7 1557 1578 
20 18 25 50 120 20 44 122 224 21 38 161 274 46 100 225 433 36 72 418 627 54 144 445 749 18 40 487 580 43 85 524 797 49 73 594 876 9 37 616 703 1 1 751 756 14 28 926 1000 27 47 982 1105 5 14 1034 1064 36 134 1145 1434 41 189 1214 1453 7 11 1295 1321 11 31 1402 1479 12 41 1403 1477 22 26 1428 1525 
13 84 113 19 324 18 31 76 186 20 37 375 480 38 112 410 723 54 104 473 779 53 74 498 715 62 99 504 749 67 91 511 814 41 90 613 803 11 17 640 685 21 68 647 783 19 52 756 866 13 22 1218 1273 
20 62 92 40 337 28 48 146 258 39 96 186 380 14 64 527 646 7 81 717 994 10 24 757 817 7 8 826 857 6 8 990 1031 8 19 994 1038 11 42 1006 1089 53 119 1086 1383 77 91 1095 1355 38 93 1149 1453 54 175 1220 1519 40 87 1237 1442 4 10 1330 1352 3 11 1391 1419 2 6 1444 1457 12 19 1500 1568 6 18 1504 1547 
18 39 104 124 284 13 21 343 412 40 64 363 564 52 102 386 645 52 119 396 638 20 30 457 546 11 35 469 534 9 25 499 553 55 89 653 910 33 45 823 996 61 79 849 1121 12 22 901 951 8 14 907 948 8 18 938 992 57 147 1007 1276 28 93 1119 1295 30 31 1293 1417 2 3 1561 1573 
22 33 75 292 514 4 9 299 317 10 26 318 365 13 25 372 456 68 124 385 676 39 56 438 646 17 17 475 550 30 100 627 775 11 11 637 695 11 44 889 969 12 51 891 1001 12 36 897 964 10 11 1029 1066 48 51 1142 1293 24 86 1215 1369 37 44 1266 1474 39 63 1273 1486 1 41 1326 1431 52 88 1341 1582 10 25 1358 1430 1 2 1517 1535 1 1 1577 1580 
