10 110
16 1 1 287 290 32 32 382 479 2 3 385 392 36 44 527 664 42 59 625 753 37 107 808 1022 127 127 874 1141 65 112 1006 1208 57 74 1179 1390 78 136 1254 1544 25 45 1292 1414 2 3 1327 1333 22 22 1473 1546 8 8 1484 1508 5 7 1560 1575 2 2 1562 1570 
8 134 134 108 399 79 79 223 446 100 131 376 626 77 117 478 726 16 21 491 539 87 105 765 1006 21 44 1065 1149 27 43 1272 1346 
9 85 103 72 336 144 213 242 557 33 41 582 706 34 46 599 703 17 17 909 946 58 95 1061 1269 33 43 1064 1145 81 81 1358 1544 18 35 1456 1536 
10 39 46 10 100 85 113 108 416 8 20 190 227 148 148 810 1110 5 9 817 837 85 109 1064 1356 44 65 1081 1242 35 35 1221 1317 30 63 1379 1497 11 25 1526 1574 
9 112 112 0 217 94 94 49 270 20 30 269 326 19 24 292 341 39 89 580 824 133 133 772 1032 58 58 956 1118 41 46 1243 1384 8 9 1425 1450 
13 67 67 13 199 121 169 41 323 20 20 194 248 5 5 335 349 56 63 368 540 49 53 566 682 46 76 769 900 9 20 918 951 35 76 935 1079 96 122 939 1146 7 8 1228 1251 25 42 1450 1524 28 32 1475 1558 
12 82 82 194 353 104 133 233 511 13 17 284 325 40 40 443 538 1 1 481 485 18 21 484 545 118 131 485 799 24 24 560 649 92 92 838 1003 40 50 1322 1521 8 15 1540 1571 7 7 1554 1573 
11 90 90 550 813 51 67 692 841 38 48 703 800 30 34 851 923 51 55 866 1048 62 63 889 1037 60 60 1177 1350 81 81 1411 1583 15 15 1442 1483 17 22 1452 1497 47 47 1480 1563 
11 64 64 4 184 16 16 279 311 61 140 343 606 46 80 580 719 59 59 610 742 34 78 788 986 113 113 849 1104 15 24 903 963 30 30 1101 1173 36 42 1159 1251 23 23 1481 1540 
11 1 3 54 60 37 44 126 225 13 15 160 200 75 102 358 549 78 88 661 879 30 62 765 894 7 7 1080 1104 64 77 1258 1431 85 91 1332 1548 88 88 1353 1551 13 13 1515 1548 
