10 92
8 17 17 80 160 59 79 114 399 33 39 216 356 24 32 469 621 9 17 472 533 19 19 651 762 38 38 773 928 61 61 1026 1283 
11 46 76 13 250 12 15 105 181 32 61 248 453 18 29 298 478 10 10 449 499 25 39 542 684 1 1 705 708 20 20 714 820 48 48 1178 1352 41 41 1291 1461 12 24 1346 1424 
9 63 63 62 346 26 38 176 315 52 68 448 736 42 90 853 1143 1 1 891 894 41 71 1194 1408 21 28 1227 1347 7 10 1271 1309 7 9 1409 1454 
10 26 28 20 132 32 82 50 261 28 49 193 363 11 18 212 282 50 50 507 752 29 39 776 926 34 44 826 1051 20 29 891 1001 22 27 1120 1250 15 20 1161 1231 
9 25 25 41 166 24 25 236 352 13 28 346 448 51 71 582 859 53 53 673 862 58 58 765 1045 32 74 1019 1231 17 24 1196 1336 2 4 1253 1274 
7 23 44 130 299 41 71 134 394 50 75 352 574 13 17 749 815 41 59 816 1070 66 66 860 1115 58 62 1182 1449 
10 29 57 85 240 40 54 128 304 37 45 173 360 59 65 380 651 24 24 406 512 30 32 652 815 2 2 705 715 10 15 747 793 18 28 811 963 7 20 1276 1342 
10 47 81 84 335 34 51 542 764 10 10 756 808 9 9 810 848 28 53 856 1076 29 31 1036 1169 47 47 1083 1288 47 47 1191 1409 19 29 1212 1298 15 23 1337 1419 
11 40 71 130 370 21 30 311 488 28 29 382 530 15 15 520 599 34 63 861 1077 34 34 862 985 23 72 962 1167 23 32 1034 1148 25 25 1295 1452 15 37 1321 1460 8 14 1341 1400 
7 75 82 34 313 54 54 462 728 33 37 524 670 53 53 533 692 8 9 559 608 35 54 1081 1271 4 4 1279 1305 
