10 69
6 40 77 673 844 17 36 704 782 9 9 775 823 51 78 907 1154 55 78 912 1164 2 10 1164 1189 
6 65 93 240 488 6 13 415 447 33 36 654 812 19 147 934 1178 11 13 1186 1231 5 8 1222 1243 
8 48 65 171 424 4 9 257 279 28 55 413 574 8 21 556 627 56 136 692 940 25 98 984 1175 4 6 1264 1290 3 7 1303 1328 
7 3 7 40 55 56 63 598 799 20 48 920 1034 6 13 997 1026 40 63 1015 1182 4 4 1023 1043 31 97 1093 1266 
5 45 56 757 988 1 3 842 853 45 90 969 1168 21 64 1183 1314 24 32 1198 1320 
8 13 23 241 307 62 79 386 577 29 66 577 717 24 39 721 831 19 32 886 970 1 1 1080 1084 2 2 1146 1160 3 9 1285 1311 
6 8 20 227 272 62 62 408 671 33 70 460 624 14 51 1015 1131 1 2 1068 1075 27 72 1109 1263 
5 19 35 279 369 30 70 650 815 55 101 737 999 53 115 843 1104 28 54 889 1020 
10 62 78 54 266 3 6 72 94 6 20 112 164 22 54 137 241 2 9 817 837 41 48 839 985 21 38 847 1002 4 9 988 1014 20 35 995 1098 7 27 1239 1297 
8 3 8 100 120 29 61 101 224 37 49 139 294 20 24 427 499 4 38 811 907 3 9 971 990 52 64 1075 1287 30 69 1182 1331 
