10 189
19 20 31 68 146 72 112 234 540 38 38 235 440 29 86 403 596 6 16 471 503 25 46 558 675 70 99 726 980 16 31 794 883 9 12 803 850 38 82 827 1069 16 37 865 948 8 19 882 992 21 40 989 1084 36 68 1000 1165 11 48 1031 1132 24 50 1136 1237 21 21 1347 1456 36 55 1375 1528 1 5 1450 1458 
23 29 45 186 290 27 63 235 374 5 8 330 348 5 11 513 548 29 63 530 640 38 99 547 792 2 3 553 564 3 6 627 645 15 44 678 775 25 47 719 883 66 128 733 1014 1 4 819 827 21 34 976 1063 4 8 986 1010 67 87 1011 1285 5 20 1077 1120 18 49 1128 1214 21 57 1195 1362 25 41 1263 1367 28 126 1291 1486 11 29 1367 1409 39 39 1378 1529 5 6 1455 1473 
22 14 34 27 111 16 24 35 148 39 79 75 331 25 80 76 237 27 83 215 396 17 113 299 513 4 16 326 363 39 92 388 614 2 6 402 422 58 119 480 774 27 55 487 612 32 135 487 756 15 41 512 604 14 33 577 648 11 11 621 664 1 1 654 657 18 101 715 912 35 90 801 949 9 19 1026 1096 54 156 1065 1332 48 151 1105 1384 1 3 1451 1458 
15 91 126 34 339 40 81 283 505 27 70 285 458 28 56 304 426 64 89 500 776 27 44 637 734 33 117 655 956 54 104 886 1125 61 119 1032 1326 29 99 1157 1353 16 29 1411 1482 14 40 1421 1522 9 38 1443 1512 5 9 1456 1487 5 5 1515 1535 
22 57 133 32 340 40 75 59 225 19 38 71 158 16 39 87 161 45 116 272 529 24 98 307 487 12 17 398 472 2 4 412 425 14 23 521 582 44 83 531 742 11 24 585 636 11 31 723 795 11 12 734 787 25 104 918 1146 15 34 950 1031 64 131 1127 1392 22 31 1137 1233 16 44 1276 1385 1 4 1343 1352 22 30 1417 1497 17 25 1445 1519 1 2 1506 1512 
16 78 136 104 374 12 12 274 333 53 119 339 612 35 36 357 516 8 21 397 440 10 18 473 539 57 106 826 1121 14 15 884 945 72 116 945 1241 22 60 959 1076 48 94 966 1235 24 93 1062 1275 32 95 1128 1343 11 17 1295 1356 34 34 1427 1540 1 4 1476 1485 
15 15 54 137 240 21 21 257 355 53 68 405 585 108 136 574 880 25 59 593 762 11 19 597 639 34 93 611 839 53 136 614 906 16 45 618 720 43 111 628 917 47 91 779 988 8 12 1110 1170 21 35 1283 1415 32 94 1308 1519 1 4 1528 1535 
15 47 89 44 279 60 112 140 422 54 76 184 406 72 97 193 491 33 72 388 590 59 125 460 709 11 24 603 658 44 105 646 862 11 47 656 739 28 38 719 860 12 33 796 866 27 103 897 1087 2 6 1089 1103 33 51 1292 1486 7 13 1399 1428 
23 23 55 4 105 42 87 74 289 46 101 108 310 18 40 153 239 38 72 210 364 46 96 220 437 12 21 331 430 12 40 535 605 2 2 545 555 57 125 581 808 6 9 659 686 55 65 733 928 20 29 814 891 24 41 909 1041 1 3 1044 1052 21 38 1086 1183 20 52 1115 1245 67 80 1198 1431 10 13 1217 1273 7 14 1246 1298 1 2 1372 1378 7 17 1394 1431 1 2 1528 1536 
19 31 45 78 201 39 39 104 213 30 85 122 318 25 36 130 266 6 8 132 165 14 29 210 261 19 56 243 369 37 79 309 452 25 54 324 460 14 53 527 654 33 68 564 742 58 96 684 972 73 73 734 1012 39 108 796 1101 15 17 1028 1103 20 57 1223 1346 28 102 1225 1397 3 11 1452 1473 1 1 1496 1499 
