10 451
36 10 93 23 208 7 55 56 195 17 96 58 340 3 37 66 147 4 24 73 145 11 87 105 300 6 58 144 325 6 41 175 355 15 91 191 456 2 31 237 293 8 65 252 502 6 42 269 375 14 65 298 494 10 90 334 528 7 91 340 532 7 48 341 526 10 67 412 626 7 84 514 647 5 54 633 730 12 51 640 830 1 12 724 752 7 101 763 959 1 4 834 842 9 70 838 996 5 23 915 1011 8 55 947 1082 6 63 993 1159 8 82 1002 1184 13 80 1008 1267 1 5 1031 1051 3 21 1053 1117 8 102 1110 1329 7 49 1193 1345 3 48 1211 1301 2 13 1376 1409 1 5 1406 1422 
47 14 97 10 254 3 11 43 98 7 58 87 263 3 21 111 193 1 3 112 120 1 10 171 203 5 41 182 302 8 44 214 342 2 47 242 348 3 12 247 293 3 42 253 380 2 12 288 334 2 17 346 401 13 85 386 635 5 47 386 484 4 52 390 463 4 59 512 644 6 63 515 657 6 106 575 736 9 33 579 735 10 51 584 795 7 41 603 701 12 88 628 861 14 109 639 906 7 45 699 850 9 74 746 933 10 59 766 950 1 4 768 775 7 37 825 988 4 33 867 980 2 16 999 1057 18 91 1093 1366 1 14 1136 1167 5 69 1205 1345 1 2 1226 1232 9 54 1230 1406 7 74 1241 1415 2 12 1256 1311 7 56 1263 1393 2 48 1285 1411 5 14 1317 1403 1 11 1320 1351 5 33 1327 1412 1 6 1368 1382 1 2 1401 1406 1 5 1413 1423 1 1 1420 1423 
52 1 15 20 70 4 46 27 122 10 80 41 276 9 74 79 272 1 3 89 97 1 24 100 150 5 40 121 271 3 39 155 226 16 122 166 426 1 15 276 316 1 19 318 366 2 25 327 406 4 30 342 432 3 35 382 454 10 113 440 693 1 2 482 487 11 139 505 790 3 49 528 628 2 14 536 580 5 52 576 691 5 28 605 687 2 30 628 693 11 71 687 882 5 74 693 811 7 102 728 995 8 49 730 889 8 56 761 924 2 17 765 808 3 20 785 844 4 36 788 882 1 6 837 848 2 21 872 935 8 135 909 1162 6 52 924 1081 5 28 962 1047 8 84 994 1198 6 45 1021 1134 17 70 1068 1320 1 5 1075 1100 8 69 1123 1269 6 42 1131 1228 10 121 1171 1353 4 79 1171 1320 5 45 1179 1317 4 47 1203 1310 1 1 1222 1228 5 37 1285 1416 1 16 1379 1417 1 2 1381 1392 1 2 1393 1399 1 1 1408 1412 1 4 1410 1424 
48 7 53 62 228 1 6 100 117 12 108 169 421 2 53 172 281 2 19 187 245 3 27 194 274 7 55 238 363 7 179 276 547 18 75 278 557 5 56 297 445 9 43 445 601 6 48 456 564 7 101 553 749 1 13 562 590 3 59 597 742 10 68 676 888 5 31 715 820 3 44 768 871 1 12 771 799 11 109 787 1010 4 18 798 894 8 93 831 1044 10 65 840 1038 5 65 943 1086 1 20 945 993 10 44 961 1124 10 124 964 1235 8 118 983 1237 11 67 1007 1215 4 38 1088 1187 3 38 1141 1217 4 87 1163 1376 1 15 1169 1216 10 70 1174 1350 6 59 1180 1294 6 66 1196 1337 2 33 1217 1279 4 41 1247 1333 6 42 1253 1365 4 23 1258 1337 2 25 1265 1321 3 23 1283 1358 4 23 1351 1421 1 9 1355 1377 1 7 1373 1393 1 4 1409 1420 1 4 1410 1419 1 1 1419 1422 
50 6 76 11 198 16 141 92 339 11 79 117 309 2 14 137 181 6 93 142 343 1 11 171 203 2 33 235 281 2 21 280 323 6 56 340 486 13 92 357 584 11 84 363 535 1 12 367 399 6 61 462 569 13 77 466 671 6 68 497 688 6 50 499 611 5 67 512 636 7 67 534 673 4 90 567 801 2 11 636 678 6 52 640 758 6 19 677 778 5 64 703 881 2 23 734 799 5 49 840 938 9 77 891 1149 3 35 906 1011 2 9 918 962 1 1 934 942 1 7 963 984 1 8 1044 1072 8 94 1074 1278 1 10 1101 1125 1 8 1114 1154 10 77 1124 1294 15 80 1133 1395 5 64 1138 1310 6 92 1145 1359 5 51 1147 1272 2 23 1180 1235 1 6 1181 1200 6 87 1210 1379 2 79 1216 1370 2 23 1250 1294 8 57 1259 1385 1 21 1294 1341 4 25 1353 1416 2 11 1374 1401 1 6 1397 1410 1 1 1416 1420 
43 10 63 19 217 6 83 38 238 1 20 69 119 14 124 73 329 1 9 149 170 1 7 200 230 3 17 210 257 4 57 313 408 14 23 347 575 1 8 368 389 1 1 374 377 9 121 439 702 16 163 488 761 1 9 550 574 9 85 586 791 14 133 645 925 3 31 650 739 9 39 669 817 5 60 670 788 1 10 686 712 5 30 750 840 6 56 758 898 16 159 779 1057 1 14 782 812 4 30 832 921 11 71 837 1057 8 127 860 1126 6 29 872 1033 12 92 882 1081 11 119 1045 1275 4 29 1081 1151 13 55 1170 1393 7 71 1172 1305 4 38 1185 1275 5 45 1194 1331 2 31 1274 1354 2 6 1292 1330 2 16 1318 1369 2 21 1328 1381 1 8 1363 1381 1 5 1364 1385 1 2 1376 1382 1 1 1393 1396 
44 4 50 30 163 17 135 76 318 11 63 92 319 2 28 113 157 6 31 175 283 1 14 188 221 3 32 216 311 2 9 226 265 14 119 306 538 1 3 317 327 8 72 340 592 2 12 360 403 3 21 375 444 1 50 384 470 1 20 395 435 10 85 426 614 18 88 471 727 4 72 516 721 5 29 517 587 11 76 573 835 9 86 585 759 6 58 616 790 3 31 617 694 7 45 619 777 12 78 689 880 9 98 696 926 3 49 713 828 13 79 719 943 10 67 731 986 2 21 809 868 7 34 867 960 3 29 886 963 1 23 940 987 9 120 941 1214 8 88 973 1146 7 45 1013 1153 7 63 1102 1238 2 19 1103 1154 1 6 1249 1263 1 3 1302 1313 2 19 1324 1394 1 2 1355 1362 1 11 1378 1402 1 6 1402 1425 
47 8 87 6 185 1 14 10 45 3 34 23 104 9 97 42 223 12 103 67 267 9 44 219 369 3 36 243 327 1 9 401 420 11 32 404 601 4 52 434 527 13 93 516 727 3 48 547 650 4 40 555 691 2 8 603 630 8 87 629 883 3 51 638 793 2 11 643 686 1 7 670 692 3 44 701 803 1 21 716 751 7 53 720 841 2 7 721 753 15 68 748 977 12 79 777 1001 9 78 791 976 9 91 847 1037 3 12 857 917 2 20 893 937 5 55 906 1058 5 53 921 1086 13 109 939 1191 10 83 982 1241 2 20 997 1058 6 79 1060 1246 5 80 1079 1224 14 102 1151 1406 10 90 1164 1376 7 57 1191 1354 1 14 1250 1283 2 39 1256 1316 2 19 1318 1365 1 11 1326 1347 1 3 1332 1340 1 2 1339 1347 1 18 1370 1410 1 7 1380 1398 1 1 1381 1386 
42 11 80 9 212 8 60 13 240 3 21 44 110 6 46 52 209 5 32 255 360 2 36 303 372 14 108 312 546 15 156 323 607 4 45 360 489 11 87 393 579 11 72 403 614 2 21 448 498 8 56 487 617 15 87 493 749 3 26 545 635 9 97 661 892 1 9 692 722 6 55 693 818 1 13 701 730 8 123 771 1049 1 26 797 880 4 21 804 877 10 68 805 1054 18 122 813 1042 6 81 916 1087 13 77 923 1153 2 23 1015 1061 6 39 1032 1165 1 13 1064 1101 3 31 1067 1134 14 100 1129 1381 6 62 1136 1252 3 15 1138 1200 10 64 1144 1379 1 8 1163 1182 9 52 1166 1351 5 46 1269 1382 2 18 1280 1356 1 7 1329 1347 1 13 1346 1377 2 20 1370 1417 1 18 1386 1421 
42 6 70 13 144 8 88 108 273 1 8 179 215 1 15 194 222 3 31 211 272 1 2 213 218 11 114 256 485 2 41 292 379 1 3 340 347 9 92 392 578 8 76 500 745 16 117 553 831 1 2 555 561 11 99 561 771 21 164 602 865 5 36 646 756 17 90 675 927 10 66 709 908 1 18 727 777 2 23 785 830 3 24 788 868 1 6 801 823 16 144 822 1106 10 49 871 1123 1 4 874 883 3 20 900 960 13 102 924 1200 1 2 967 978 12 85 980 1171 2 33 983 1056 9 98 1007 1196 4 35 1008 1130 7 92 1061 1333 11 79 1098 1342 12 96 1108 1294 3 19 1157 1249 4 33 1232 1314 3 33 1242 1327 1 24 1250 1311 1 14 1358 1387 1 5 1379 1397 1 3 1415 1424 
