10 40
5 26 39 431 535 50 68 574 729 27 27 771 845 24 25 1000 1070 44 50 1177 1282 
3 53 53 509 634 42 53 649 781 57 66 1078 1237 
4 10 15 422 459 88 110 917 1152 49 49 952 1095 30 34 1211 1290 
2 51 55 711 855 86 87 849 1062 
3 26 29 780 880 43 72 802 965 63 63 950 1080 
5 26 32 201 290 56 91 822 982 13 13 960 990 40 59 1000 1147 16 19 1030 1092 
4 32 33 239 340 47 49 686 800 53 70 975 1172 14 14 1235 1264 
5 12 21 3 52 29 34 333 444 34 46 960 1053 40 103 1019 1209 14 14 1171 1202 
4 26 37 212 308 48 49 428 567 84 84 756 929 4 4 852 866 
5 32 38 300 384 45 67 365 514 52 75 367 540 12 16 571 612 1 1 1282 1285 
