10 61
7 30 38 259 367 24 46 294 486 10 21 469 511 39 81 1012 1191 4 8 1232 1251 16 25 1234 1294 8 18 1255 1301 
5 4 10 232 257 24 68 611 735 57 111 686 932 29 77 809 992 14 22 1075 1137 
3 61 121 861 1121 14 76 930 1092 54 91 1068 1288 
6 2 6 346 360 31 92 362 560 2 2 433 441 30 69 788 992 43 135 1087 1291 43 53 1088 1296 
7 13 43 165 253 20 34 410 479 37 41 521 643 40 40 638 777 18 18 1059 1139 1 4 1262 1272 5 9 1281 1304 
10 5 19 34 67 15 38 208 283 12 30 236 313 28 77 357 483 51 90 819 1047 9 18 1121 1168 3 8 1253 1278 4 17 1254 1288 1 6 1292 1303 1 2 1296 1304 
5 56 151 607 856 42 154 715 968 19 40 837 925 40 47 845 981 4 6 1198 1217 
8 28 71 10 200 14 35 585 774 7 26 617 667 21 30 752 846 15 25 800 896 59 90 868 1122 8 14 881 915 1 2 1243 1248 
5 46 113 19 273 10 29 178 233 12 28 397 481 12 30 608 672 54 82 725 936 
5 37 105 34 293 31 33 444 626 33 83 487 700 27 48 895 1016 8 21 1154 1205 
