10 109
10 2 3 317 324 64 79 571 734 44 54 592 793 51 76 721 907 35 35 748 852 18 36 823 877 104 124 1173 1462 126 126 1243 1537 23 34 1316 1417 1 2 1540 1544 
13 132 132 106 347 68 68 173 354 5 8 181 199 96 96 569 839 30 36 688 804 51 62 749 894 79 97 757 1050 74 125 1241 1522 16 20 1365 1406 4 4 1385 1397 5 5 1429 1442 3 5 1479 1493 1 1 1527 1531 
10 40 52 57 191 76 89 271 545 4 4 290 301 37 57 651 757 21 26 721 814 106 106 721 1000 60 122 772 1050 40 40 1087 1254 12 12 1230 1282 68 68 1388 1525 
14 40 82 36 204 13 21 320 383 47 51 511 659 2 3 585 592 52 94 778 1010 72 72 915 1077 42 42 925 1030 58 62 930 1094 31 36 1286 1365 28 46 1318 1416 19 25 1369 1424 57 60 1395 1530 10 12 1441 1479 26 35 1456 1526 
9 73 73 641 847 98 98 741 1021 22 51 766 889 59 74 1186 1365 81 81 1209 1452 64 64 1228 1394 15 25 1233 1295 92 92 1318 1503 6 13 1417 1441 
11 52 68 34 172 66 66 572 719 13 13 718 757 62 62 725 863 94 94 945 1198 65 65 1185 1370 38 75 1277 1424 41 52 1378 1497 52 52 1436 1531 4 4 1449 1459 4 4 1454 1463 
10 29 75 48 261 24 29 283 360 94 94 309 530 54 54 357 487 44 59 421 548 14 15 658 705 117 117 731 964 40 53 970 1058 125 133 1092 1367 41 41 1427 1540 
15 17 17 99 135 10 13 140 160 56 89 146 390 98 146 152 454 98 118 262 544 1 1 406 409 28 28 544 614 61 73 644 827 33 35 929 1014 5 5 973 990 59 59 1315 1485 13 15 1316 1365 25 33 1418 1490 19 27 1451 1509 23 23 1492 1542 
9 5 17 21 49 63 67 43 236 74 74 378 584 140 140 475 769 17 28 548 619 61 61 637 793 19 32 922 991 88 100 1070 1310 1 1 1318 1322 
8 113 113 220 498 59 68 401 584 42 42 601 755 3 6 633 649 107 107 710 997 57 64 997 1128 96 96 1221 1460 24 72 1361 1512 
