10 72
5 141 141 380 665 1 2 445 450 24 24 817 862 132 156 1054 1326 32 63 1144 1264 
7 18 19 87 129 80 132 255 530 106 106 353 576 10 32 597 653 62 62 696 911 10 12 1047 1073 16 16 1067 1112 
7 42 66 118 319 54 74 461 655 31 47 571 663 92 100 757 974 22 27 794 887 68 130 853 1127 4 7 1405 1418 
8 28 28 28 96 21 26 579 672 25 25 1029 1104 43 66 1039 1200 75 75 1201 1368 71 71 1239 1402 33 33 1289 1369 34 38 1309 1407 
9 94 99 34 289 10 14 121 153 24 26 185 272 29 45 243 419 60 60 636 804 19 22 736 797 41 41 796 875 5 12 903 925 11 15 1301 1334 
9 47 47 155 328 96 96 241 459 8 10 462 485 68 90 729 961 64 64 941 1132 12 12 965 990 42 42 1221 1300 10 10 1356 1382 12 12 1369 1396 
7 101 101 188 460 8 10 215 244 2 3 655 663 86 100 705 960 58 62 1153 1303 20 20 1221 1281 1 1 1408 1411 
4 51 66 256 421 101 101 316 492 83 89 1083 1278 46 98 1225 1413 
7 30 35 246 345 79 79 277 465 67 112 369 583 72 144 931 1188 38 38 938 1063 23 23 1303 1368 4 5 1373 1386 
9 20 31 223 316 49 49 289 396 23 23 342 418 77 87 599 796 71 79 772 1000 50 79 838 996 22 22 852 938 4 4 1315 1328 6 6 1360 1374 
