10 103
13 8 8 9 37 31 64 13 230 25 25 262 373 18 23 271 358 43 49 575 787 7 9 601 632 13 15 827 888 29 44 896 1085 60 60 974 1214 29 54 991 1262 12 16 1245 1312 6 11 1334 1368 8 12 1368 1410 
7 57 61 368 597 40 40 549 743 66 67 721 991 9 15 861 930 28 28 893 1022 57 57 951 1124 59 63 1111 1357 
12 7 10 107 146 9 9 178 223 41 41 428 591 26 66 523 709 31 51 550 708 12 19 783 858 48 48 811 1028 31 70 823 1064 10 28 858 961 4 4 1027 1051 36 37 1150 1289 18 38 1188 1338 
10 39 51 62 215 26 69 117 347 46 108 141 418 6 6 343 369 12 14 433 492 21 37 550 731 52 52 776 971 68 68 872 1142 19 32 1266 1394 8 8 1272 1320 
9 25 37 210 362 29 29 233 375 42 49 444 633 47 52 658 936 50 50 876 1127 43 56 879 1122 15 36 1012 1139 49 54 1015 1214 1 2 1393 1404 
12 14 14 10 62 46 46 18 212 30 30 175 326 23 75 377 621 26 36 524 639 36 36 735 916 13 20 793 864 15 15 900 946 23 39 955 1080 46 57 983 1179 15 23 1144 1236 1 1 1415 1418 
9 39 43 357 510 31 36 634 805 46 62 778 1044 43 93 850 1089 29 29 966 1110 54 54 1069 1245 39 57 1131 1415 7 7 1337 1364 2 2 1392 1406 
14 26 40 8 167 1 4 17 29 1 1 38 45 20 32 214 381 36 51 409 592 50 64 548 779 2 3 674 689 16 23 793 865 29 32 812 942 16 17 905 977 25 26 1016 1114 24 54 1083 1338 6 12 1138 1179 9 16 1294 1336 
8 45 81 142 408 43 43 221 404 8 8 474 517 31 39 691 831 60 72 1048 1317 49 57 1107 1322 22 28 1287 1380 21 21 1340 1418 
9 20 20 41 126 37 44 458 630 37 43 608 832 47 59 657 886 3 7 679 696 62 87 921 1198 23 31 961 1093 25 55 1166 1359 8 9 1280 1323 
