10 124
12 35 104 91 289 14 40 104 176 49 110 370 650 70 73 555 840 2 17 561 585 68 89 836 1105 45 57 895 1077 4 5 1089 1113 34 104 1102 1329 4 8 1381 1404 2 4 1401 1410 1 2 1414 1419 
9 60 110 56 286 25 57 121 234 32 53 141 291 16 56 161 351 25 51 907 1073 19 55 1057 1214 60 60 1073 1326 23 67 1223 1363 22 43 1289 1406 
12 12 37 85 179 3 7 203 219 1 4 265 277 31 99 283 479 41 93 310 529 15 36 340 434 55 55 526 734 25 45 624 741 64 91 650 856 22 30 703 807 27 63 735 871 20 39 1003 1075 
12 5 5 160 187 42 68 331 506 27 52 381 502 6 9 385 412 34 65 502 655 28 42 544 696 48 87 604 820 21 47 913 1073 29 102 1148 1396 1 2 1153 1159 32 41 1201 1353 10 29 1273 1334 
13 46 134 29 264 25 76 30 209 28 64 50 181 1 4 393 404 3 8 574 598 40 75 607 777 13 21 617 694 16 54 879 1014 45 68 889 1103 15 15 964 1056 47 111 1156 1399 10 10 1352 1403 1 2 1406 1413 
11 36 73 177 335 19 37 235 314 24 68 450 636 27 32 492 607 32 63 640 776 69 111 929 1123 19 57 942 1091 36 53 1055 1216 2 9 1219 1238 16 23 1238 1315 4 13 1338 1368 
14 12 51 142 233 30 101 222 458 41 46 244 414 13 18 342 387 14 31 381 456 26 65 480 656 46 53 581 808 2 4 668 684 1 1 740 743 51 51 792 942 41 130 1137 1378 23 93 1193 1351 4 11 1356 1377 1 2 1416 1421 
12 51 81 156 407 12 21 292 363 3 7 303 320 22 40 480 575 63 126 634 887 18 33 641 732 14 30 805 919 19 45 861 947 35 61 1073 1242 15 33 1191 1278 1 2 1235 1241 33 45 1272 1386 
16 2 27 54 187 14 39 98 174 9 12 156 196 2 3 400 410 6 12 422 450 15 33 444 564 24 54 534 729 38 80 621 828 52 118 736 991 1 3 791 802 15 46 946 1040 10 18 1044 1087 23 61 1055 1164 57 82 1100 1312 10 15 1235 1282 29 58 1301 1423 
13 7 18 174 220 56 101 217 469 1 1 346 350 45 45 377 526 1 1 741 746 70 90 754 1014 1 2 897 904 3 8 973 995 39 116 1071 1338 30 56 1077 1224 41 100 1162 1417 4 7 1383 1403 2 2 1414 1424 
