10 247
21 6 72 71 204 13 96 162 369 14 99 220 479 2 23 372 451 3 24 377 433 5 84 480 626 1 26 533 602 6 36 627 762 12 95 667 892 3 15 701 751 4 36 719 829 2 9 726 753 4 19 757 838 10 101 830 1052 8 83 859 1058 2 25 885 933 7 83 923 1091 7 58 928 1070 6 47 1095 1234 3 24 1194 1246 1 5 1287 1300 
27 2 88 44 184 4 34 65 167 7 38 116 243 2 13 168 202 17 66 186 435 11 70 209 415 17 74 312 520 1 9 376 393 1 5 383 404 2 15 529 580 1 4 538 553 1 27 539 615 1 7 581 609 4 44 633 743 4 47 695 782 8 64 722 879 1 17 730 781 2 25 793 852 6 63 809 945 10 111 980 1235 4 40 1005 1094 2 32 1058 1125 2 14 1119 1170 1 27 1136 1193 2 13 1163 1204 3 26 1219 1275 1 6 1266 1284 
25 15 82 18 235 1 17 78 126 8 77 158 346 17 69 160 410 1 5 235 250 2 45 305 395 1 5 318 332 4 79 328 472 5 31 357 451 11 86 550 738 2 37 680 768 9 47 723 940 2 20 763 816 10 135 908 1147 3 44 966 1049 10 29 990 1168 6 65 991 1140 4 46 1122 1196 1 20 1205 1240 1 4 1218 1240 3 22 1220 1287 1 1 1223 1226 1 7 1236 1253 1 7 1274 1292 1 7 1281 1300 
27 2 26 4 71 8 60 36 257 16 73 61 319 3 42 175 269 2 11 183 224 2 13 328 369 3 35 425 484 3 51 533 648 3 53 639 764 6 51 769 885 10 70 779 933 1 12 801 836 4 64 825 951 12 115 852 1106 2 23 892 950 10 123 906 1167 10 60 920 1150 1 2 1043 1050 6 52 1160 1287 5 32 1163 1260 3 45 1173 1264 4 34 1187 1295 1 10 1207 1229 1 13 1242 1276 1 13 1251 1283 1 1 1256 1261 1 1 1294 1297 
20 1 27 17 71 6 62 66 191 8 103 69 304 4 33 338 424 6 39 339 454 12 70 406 571 4 40 433 543 1 1 521 524 12 84 580 823 9 81 580 786 15 97 591 849 1 9 632 651 6 82 692 911 2 16 792 837 4 36 815 914 1 8 837 853 15 95 860 1089 2 24 924 975 8 49 1102 1244 6 49 1114 1228 
30 1 4 32 41 12 96 66 305 2 6 118 169 1 10 121 151 6 38 161 318 5 28 190 283 2 103 199 393 1 11 235 273 1 10 271 306 12 63 283 446 1 11 476 504 2 20 498 541 6 41 510 652 7 114 611 845 2 25 649 699 4 30 710 804 4 44 761 893 13 87 824 1046 2 24 849 899 6 58 947 1042 8 54 1025 1184 1 9 1026 1060 2 13 1055 1094 7 113 1073 1266 1 4 1144 1152 8 55 1158 1284 2 11 1186 1234 1 2 1192 1202 1 5 1283 1296 1 1 1288 1293 
26 7 107 44 250 5 48 70 230 9 95 149 362 5 29 165 296 6 59 321 429 8 75 390 636 4 38 402 485 1 11 513 546 5 37 514 713 8 54 603 733 6 56 692 818 8 64 718 868 7 37 730 906 8 73 737 959 3 29 782 848 1 7 786 813 1 5 876 889 1 3 880 893 1 1 933 936 4 60 977 1113 5 44 980 1096 1 9 1012 1032 9 61 1026 1226 1 23 1132 1177 2 11 1151 1188 3 22 1218 1273 
32 5 49 106 260 1 3 127 137 1 4 145 157 2 30 204 257 1 3 208 216 3 28 226 316 13 93 273 515 1 4 356 365 2 14 441 485 2 12 441 496 2 25 463 520 1 5 569 590 6 47 573 701 4 30 584 669 4 32 673 773 3 25 717 773 7 42 727 820 9 55 754 921 1 12 944 964 14 44 950 1162 10 85 962 1130 11 90 984 1236 1 13 1051 1083 1 1 1052 1055 2 23 1063 1109 1 11 1109 1134 1 3 1130 1142 1 13 1139 1164 1 5 1140 1165 2 36 1235 1301 1 3 1290 1298 1 1 1302 1306 
21 14 74 24 258 1 7 47 60 3 17 104 150 12 75 120 293 7 47 332 544 9 51 421 542 1 4 465 479 2 37 503 595 14 91 557 763 5 47 633 719 4 61 676 822 8 43 707 835 7 40 819 981 3 41 880 970 12 115 924 1176 5 86 935 1173 1 13 1159 1193 2 25 1175 1233 2 11 1184 1225 2 24 1208 1283 4 30 1225 1306 
18 5 47 152 253 15 73 156 390 5 34 231 345 3 12 276 330 8 69 318 487 14 89 376 629 8 72 385 584 4 25 400 480 10 18 452 653 7 45 563 701 14 66 765 980 1 1 869 872 7 53 896 1015 4 57 960 1088 13 65 968 1143 2 23 1044 1090 3 26 1122 1216 1 12 1235 1261 
