10 56
7 7 11 72 114 22 43 379 487 32 49 620 791 12 14 693 755 41 41 993 1174 22 44 1160 1302 7 7 1179 1225 
4 46 46 119 296 15 20 197 260 50 50 225 460 33 60 1003 1177 
6 3 4 463 481 46 46 516 747 36 36 533 730 18 18 769 863 29 37 911 1044 9 21 1180 1305 
7 25 25 328 446 55 55 452 694 5 5 493 517 13 16 494 567 54 71 883 1107 8 9 1235 1270 1 1 1270 1276 
5 39 47 231 417 8 11 296 335 35 48 327 507 32 32 764 891 6 6 1264 1306 
5 44 44 209 365 23 27 241 356 38 42 429 575 15 17 663 744 14 16 835 894 
3 37 56 183 352 55 55 308 513 43 53 566 803 
5 31 31 416 558 1 1 600 605 45 45 733 946 22 22 875 953 20 20 933 1019 
9 3 3 85 100 13 15 284 362 28 29 353 503 4 5 438 460 26 53 681 876 28 44 728 927 1 1 1031 1044 1 1 1122 1128 17 22 1151 1262 
5 32 55 22 230 34 72 419 650 26 65 539 707 40 47 540 760 6 11 1244 1295 
