10 177
20 36 80 15 274 11 12 24 79 48 48 29 219 41 62 64 310 64 75 110 369 5 5 262 298 21 21 388 474 72 72 497 767 18 24 558 647 14 29 600 748 29 42 786 920 9 9 863 915 38 38 913 1050 22 32 932 1079 3 4 1169 1188 8 21 1232 1301 14 23 1342 1431 24 24 1426 1512 3 3 1500 1515 1 2 1532 1540 
13 34 58 46 246 12 12 56 111 54 68 71 299 18 18 266 353 13 22 457 523 58 58 598 854 64 65 610 850 69 85 952 1247 77 94 1050 1351 46 46 1233 1429 44 44 1285 1443 7 8 1411 1448 3 3 1440 1459 
18 14 20 6 80 48 78 18 289 15 15 38 96 9 16 40 102 20 29 66 184 27 27 77 210 23 30 382 503 8 9 543 583 51 51 664 850 8 8 696 741 42 42 720 921 55 73 736 964 42 88 755 975 17 42 908 1038 70 70 950 1211 21 21 954 1054 5 6 1133 1156 1 1 1525 1531 
15 18 22 128 225 72 97 134 438 25 25 369 478 6 6 486 514 29 29 512 657 62 62 514 787 31 34 627 801 42 42 657 938 23 37 699 833 50 52 823 1040 20 26 1165 1243 61 66 1202 1455 31 51 1294 1457 6 9 1472 1515 1 1 1534 1537 
21 25 58 32 198 4 6 80 102 51 56 355 607 13 16 410 494 14 38 490 656 1 13 555 610 29 46 591 892 48 51 594 788 20 26 705 788 32 41 745 894 54 54 772 1023 8 12 878 932 21 32 973 1090 48 60 997 1207 29 29 1100 1214 26 36 1217 1365 16 21 1226 1309 7 7 1294 1323 7 7 1317 1355 28 48 1335 1526 8 10 1363 1399 
23 6 14 2 43 10 11 29 78 26 46 81 291 32 68 147 358 62 90 175 462 21 31 269 371 15 17 338 414 49 75 397 631 34 34 453 597 24 24 592 689 41 58 727 927 5 5 737 759 13 13 928 987 10 14 933 992 9 14 953 991 21 30 1032 1177 74 74 1258 1538 34 42 1285 1444 1 1 1293 1298 22 38 1323 1467 13 35 1403 1507 16 16 1448 1532 5 5 1491 1526 
19 15 23 19 120 35 49 41 229 7 9 121 159 16 16 205 270 25 31 376 480 35 57 385 598 31 43 492 664 12 12 561 608 27 39 630 798 16 22 663 746 54 54 806 1054 21 37 859 971 49 65 1094 1355 46 56 1105 1338 24 48 1113 1243 40 48 1265 1427 13 13 1479 1527 9 9 1501 1537 2 2 1518 1533 
16 13 14 27 90 54 73 230 471 58 90 644 931 40 40 661 839 16 21 691 798 88 88 788 1090 9 19 789 847 17 27 954 1051 20 29 988 1071 44 63 995 1236 42 43 1027 1228 35 43 1186 1369 39 45 1217 1386 6 13 1292 1344 1 1 1480 1485 1 1 1529 1532 
15 28 55 37 265 54 77 84 361 40 65 120 363 54 54 420 690 36 43 487 647 75 75 708 997 3 5 710 730 57 57 988 1239 4 4 1025 1052 49 64 1135 1364 24 29 1179 1344 2 3 1228 1242 47 56 1322 1543 8 19 1348 1408 4 4 1430 1449 
17 73 73 190 444 16 43 330 493 47 60 375 621 24 42 452 607 19 26 464 571 67 67 481 725 65 65 557 847 11 18 581 651 15 20 640 722 31 38 747 901 62 63 836 1139 22 36 1068 1255 29 55 1116 1304 38 38 1270 1439 5 9 1409 1439 5 18 1465 1527 12 12 1475 1533 
