10 120
9 6 8 40 66 80 80 176 464 72 75 431 719 26 50 833 1019 29 29 868 980 24 24 1026 1126 21 22 1329 1429 1 1 1369 1375 1 2 1403 1412 
11 24 25 36 170 11 50 289 441 6 7 591 627 62 74 832 1092 47 59 873 1116 44 44 1024 1200 24 33 1035 1167 40 40 1224 1430 4 6 1276 1299 16 20 1329 1393 6 12 1398 1439 
11 1 1 55 58 27 32 231 346 55 55 512 733 5 5 608 630 15 24 612 711 11 11 640 699 32 55 726 884 65 65 730 941 23 23 1227 1324 14 14 1263 1330 10 12 1396 1446 
11 50 50 358 565 43 43 412 597 7 7 446 490 34 44 457 704 58 67 746 1028 2 2 863 872 16 42 1027 1146 32 39 1102 1245 34 75 1121 1363 9 9 1160 1208 14 21 1332 1392 
9 48 80 204 452 29 50 349 524 23 23 447 520 19 24 931 1030 65 65 1073 1314 46 75 1077 1312 21 37 1092 1196 23 33 1141 1287 1 3 1441 1455 
11 60 96 6 259 62 62 36 254 21 22 56 147 6 11 129 172 6 10 267 298 64 64 415 675 18 41 653 813 10 10 899 947 2 2 1056 1069 54 54 1084 1342 1 1 1437 1443 
12 30 49 8 235 32 49 91 255 5 6 566 590 5 9 793 824 29 32 1053 1224 59 59 1096 1344 40 45 1109 1301 33 66 1175 1391 21 25 1186 1270 14 14 1283 1354 5 8 1363 1399 1 1 1455 1458 
15 6 7 58 90 31 63 135 371 16 21 181 273 8 8 233 273 60 60 476 675 52 56 522 738 10 14 726 775 30 33 768 908 11 25 816 915 8 11 1056 1095 22 22 1291 1365 18 23 1322 1422 3 3 1392 1405 1 1 1426 1434 1 1 1456 1459 
15 7 14 169 228 25 83 213 485 28 39 255 390 18 20 346 416 1 2 395 401 17 22 471 560 5 24 746 826 41 41 890 1061 14 24 989 1083 67 67 989 1268 14 20 1204 1261 6 10 1231 1269 2 2 1269 1278 1 1 1291 1298 7 11 1409 1450 
16 6 46 141 274 40 40 146 338 1 1 193 198 31 31 203 317 7 11 295 331 29 58 373 582 26 36 405 512 21 21 479 575 28 62 521 715 12 13 834 906 24 27 840 958 5 8 1061 1087 7 7 1079 1112 14 15 1361 1438 9 10 1400 1450 1 1 1453 1459 
