10 66
6 108 108 55 307 37 39 179 281 91 91 250 463 50 64 1012 1260 31 31 1283 1381 11 14 1426 1455 
4 49 63 16 144 70 125 102 387 65 65 892 1036 120 120 926 1196 
7 22 22 298 380 42 47 630 741 64 64 806 991 5 5 957 971 91 93 1048 1304 15 22 1172 1212 39 51 1309 1449 
4 97 124 141 407 82 82 297 481 33 35 453 554 83 83 1006 1183 
8 25 35 53 132 29 41 225 343 26 38 363 478 62 65 536 709 7 36 664 727 81 90 805 1070 58 76 1294 1439 8 8 1336 1357 
6 28 33 174 250 52 75 200 390 69 69 550 742 3 4 583 593 110 117 655 940 20 20 1349 1393 
12 13 28 701 747 39 49 720 817 21 23 926 979 15 18 969 1025 9 11 972 999 61 132 1009 1262 57 57 1026 1187 32 60 1248 1366 9 13 1258 1287 26 31 1330 1395 3 4 1403 1413 1 1 1455 1458 
6 116 116 75 362 38 38 142 262 38 118 195 448 1 1 203 206 52 89 914 1107 98 98 1018 1267 
8 119 119 8 263 7 13 351 384 11 15 359 409 4 5 416 429 56 56 696 806 67 106 708 998 48 59 943 1085 9 9 1430 1459 
5 18 27 381 451 49 49 684 793 93 93 721 1001 109 109 1178 1455 15 20 1388 1448 
