10 230
19 1 18 37 79 7 48 72 187 3 41 380 450 9 40 415 552 9 71 493 757 4 17 569 622 15 156 649 898 7 79 713 881 5 37 713 803 7 65 766 907 10 88 823 1085 7 54 889 1059 7 78 967 1139 10 61 1002 1184 11 61 1060 1318 8 76 1082 1229 3 25 1197 1261 1 20 1281 1324 3 14 1283 1327 
25 11 74 60 261 5 42 77 200 2 23 83 144 7 64 111 267 2 18 181 234 10 82 233 457 7 57 317 421 14 96 392 627 1 4 431 441 4 15 537 625 1 9 550 573 2 30 784 838 12 69 831 1077 1 13 931 955 7 65 964 1115 6 70 1040 1226 11 90 1058 1257 8 44 1073 1177 2 64 1080 1178 7 32 1136 1298 1 17 1167 1206 5 44 1180 1289 1 11 1211 1241 1 13 1246 1277 1 21 1269 1321 
22 1 14 4 39 2 19 63 119 5 34 103 203 10 68 113 266 13 72 229 491 2 17 238 281 4 30 297 374 13 92 308 502 3 51 401 527 14 71 487 681 9 92 495 721 2 20 542 621 8 47 644 796 6 60 680 784 9 82 775 951 8 38 965 1072 6 24 1046 1146 1 7 1062 1089 3 64 1185 1299 3 44 1201 1281 2 24 1244 1301 1 1 1305 1311 
21 11 103 6 227 9 73 65 291 2 32 95 187 14 135 211 474 5 48 356 461 4 14 363 461 7 58 424 601 1 13 533 560 2 24 559 606 13 71 581 765 1 13 593 632 10 88 710 953 5 35 797 884 3 22 813 878 5 43 968 1065 10 56 983 1159 11 98 988 1197 2 25 1076 1135 4 45 1101 1217 1 15 1131 1158 6 43 1235 1326 
27 11 79 10 155 1 8 12 41 10 74 22 207 11 112 27 242 5 108 117 374 2 14 134 178 5 63 193 342 7 26 219 338 6 27 262 359 6 49 301 409 2 24 417 491 7 76 455 602 1 2 517 524 7 120 544 810 2 17 555 614 6 80 716 894 10 68 825 1056 4 29 840 974 9 84 934 1145 1 16 960 990 5 43 1068 1183 1 3 1101 1110 3 34 1124 1197 6 44 1188 1313 5 45 1211 1327 1 6 1313 1332 1 1 1325 1330 
27 10 72 19 201 2 27 81 167 5 59 91 248 12 112 99 352 12 141 103 347 1 14 193 228 5 35 215 318 5 62 313 468 4 23 330 417 1 9 332 361 1 2 522 527 5 57 538 698 9 65 595 749 5 74 748 873 12 57 813 1072 2 19 839 878 1 7 877 921 15 68 965 1211 2 30 1011 1073 1 11 1025 1045 3 34 1068 1185 1 14 1092 1134 1 11 1124 1149 2 39 1145 1271 1 2 1190 1204 5 39 1253 1337 2 17 1283 1333 
20 16 96 100 343 3 14 104 170 14 106 139 375 5 68 318 527 7 43 526 703 1 12 557 586 16 75 580 832 8 53 673 779 10 35 697 900 3 13 723 805 6 49 734 853 2 37 823 916 2 34 933 1014 2 16 980 1026 5 38 989 1095 12 126 1037 1299 6 53 1045 1185 6 37 1169 1271 5 25 1203 1274 1 7 1245 1267 
18 9 107 13 238 7 121 226 423 13 71 299 490 14 77 331 579 9 77 339 493 5 41 363 453 8 102 392 601 11 100 468 717 1 9 476 508 7 54 530 657 9 72 568 763 2 39 613 682 2 14 874 910 11 85 910 1174 3 36 956 1040 5 22 1032 1116 12 82 1045 1230 3 27 1268 1325 
20 11 61 326 519 10 131 342 598 1 8 443 461 7 46 443 661 2 12 515 557 10 115 527 757 4 59 537 701 17 98 581 785 8 28 812 927 8 64 952 1145 12 73 1037 1244 7 97 1040 1211 10 55 1053 1213 10 69 1065 1232 5 31 1073 1157 5 88 1108 1285 1 11 1247 1269 1 10 1248 1270 3 16 1250 1294 1 12 1297 1320 
31 2 15 69 120 1 2 79 85 1 13 114 150 9 42 144 336 1 5 204 217 8 48 309 500 3 28 360 428 12 110 386 579 2 9 390 432 6 84 416 625 3 38 419 534 2 25 513 562 6 72 575 731 1 10 677 703 3 31 679 773 10 104 723 953 13 88 756 1003 3 35 758 845 4 25 772 843 2 31 786 859 2 29 791 880 5 49 896 1008 10 92 931 1175 3 26 977 1052 14 109 1037 1295 7 76 1130 1293 1 8 1153 1173 1 18 1266 1303 1 7 1286 1327 1 11 1305 1328 1 1 1309 1313 
