10 60
4 42 42 32 206 35 66 318 543 36 36 849 1035 47 47 1157 1325 
3 34 57 24 213 47 47 468 691 47 61 1090 1315 
7 31 37 11 262 25 47 50 229 3 6 363 388 65 65 746 953 34 34 1009 1154 16 27 1189 1306 5 6 1302 1327 
6 50 57 100 363 33 33 146 311 2 3 625 637 36 36 754 848 21 21 968 1085 10 13 1159 1219 
12 9 16 15 88 3 3 46 64 26 34 138 286 32 32 289 470 6 13 326 371 5 8 599 639 1 1 707 713 3 3 987 1006 9 15 1028 1077 5 11 1172 1201 13 20 1187 1287 4 4 1209 1231 
6 14 27 80 168 12 15 399 448 68 68 976 1227 11 11 1193 1248 8 10 1261 1296 12 12 1290 1337 
5 56 56 771 992 7 12 793 834 36 43 847 1029 12 24 874 976 30 30 1195 1290 
6 14 14 324 406 28 28 652 766 32 45 727 950 13 15 929 1009 32 32 1028 1166 1 1 1263 1269 
6 41 45 59 273 15 24 183 269 13 22 239 313 38 38 877 1003 33 67 934 1175 2 2 1317 1326 
5 13 13 6 66 26 51 254 389 30 42 384 571 30 44 780 897 26 28 812 948 
