10 447
43 1 23 55 113 1 11 69 100 4 66 150 256 9 50 189 382 13 95 239 435 2 34 240 324 9 121 301 524 13 55 302 547 4 50 305 425 6 83 413 563 10 71 425 610 16 105 431 698 16 127 446 730 5 19 491 629 11 93 513 766 3 16 521 572 8 53 568 696 1 9 591 616 9 61 596 819 14 125 688 977 13 94 706 941 10 60 719 882 1 3 746 764 6 143 833 1081 5 130 976 1266 14 64 1034 1229 16 63 1053 1327 2 15 1055 1097 1 22 1088 1136 8 71 1095 1245 1 6 1154 1167 6 77 1159 1340 1 6 1235 1253 8 58 1289 1446 6 42 1296 1423 4 21 1317 1415 2 20 1358 1410 2 10 1359 1398 1 12 1388 1411 1 8 1407 1429 1 4 1424 1448 1 1 1429 1432 1 2 1450 1455 
53 11 53 9 220 15 157 51 333 1 10 75 100 9 61 85 314 3 9 88 163 1 10 103 133 7 40 122 251 8 54 134 294 6 117 198 381 1 3 221 226 3 21 223 318 9 69 255 399 4 23 289 345 2 24 330 375 13 130 335 575 1 5 339 353 1 16 376 424 10 95 391 602 4 61 413 570 8 76 512 742 1 6 539 554 1 10 575 608 1 11 611 642 3 28 621 703 8 87 661 885 8 102 695 886 4 40 748 835 9 63 752 931 9 67 758 942 8 53 825 1009 1 5 855 879 5 70 875 1044 4 38 889 1020 1 15 930 972 1 3 975 982 7 74 1009 1169 12 52 1047 1269 14 64 1101 1319 13 86 1148 1418 4 28 1155 1242 3 30 1199 1269 8 64 1204 1349 7 27 1214 1351 7 82 1217 1410 2 32 1225 1276 1 15 1345 1373 5 21 1347 1459 1 14 1376 1409 2 10 1380 1421 3 13 1386 1440 1 26 1390 1455 1 6 1409 1429 1 16 1414 1447 
45 10 74 24 217 10 103 32 235 9 79 141 337 9 104 226 517 7 54 267 416 3 32 300 381 8 84 351 622 6 60 392 551 5 33 401 505 10 112 452 677 1 28 482 545 11 85 496 787 13 88 508 731 10 81 576 793 3 17 597 662 2 9 654 688 9 55 658 847 9 146 664 910 4 47 677 808 10 72 679 925 7 94 687 848 9 61 779 955 1 3 782 804 4 57 841 1023 6 39 902 1005 8 72 926 1065 5 38 945 1082 3 18 946 1015 10 62 1003 1226 1 20 1010 1069 11 40 1020 1245 9 111 1132 1407 8 41 1146 1335 1 16 1163 1197 2 20 1191 1240 2 12 1214 1250 10 102 1222 1459 7 26 1251 1375 1 4 1280 1293 1 6 1295 1310 5 35 1328 1405 1 10 1338 1369 4 40 1346 1440 1 5 1358 1373 1 4 1444 1456 
45 11 61 5 177 6 84 58 232 1 10 62 82 10 78 73 302 8 62 143 282 1 15 155 194 11 87 236 427 9 119 236 436 2 21 236 307 14 141 269 548 4 44 280 378 10 79 369 579 5 45 380 514 14 69 441 715 1 12 442 466 1 9 446 470 5 51 577 686 1 9 608 633 5 52 620 776 9 66 647 838 3 79 659 864 10 97 760 948 6 85 768 919 8 43 773 910 7 32 784 913 2 23 797 854 3 53 808 923 3 20 854 921 10 65 877 1028 5 40 908 1021 8 61 924 1149 4 25 971 1056 16 102 983 1229 9 143 1005 1233 8 116 1076 1302 14 73 1078 1263 2 15 1081 1149 3 28 1106 1211 9 49 1122 1284 2 44 1152 1325 3 33 1233 1289 3 32 1268 1351 2 16 1405 1450 1 1 1434 1438 1 2 1446 1452 
43 1 5 9 27 8 42 29 207 3 20 65 122 7 53 92 211 3 19 126 177 5 106 136 327 7 55 170 309 4 44 173 298 13 96 179 404 5 39 192 293 7 81 244 420 9 59 255 394 11 61 257 498 9 119 271 561 15 66 273 560 11 112 289 573 8 66 430 588 10 114 466 663 16 66 517 752 1 20 532 568 11 135 565 810 4 29 679 754 18 96 750 1038 4 32 793 868 1 12 814 848 13 70 822 1044 1 15 842 881 11 130 844 1092 3 33 883 943 7 76 894 1122 11 55 944 1110 8 118 1050 1292 1 2 1100 1106 3 20 1102 1169 1 4 1112 1126 7 113 1193 1445 1 4 1196 1207 4 56 1226 1355 1 8 1236 1269 3 55 1245 1329 7 68 1294 1430 2 19 1383 1432 1 3 1425 1434 
44 3 80 19 162 8 52 54 228 6 34 164 258 6 56 206 328 17 124 207 467 1 3 241 247 7 78 253 413 1 14 265 303 12 75 271 546 1 1 286 292 5 17 304 408 7 39 414 549 10 111 449 694 3 17 531 593 1 12 559 593 14 131 586 868 4 65 638 754 5 78 650 791 11 72 655 850 1 16 696 741 7 19 752 900 1 6 801 817 7 62 869 1019 14 97 879 1162 15 127 961 1242 4 48 986 1105 17 128 1004 1254 7 71 1036 1264 4 27 1059 1152 4 42 1061 1193 8 77 1064 1275 16 94 1072 1313 10 61 1123 1351 8 81 1134 1326 3 72 1166 1283 1 4 1234 1246 2 22 1276 1329 3 41 1302 1384 2 17 1316 1370 4 31 1327 1412 5 41 1357 1459 1 15 1391 1428 1 2 1395 1403 1 2 1426 1444 
41 1 6 32 43 10 66 122 278 7 83 133 353 15 106 134 382 2 19 143 186 7 44 192 333 7 91 201 396 14 137 217 482 16 116 271 555 8 90 287 503 2 14 322 361 4 84 348 543 6 49 391 528 16 107 483 769 5 34 491 587 9 81 500 657 1 3 511 520 1 20 555 597 15 73 560 820 17 119 565 819 14 105 604 855 12 58 685 843 13 107 702 982 2 17 748 794 7 42 779 862 3 21 785 865 2 30 798 853 10 135 827 1108 2 15 934 969 1 46 965 1093 14 92 980 1203 4 57 1029 1146 2 37 1050 1123 1 16 1188 1224 7 73 1194 1333 1 6 1211 1225 2 33 1265 1328 7 40 1315 1451 1 4 1383 1402 1 3 1401 1408 1 4 1402 1411 
55 3 20 40 114 7 82 98 250 1 16 102 135 6 82 170 404 10 127 198 409 5 24 210 273 7 59 246 408 12 78 260 466 1 3 262 272 8 54 266 482 3 72 267 431 3 28 302 370 11 64 304 513 8 70 431 562 1 4 431 443 13 102 487 746 1 19 509 576 3 44 555 631 3 49 602 687 9 110 653 853 4 45 703 788 2 10 726 779 15 122 756 998 5 29 803 895 2 17 818 854 5 75 821 964 7 78 833 964 4 32 839 939 9 85 891 1070 4 37 902 1007 15 106 928 1177 7 93 948 1094 5 34 975 1068 2 12 987 1035 2 35 990 1072 3 27 1009 1100 6 64 1042 1210 1 11 1047 1073 3 24 1058 1115 4 72 1071 1240 7 93 1124 1318 13 87 1176 1397 3 26 1198 1265 5 38 1279 1381 1 53 1280 1362 4 26 1287 1349 5 77 1305 1442 1 16 1338 1373 4 56 1344 1444 3 27 1354 1413 3 26 1386 1446 1 6 1399 1419 1 2 1422 1426 1 6 1425 1440 1 3 1432 1447 
39 4 47 32 149 10 106 32 233 13 49 87 308 8 94 96 350 16 27 126 359 6 80 134 279 1 17 138 167 14 92 142 386 1 14 152 193 4 60 163 296 9 47 244 428 3 18 289 337 10 107 378 639 11 88 396 660 10 81 461 644 10 69 499 742 13 138 515 772 4 36 600 666 1 5 602 616 4 31 614 727 1 8 623 651 7 45 662 780 9 86 666 840 5 98 678 869 8 81 785 988 4 35 798 885 3 35 823 968 13 128 851 1133 6 47 993 1137 16 105 1083 1358 11 112 1118 1375 10 127 1152 1434 5 62 1202 1345 5 27 1237 1322 7 79 1279 1433 4 49 1285 1387 1 3 1331 1341 3 16 1347 1423 1 44 1363 1444 
39 19 78 31 305 2 23 113 173 11 106 132 383 16 129 204 462 10 83 236 435 6 33 361 449 13 110 389 616 9 57 398 546 8 42 547 749 8 54 564 748 8 67 636 769 2 29 653 717 5 40 690 781 5 54 723 859 12 50 762 950 4 64 775 933 2 57 820 963 15 59 839 1121 2 21 843 889 4 61 850 1059 2 8 877 903 6 35 907 1022 9 72 910 1076 9 90 1005 1239 11 93 1016 1237 8 93 1037 1222 8 78 1078 1331 10 92 1130 1303 6 86 1175 1355 13 118 1185 1398 4 21 1214 1298 6 45 1321 1419 2 22 1337 1387 1 7 1338 1358 1 4 1340 1354 5 24 1369 1450 1 13 1378 1413 1 1 1427 1433 1 1 1452 1456 
