10 102
10 51 59 297 447 83 107 448 697 65 101 485 743 47 76 681 840 96 96 700 959 33 40 925 1001 50 51 1142 1289 65 66 1165 1347 10 10 1467 1496 1 1 1548 1553 
16 36 76 211 369 11 15 351 382 21 37 431 500 71 73 448 725 61 108 611 798 2 3 818 828 20 20 880 941 12 12 990 1022 85 111 1021 1282 32 46 1110 1218 54 77 1132 1307 80 120 1312 1523 18 26 1417 1512 7 8 1451 1469 7 8 1497 1516 7 7 1533 1557 
11 49 51 7 126 26 28 239 329 36 36 468 562 4 4 665 674 49 74 793 946 34 34 801 895 84 87 970 1188 62 74 976 1131 82 82 1001 1171 39 49 1134 1246 20 20 1537 1578 
8 44 62 29 156 96 119 444 682 92 92 857 1051 87 87 935 1130 52 63 994 1193 29 37 1236 1329 82 82 1380 1534 14 14 1433 1463 
15 12 12 42 71 36 36 59 138 114 114 219 460 66 66 397 570 70 70 402 573 4 4 450 459 32 32 620 748 67 85 655 841 19 23 709 762 52 69 1047 1172 4 4 1082 1097 15 21 1162 1237 8 9 1302 1324 2 9 1493 1510 9 9 1540 1559 
8 63 95 2 305 97 100 308 579 48 56 531 633 37 44 616 742 54 59 695 821 71 71 839 1069 49 49 1034 1141 64 93 1363 1554 
12 54 60 33 168 88 88 43 237 49 52 370 518 1 2 391 395 11 11 775 800 16 21 789 835 50 61 1088 1244 45 85 1148 1378 87 111 1220 1462 50 162 1288 1530 26 33 1432 1498 50 50 1437 1561 
7 157 161 401 715 20 33 544 608 135 135 724 1002 59 80 762 979 27 48 1242 1335 56 78 1390 1540 13 13 1457 1497 
7 148 148 11 320 115 115 40 271 20 21 143 196 42 55 226 461 47 60 803 981 37 53 945 1075 66 67 1321 1495 
8 86 105 201 386 107 107 257 534 24 48 300 396 77 77 978 1168 58 147 992 1248 10 10 1183 1212 24 55 1301 1413 89 89 1368 1578 
