10 172
18 31 50 53 268 38 56 135 299 55 96 184 430 18 30 275 348 9 27 374 437 67 172 526 815 13 23 561 606 16 34 587 660 17 85 702 881 12 20 850 918 24 112 934 1176 82 98 973 1277 8 8 1012 1060 35 74 1146 1325 11 16 1270 1320 30 46 1280 1430 21 45 1312 1400 35 63 1411 1554 
19 28 52 17 221 1 3 19 25 17 52 114 236 20 22 139 254 52 115 258 484 52 76 279 477 53 53 474 767 18 26 555 627 25 48 722 841 36 49 790 936 2 4 859 869 52 72 901 1161 50 97 946 1196 19 31 1001 1077 9 18 1098 1159 28 28 1171 1286 18 52 1408 1549 13 13 1477 1541 3 7 1508 1535 
20 13 45 222 326 65 84 237 519 10 22 245 305 46 66 255 400 48 98 257 465 53 77 301 561 30 79 306 446 18 49 313 424 8 31 406 470 17 55 464 581 22 22 496 577 11 16 841 895 4 5 959 976 61 103 1025 1224 30 47 1128 1278 38 115 1191 1380 29 46 1370 1522 21 45 1404 1509 9 25 1438 1482 4 7 1513 1532 
14 63 91 187 396 30 122 288 524 45 88 306 511 36 63 364 593 35 91 504 690 60 140 542 851 38 106 867 1075 45 112 1000 1305 66 66 1011 1306 18 83 1062 1241 18 18 1070 1159 5 10 1147 1177 40 87 1224 1439 1 1 1500 1504 
16 40 68 24 186 22 56 36 148 66 124 51 350 8 19 100 153 55 98 117 337 6 6 519 546 36 78 682 898 82 117 842 1148 2 7 856 869 42 50 940 1120 46 87 1039 1260 17 52 1112 1206 63 131 1255 1550 10 25 1376 1433 23 23 1419 1514 14 22 1444 1502 
16 35 111 44 257 21 64 149 328 54 93 174 398 5 8 251 274 54 105 253 492 15 33 396 492 80 80 440 744 6 18 550 589 21 48 557 678 39 75 577 792 65 91 579 796 53 138 653 953 25 92 773 1022 9 21 815 868 16 29 880 1024 4 6 1520 1542 
15 17 62 47 267 53 112 58 341 45 82 103 296 54 129 448 721 3 10 676 696 5 15 697 727 37 105 775 969 29 57 794 944 17 29 931 1014 71 128 1047 1277 53 75 1109 1298 10 18 1296 1354 23 83 1305 1510 60 85 1338 1543 3 4 1560 1579 
15 62 62 28 256 40 70 392 533 30 61 434 572 60 116 623 929 18 54 641 764 54 124 812 1119 42 89 907 1116 46 101 935 1114 68 88 936 1220 9 16 985 1037 20 79 1122 1257 14 15 1137 1192 9 40 1427 1522 24 29 1434 1519 1 2 1553 1558 
22 31 101 56 266 19 41 168 243 18 59 188 299 26 54 439 559 33 53 491 624 5 12 530 561 40 70 541 704 61 108 551 848 57 107 572 775 46 102 646 892 4 5 651 687 27 51 698 859 2 4 907 919 5 13 933 960 39 67 975 1193 11 29 983 1037 6 13 1160 1189 26 32 1243 1365 9 24 1291 1351 5 11 1502 1537 5 15 1541 1576 4 10 1559 1577 
17 19 68 44 213 63 76 254 510 31 33 345 517 25 74 390 558 21 51 403 648 62 100 706 1017 60 102 946 1257 50 50 962 1168 19 22 1001 1072 14 22 1111 1159 8 27 1119 1192 28 81 1142 1320 61 135 1146 1450 10 29 1291 1354 7 8 1325 1351 10 12 1371 1432 12 28 1387 1443 
