10 39
7 115 115 62 321 29 31 198 289 10 19 409 443 18 18 782 834 60 60 844 1034 2 3 1041 1049 5 5 1181 1192 
3 81 94 3 199 43 43 683 798 65 65 1055 1181 
4 89 121 699 962 11 19 965 1008 28 43 1253 1332 37 37 1254 1335 
2 72 72 293 445 83 116 306 554 
3 48 48 150 290 67 67 830 989 21 23 1247 1301 
4 24 24 457 518 61 61 523 680 70 70 900 1107 19 24 1147 1195 
3 44 49 396 492 42 58 661 793 80 85 871 1112 
6 9 15 86 112 5 7 486 502 21 50 535 637 20 20 609 657 39 48 669 771 70 117 850 1111 
4 45 45 54 212 76 93 124 332 21 21 315 356 33 68 1106 1250 
3 52 71 454 635 28 48 501 622 72 89 724 933 
