10 69
6 22 43 349 452 37 124 444 686 31 123 548 803 42 51 757 933 32 119 824 1048 4 15 1269 1297 
5 72 150 231 475 8 21 593 642 27 37 796 930 4 4 939 962 60 63 975 1240 
8 31 52 165 318 41 56 288 503 7 15 355 401 3 4 430 445 16 25 432 515 50 110 951 1205 2 3 1232 1242 1 1 1277 1282 
8 19 30 309 394 31 60 535 674 35 139 580 819 20 26 755 856 4 4 890 911 3 11 953 987 25 29 1192 1285 6 9 1294 1323 
7 35 64 91 283 17 48 191 303 3 4 208 225 27 75 242 391 43 92 327 566 35 71 1060 1193 3 11 1162 1185 
7 12 23 304 369 2 5 579 594 15 40 597 705 31 75 734 907 34 70 767 948 28 87 909 1048 29 45 1176 1328 
8 37 54 22 150 38 58 84 281 22 68 540 678 16 34 553 624 6 16 566 597 19 65 978 1090 5 8 1309 1332 1 1 1331 1335 
4 54 54 247 482 45 94 278 456 12 25 429 480 41 54 1060 1192 
4 39 79 354 506 44 79 489 705 36 71 511 684 24 35 532 612 
12 18 31 30 100 1 1 258 261 4 8 310 340 31 49 318 439 9 13 585 629 5 9 681 703 12 23 831 886 6 10 1013 1056 17 31 1037 1114 24 72 1173 1293 1 1 1217 1222 11 23 1284 1335 
