10 182
15 47 61 43 263 47 70 163 395 30 30 313 453 58 96 411 721 14 17 412 473 11 16 516 578 49 57 523 716 59 59 562 853 29 32 619 750 13 26 659 764 10 18 677 746 39 39 820 964 42 80 930 1152 23 44 1197 1344 6 27 1455 1564 
20 24 69 271 479 33 37 306 518 5 6 315 341 19 23 433 558 26 33 446 597 20 26 460 533 34 40 543 703 30 71 575 786 13 13 577 625 72 72 852 1101 3 5 854 868 37 37 1088 1261 62 62 1140 1430 14 14 1156 1206 46 55 1255 1507 22 58 1274 1423 10 19 1485 1563 7 7 1507 1540 9 17 1514 1567 5 7 1557 1580 
19 36 36 25 161 4 5 78 98 84 84 176 484 49 54 265 479 35 59 277 547 50 62 338 586 14 16 365 435 46 52 374 633 7 8 580 605 1 2 664 672 41 41 699 863 10 11 728 770 44 94 943 1251 37 60 986 1237 4 4 1132 1150 8 8 1404 1434 5 13 1437 1502 3 5 1477 1491 19 21 1492 1569 
17 53 53 5 207 30 42 86 231 10 16 143 225 37 47 184 378 5 10 216 252 68 72 259 538 20 22 320 409 22 22 327 435 56 56 429 725 21 28 549 709 51 65 569 805 18 44 831 1018 47 69 833 1057 33 60 972 1172 11 14 1280 1330 18 18 1352 1437 8 17 1513 1562 
28 47 55 23 232 5 6 56 79 26 26 80 189 11 11 346 390 2 2 364 373 5 5 471 492 18 24 513 607 29 46 570 734 25 30 690 809 20 26 741 850 12 21 789 851 27 60 858 1116 8 8 913 945 2 4 965 982 6 8 987 1022 39 39 1009 1210 23 35 1087 1223 10 13 1133 1189 7 7 1233 1256 50 100 1234 1490 1 1 1264 1271 6 7 1289 1316 27 27 1315 1468 12 36 1329 1466 26 26 1368 1512 13 17 1437 1483 9 11 1439 1504 4 6 1505 1526 
16 66 66 101 389 35 41 253 387 66 66 346 645 55 73 551 804 42 62 713 947 11 12 741 788 28 34 795 938 9 12 845 884 18 49 909 1079 18 26 1103 1207 19 28 1131 1235 56 58 1233 1503 8 8 1277 1339 26 35 1338 1495 6 6 1383 1412 10 10 1496 1552 
18 2 7 255 278 48 59 403 660 30 46 403 559 34 37 435 706 58 71 548 825 49 54 617 804 9 13 704 748 15 15 783 856 33 58 852 1044 9 19 875 945 58 58 899 1072 43 62 922 1172 24 28 963 1094 2 2 1114 1126 90 106 1240 1548 7 12 1403 1444 5 13 1439 1483 1 1 1560 1565 
15 22 27 55 184 43 46 147 343 19 20 263 348 1 1 404 409 9 9 472 515 57 57 529 814 54 66 702 925 32 51 971 1164 38 46 1044 1220 28 45 1044 1200 69 69 1153 1369 54 54 1252 1438 34 48 1329 1486 5 7 1405 1430 1 1 1527 1531 
14 39 44 107 271 27 27 496 658 44 46 506 712 17 29 588 696 5 8 591 618 60 80 680 969 48 85 713 1019 25 25 715 818 40 82 720 1005 5 5 722 740 40 45 821 1021 24 33 865 1003 59 69 1186 1467 39 44 1338 1542 
20 34 38 113 324 60 60 207 477 9 15 232 289 1 2 267 279 4 5 409 429 54 59 505 762 35 35 552 687 7 12 613 648 34 53 761 988 13 16 785 856 39 66 874 1115 64 65 890 1155 35 38 975 1122 15 15 1033 1091 31 31 1109 1271 7 12 1121 1176 11 15 1325 1391 20 20 1416 1499 5 12 1494 1564 1 2 1571 1580 
