10 106
9 18 28 83 157 63 107 95 376 36 83 205 409 51 69 559 778 35 46 731 863 34 34 793 940 16 25 970 1053 9 25 1069 1130 17 43 1339 1444 
14 2 4 81 92 20 44 157 244 43 102 221 430 32 35 265 402 48 64 343 581 11 20 385 439 13 25 487 555 11 16 573 620 5 11 782 809 9 12 838 892 52 54 898 1079 17 28 1170 1250 1 6 1424 1435 1 3 1428 1437 
13 39 72 62 235 7 24 252 360 42 60 316 479 1 3 485 491 1 3 507 522 26 51 596 737 44 44 1136 1302 27 50 1149 1289 36 57 1238 1427 30 71 1253 1417 1 2 1312 1316 8 18 1369 1408 4 10 1375 1404 
11 23 56 86 199 41 68 159 382 42 83 306 547 2 6 348 361 16 19 355 420 53 82 436 703 23 46 443 561 62 161 740 1021 18 18 754 845 3 10 988 1015 10 28 1088 1142 
10 4 6 184 208 57 88 355 622 69 115 508 796 62 76 517 768 28 107 570 758 34 78 879 1110 22 22 1215 1372 5 11 1334 1359 16 23 1386 1452 3 6 1413 1429 
9 63 130 183 465 23 72 244 374 19 32 332 451 23 44 354 493 10 10 393 427 56 93 749 1015 26 44 880 1015 5 17 1141 1174 36 55 1197 1411 
11 15 53 218 339 15 23 238 316 29 70 256 445 77 124 567 820 3 8 590 612 16 21 616 684 32 115 716 924 32 32 754 890 37 65 813 994 9 37 851 930 33 82 1298 1459 
6 39 61 30 205 49 49 121 307 84 84 676 955 34 65 862 1012 52 124 870 1113 13 34 1291 1362 
12 36 107 169 432 39 117 340 590 28 69 363 494 15 60 621 781 12 29 647 707 46 100 764 968 7 11 789 833 3 4 933 948 41 51 991 1180 57 97 1129 1383 5 11 1351 1377 2 5 1398 1409 
11 26 51 191 329 19 64 199 305 46 82 237 421 60 114 306 588 20 65 427 571 35 70 471 615 39 111 811 1053 1 3 1169 1178 21 57 1193 1319 10 51 1308 1417 19 37 1313 1397 
