10 271
27 1 7 100 118 1 11 190 215 2 42 191 273 7 73 275 430 10 66 283 480 10 66 343 557 1 16 409 444 1 13 421 446 6 57 437 548 1 8 537 564 7 61 546 687 11 41 574 758 6 80 586 718 4 93 621 829 3 41 642 722 7 68 670 837 5 41 806 904 11 68 839 1050 1 20 842 886 5 55 907 1027 10 54 927 1109 12 88 933 1175 3 50 1007 1132 1 14 1011 1044 3 41 1062 1170 1 12 1156 1179 1 12 1191 1215 
28 3 25 33 93 6 43 48 156 5 42 58 143 1 9 150 173 8 65 230 397 5 20 284 377 9 82 292 449 9 99 315 501 1 3 315 322 5 36 319 418 7 62 361 480 5 50 381 514 1 7 463 484 5 34 479 599 10 103 554 758 1 15 586 632 8 86 642 864 5 38 661 769 6 41 713 840 7 90 739 981 1 11 768 803 6 51 809 912 9 63 1054 1196 4 42 1062 1162 3 16 1070 1134 1 15 1126 1178 2 13 1172 1204 1 9 1190 1206 
27 8 61 119 260 4 31 134 202 2 14 151 191 4 65 216 352 1 6 244 258 1 7 272 289 11 61 273 500 6 21 314 442 1 3 365 372 1 35 375 447 10 87 400 562 5 44 477 591 7 59 526 703 4 32 668 737 9 84 755 942 8 60 757 903 12 122 787 1023 1 16 816 859 3 42 854 987 8 97 875 1103 15 86 933 1169 1 12 974 1000 3 45 1018 1115 4 56 1090 1200 3 26 1106 1170 1 3 1196 1203 1 1 1202 1207 
26 9 84 59 234 5 70 130 271 5 33 135 231 9 92 181 411 3 28 191 246 10 62 208 393 1 14 233 266 4 44 269 342 9 91 481 670 11 79 551 772 6 57 671 788 10 116 747 946 8 95 773 975 8 93 811 1011 2 31 851 954 2 18 907 958 1 12 950 976 6 73 971 1096 5 27 980 1067 6 55 1010 1144 4 24 1041 1114 5 46 1053 1156 1 8 1171 1199 1 7 1189 1208 1 2 1208 1215 1 1 1209 1212 
30 15 115 124 366 7 60 227 420 5 87 312 476 1 6 329 341 8 105 340 527 4 23 346 438 2 16 362 424 3 32 417 494 3 14 430 482 4 24 442 536 6 75 447 627 10 111 469 690 12 64 490 672 1 4 500 518 1 21 528 567 1 21 570 627 2 15 616 658 5 86 698 867 10 140 802 1028 6 60 852 986 4 27 915 995 1 8 969 994 4 56 1044 1162 5 39 1061 1161 1 6 1071 1094 2 21 1096 1150 1 4 1111 1121 1 6 1134 1153 1 4 1193 1204 1 6 1198 1213 
24 1 13 19 48 11 100 45 240 3 26 81 137 6 72 157 290 3 31 158 228 5 68 208 369 7 68 249 394 14 51 321 499 5 85 331 546 7 48 350 482 2 23 433 478 1 11 473 490 1 7 680 708 5 40 789 894 8 71 825 988 1 1 835 838 7 25 907 1050 6 19 928 1077 11 80 979 1214 5 49 994 1101 9 37 1063 1196 5 36 1063 1162 4 49 1101 1182 1 3 1205 1213 
24 10 44 8 153 7 70 39 191 1 42 51 151 5 64 68 231 6 42 103 221 1 1 169 172 5 73 195 317 6 71 212 403 10 24 252 483 12 77 403 633 5 45 496 616 7 66 526 738 3 35 533 626 1 3 559 577 11 89 623 834 1 8 640 661 3 63 723 842 13 47 753 951 7 21 798 886 2 13 1041 1080 5 22 1066 1139 6 64 1071 1205 2 23 1080 1123 2 18 1178 1214 
31 4 23 12 80 1 6 23 35 2 12 107 173 3 21 130 195 5 32 139 233 7 92 295 521 11 85 337 526 5 62 498 643 2 19 562 624 3 40 610 705 6 38 616 840 4 37 626 734 3 14 637 693 7 78 654 850 2 24 671 733 5 47 678 791 1 8 682 707 10 92 707 905 2 23 717 760 1 5 740 753 8 59 806 1002 1 16 833 873 2 19 878 920 4 55 949 1075 1 15 995 1027 5 50 1019 1135 6 40 1059 1180 9 63 1069 1208 4 46 1100 1209 1 2 1190 1201 1 4 1190 1200 
32 1 14 53 76 2 15 94 128 1 11 118 145 1 21 136 183 1 9 225 259 10 59 232 462 6 48 294 400 10 38 369 487 4 41 386 547 5 48 408 515 4 20 420 499 7 47 493 634 3 29 497 582 10 50 609 737 5 64 637 758 5 41 653 736 6 93 731 923 8 53 736 854 9 59 739 904 5 28 783 874 4 29 842 921 4 82 884 1119 1 1 909 913 2 15 962 1025 1 8 1091 1116 3 15 1100 1181 1 11 1103 1134 2 46 1114 1194 3 26 1140 1197 1 17 1141 1189 1 6 1187 1202 1 4 1195 1206 
22 12 74 15 244 11 57 105 343 1 5 137 150 1 8 186 214 7 73 188 320 3 37 191 257 7 69 196 341 1 6 293 308 3 26 518 592 4 65 699 856 8 62 714 867 6 36 768 882 9 38 783 946 13 73 805 989 3 15 805 867 9 68 825 990 11 75 971 1193 6 29 992 1098 3 32 1005 1071 6 37 1089 1194 1 6 1177 1206 1 5 1184 1197 
