10 71
13 28 29 44 128 7 24 99 151 1 1 101 105 25 25 297 399 59 59 631 778 19 29 733 801 82 103 814 1044 16 31 902 967 21 26 986 1068 7 9 1093 1118 35 39 1179 1268 1 1 1316 1320 1 2 1321 1326 
6 69 70 48 237 63 82 233 428 23 38 326 435 37 37 753 824 73 83 1085 1289 19 29 1237 1310 
6 27 27 181 260 4 10 297 317 66 142 312 554 58 58 360 512 101 101 980 1177 1 1 1300 1303 
7 21 27 6 65 107 107 321 579 50 51 818 928 37 38 1017 1127 3 8 1077 1094 29 36 1202 1275 34 37 1203 1298 
7 67 90 242 406 65 109 342 566 20 37 355 436 40 52 516 647 28 32 815 885 65 65 926 1056 22 36 1102 1208 
4 39 68 494 634 116 126 812 1060 36 67 879 1022 70 126 1095 1320 
7 58 77 60 225 43 62 608 727 14 14 900 949 70 70 991 1164 70 143 1065 1314 45 56 1208 1321 5 6 1281 1293 
8 14 16 270 319 34 76 541 716 93 97 588 828 18 18 766 811 28 30 884 952 15 16 1146 1206 25 49 1166 1274 25 26 1182 1253 
8 59 59 9 142 19 22 361 410 18 19 411 455 29 30 446 574 43 53 780 903 26 26 852 912 54 60 1168 1294 17 20 1274 1318 
5 43 86 270 426 87 95 482 744 63 63 603 786 78 78 768 956 19 19 1017 1059 
