10 462
35 12 91 38 264 7 53 66 197 10 68 80 302 4 36 118 227 2 20 144 197 14 84 183 369 4 61 183 293 9 40 264 377 3 47 264 357 7 73 274 445 13 70 312 553 9 33 346 518 9 80 422 622 10 108 458 708 10 40 503 658 6 54 541 706 2 11 543 578 14 74 590 823 1 7 630 653 12 76 657 875 12 53 667 904 8 57 703 859 14 131 771 1017 5 31 850 938 12 93 890 1113 1 2 927 932 1 7 944 964 1 8 953 987 12 89 969 1148 10 92 982 1219 13 82 994 1212 8 60 1101 1274 6 49 1125 1320 8 55 1144 1293 3 20 1219 1281 
36 2 23 60 108 13 82 68 316 7 62 69 296 5 61 103 205 1 17 136 180 12 94 166 426 10 95 194 405 12 77 211 424 5 48 214 296 2 13 277 311 14 112 416 676 16 116 426 684 13 99 442 671 11 70 461 609 9 89 493 717 15 111 522 783 7 57 581 743 1 7 600 619 10 83 772 950 8 82 790 964 9 41 822 1056 8 46 847 984 5 41 860 984 6 44 862 960 1 16 890 926 10 61 898 1145 11 89 928 1166 5 75 951 1094 2 13 952 985 8 111 1003 1265 10 86 1010 1185 2 21 1052 1108 1 3 1052 1060 10 117 1066 1315 8 56 1136 1313 2 23 1228 1295 
46 3 57 44 168 8 72 46 196 9 39 49 292 2 30 51 125 5 33 59 135 5 53 94 238 9 80 170 343 16 117 186 397 1 12 226 255 9 68 240 395 9 93 287 494 7 83 318 488 1 1 320 326 9 41 345 479 14 158 366 619 12 57 380 565 6 98 448 610 4 35 514 623 2 23 518 585 2 27 571 630 4 52 658 771 7 88 659 808 1 12 660 698 1 13 674 701 5 47 677 767 10 77 704 936 12 60 735 922 3 16 811 868 4 41 847 958 3 25 858 927 3 40 896 1032 5 59 900 1041 4 30 917 1002 11 78 970 1166 1 5 972 983 2 18 1075 1115 5 79 1079 1233 12 93 1106 1307 11 61 1114 1303 8 118 1122 1317 5 56 1135 1257 3 22 1160 1221 6 73 1164 1290 3 53 1202 1312 5 56 1215 1322 1 2 1319 1326 
45 7 32 5 105 2 54 60 235 10 61 62 265 9 109 128 350 2 15 245 280 10 95 256 450 1 2 261 265 3 21 269 331 5 45 309 425 7 62 393 516 10 106 422 664 4 71 456 587 10 83 463 657 4 81 507 741 12 93 515 716 4 30 546 629 11 84 549 734 13 88 579 800 9 110 615 830 8 80 625 820 6 97 629 854 11 111 639 890 1 3 655 661 6 67 681 815 2 21 696 756 1 12 698 735 2 16 730 787 5 44 766 884 6 59 791 1031 10 87 815 1033 9 53 825 976 2 33 837 905 1 6 840 865 9 75 907 1090 8 69 953 1129 6 117 955 1183 3 32 1023 1109 3 59 1077 1221 12 80 1110 1303 13 69 1117 1297 3 29 1138 1199 4 75 1141 1288 6 38 1179 1293 1 25 1240 1302 1 2 1318 1326 
55 14 98 17 256 9 72 29 196 1 4 59 74 7 60 60 213 6 77 66 291 10 102 67 319 10 43 90 336 9 35 93 287 3 35 108 211 5 19 153 222 1 11 165 193 7 99 181 404 4 92 197 414 7 71 220 394 5 43 249 345 5 52 283 398 7 55 344 519 1 7 368 384 2 17 500 555 9 97 515 722 11 72 521 734 9 82 532 730 2 16 569 628 1 13 590 617 7 42 678 864 2 26 692 769 5 33 700 828 4 12 709 779 1 8 762 778 6 52 768 901 5 59 769 983 1 10 828 862 1 13 835 861 1 17 920 954 9 90 959 1195 1 10 988 1016 8 76 996 1161 2 17 1007 1055 7 57 1015 1136 7 140 1035 1292 14 68 1067 1319 1 13 1073 1114 6 58 1104 1233 1 11 1111 1143 5 56 1113 1231 8 71 1119 1265 5 83 1170 1312 3 39 1193 1274 3 39 1199 1277 3 20 1213 1271 1 8 1239 1260 2 26 1259 1315 1 10 1264 1293 1 3 1270 1278 1 5 1271 1287 
41 9 66 2 161 5 56 8 150 1 6 9 29 5 41 10 116 12 132 13 229 7 73 19 212 1 17 25 64 9 66 30 188 3 24 172 237 11 113 255 459 9 93 331 596 7 28 447 583 8 87 469 642 9 65 475 662 6 52 509 608 10 66 517 690 11 59 546 752 10 61 581 772 1 11 628 664 10 73 634 810 4 29 686 765 8 53 709 885 6 73 718 919 14 96 800 1060 13 40 810 1016 1 31 835 907 9 101 838 1017 14 89 879 1136 4 15 881 954 11 96 903 1138 2 42 918 1017 9 82 948 1200 16 82 967 1205 1 4 1025 1043 3 33 1059 1138 1 1 1098 1101 1 3 1125 1141 7 64 1171 1295 5 38 1199 1287 1 1 1289 1292 1 1 1300 1305 
51 3 42 39 123 9 69 60 287 3 25 80 145 1 15 86 120 2 28 96 148 9 47 121 266 12 70 139 389 6 69 145 341 4 58 162 268 2 18 180 223 9 47 188 409 4 63 205 343 10 95 212 436 10 107 272 462 4 46 288 419 5 60 305 457 1 15 325 369 8 53 370 556 14 64 383 585 5 45 407 502 9 113 417 676 9 71 434 592 16 81 458 679 3 59 504 636 1 1 606 610 9 63 640 818 1 1 684 688 2 36 703 810 2 25 724 781 7 55 820 963 8 101 864 1123 1 8 964 989 6 65 967 1113 8 39 1019 1123 7 107 1037 1245 4 26 1041 1131 4 40 1050 1251 7 56 1077 1276 3 31 1105 1197 8 57 1129 1282 1 11 1130 1160 10 39 1139 1272 1 8 1143 1169 5 30 1150 1243 3 35 1151 1236 5 42 1162 1267 1 25 1188 1236 2 21 1197 1255 1 12 1209 1238 1 18 1241 1281 1 1 1322 1326 
48 14 70 34 254 4 19 52 121 1 12 73 108 2 20 117 155 4 23 132 210 11 77 166 428 1 3 183 193 2 28 187 246 12 79 202 436 8 63 210 372 2 14 289 322 2 22 292 342 10 75 308 499 3 26 364 419 12 86 372 555 3 28 433 518 1 6 457 470 7 52 473 616 1 17 497 543 3 24 504 558 14 107 516 769 9 76 564 795 1 4 602 610 9 67 607 781 5 32 685 809 1 6 712 726 1 7 765 780 14 120 774 1018 7 43 774 894 13 56 786 1009 1 9 829 849 1 13 898 924 4 59 902 1002 2 17 909 966 5 42 920 1065 11 44 946 1091 2 12 946 988 8 89 966 1168 9 79 972 1226 8 34 976 1138 11 59 997 1162 11 56 1057 1248 2 13 1115 1164 7 58 1138 1282 4 15 1186 1256 1 1 1257 1264 1 12 1270 1312 2 10 1287 1324 
51 3 23 35 100 8 87 79 314 1 10 88 124 7 27 104 225 1 4 153 167 5 49 213 308 6 57 226 384 7 59 309 455 10 67 335 502 11 62 343 535 6 64 353 483 2 17 427 481 2 24 434 483 4 31 438 545 1 15 443 473 7 54 465 616 6 50 488 643 14 79 567 754 9 80 585 769 1 11 594 620 17 82 599 845 7 117 616 876 1 1 665 671 11 85 670 862 10 65 686 874 1 9 715 739 6 85 738 914 2 20 757 816 3 35 792 868 11 86 811 978 8 96 827 1066 12 102 831 1092 1 12 844 879 6 45 852 1000 7 96 859 1046 1 38 900 996 4 38 901 1015 10 84 965 1172 1 9 999 1027 8 71 1027 1193 6 49 1060 1180 4 30 1128 1213 7 74 1129 1316 1 1 1148 1152 2 29 1188 1246 1 1 1194 1198 1 9 1220 1248 5 31 1231 1306 4 20 1248 1322 1 10 1277 1306 1 2 1296 1305 
54 5 65 43 214 15 117 78 334 3 25 79 142 1 5 143 157 1 30 167 242 12 80 167 339 6 42 170 297 5 20 213 311 3 80 241 366 1 18 274 333 11 58 311 521 10 87 338 566 6 42 391 482 8 97 414 577 2 12 423 463 1 8 433 461 7 62 444 589 5 51 452 551 4 36 511 659 2 32 530 595 1 2 547 554 13 90 613 835 1 11 649 669 8 46 654 800 8 56 701 840 5 28 701 808 1 2 730 741 1 8 746 762 12 110 754 974 9 79 778 971 1 17 802 856 5 38 846 934 8 80 945 1166 4 84 961 1151 3 55 965 1085 11 95 980 1215 10 70 991 1178 1 1 1046 1051 8 75 1074 1224 7 55 1080 1251 1 7 1087 1111 7 93 1119 1326 13 58 1124 1296 4 21 1152 1208 5 28 1170 1272 1 10 1174 1199 6 57 1186 1313 3 46 1188 1316 3 24 1195 1258 1 4 1222 1235 1 18 1257 1318 1 33 1263 1324 1 9 1281 1304 1 1 1282 1285 
