10 55
6 25 52 53 191 29 59 333 534 13 21 681 743 29 82 755 933 12 46 793 937 17 32 1024 1138 
5 35 66 177 384 24 98 397 606 47 62 402 638 38 82 657 869 17 27 662 773 
5 2 2 98 107 41 85 318 506 51 92 603 810 18 61 683 775 12 38 714 808 
6 52 62 10 223 10 25 28 88 15 23 846 899 20 63 846 943 50 82 932 1126 15 56 1078 1174 
5 38 77 189 362 33 66 216 368 28 34 530 674 26 62 811 950 4 5 914 935 
3 55 98 334 559 56 86 409 618 45 107 945 1127 
4 44 101 199 433 13 39 665 735 33 33 754 913 33 84 865 1019 
8 29 54 72 212 16 19 95 172 37 50 291 440 19 28 295 393 1 4 298 309 8 8 334 378 8 10 388 431 9 17 810 848 
7 28 57 306 438 15 51 392 504 33 76 446 681 15 40 907 969 16 46 1010 1136 13 36 1033 1115 12 41 1112 1200 
6 31 127 57 286 29 85 57 223 34 36 217 325 32 61 634 802 19 33 1004 1101 2 2 1132 1142 
