10 109
12 22 22 68 119 21 21 92 152 24 50 286 435 43 67 492 674 59 73 565 701 35 35 576 664 16 23 725 782 82 89 756 961 93 144 1066 1350 14 25 1184 1251 33 33 1258 1325 24 60 1270 1419 
12 12 13 5 36 20 25 79 137 58 69 82 280 91 91 303 543 34 49 322 483 57 78 541 820 62 102 620 885 60 60 798 948 24 30 1156 1234 3 4 1193 1206 52 67 1201 1344 7 7 1395 1410 
8 83 104 295 483 9 10 445 470 69 106 558 774 6 10 588 612 124 124 796 1073 64 64 866 1043 3 3 1088 1096 84 98 1182 1394 
10 71 71 20 247 39 39 24 118 84 121 597 859 24 27 657 726 6 6 789 811 37 37 1026 1125 133 133 1068 1350 52 148 1135 1422 11 13 1210 1251 6 6 1366 1382 
13 53 62 41 243 15 58 167 275 92 92 225 408 47 53 233 332 52 52 251 383 50 50 491 628 42 59 745 860 27 38 1070 1163 9 9 1101 1130 29 29 1207 1312 35 65 1261 1423 1 1 1423 1426 2 2 1429 1435 
12 46 46 8 134 17 17 666 705 86 86 678 900 95 122 934 1220 41 81 1024 1208 56 88 1081 1292 7 11 1243 1266 40 46 1255 1348 19 28 1276 1334 2 3 1296 1303 16 22 1356 1418 2 2 1421 1428 
8 46 46 15 133 20 21 64 117 89 163 321 585 10 10 321 348 46 65 355 489 76 154 435 666 58 71 878 1089 107 107 953 1228 
13 71 99 400 578 46 46 600 758 21 26 689 739 12 12 714 741 28 30 862 934 121 121 899 1145 1 1 960 964 43 45 1051 1175 43 58 1120 1253 17 44 1131 1264 8 9 1275 1299 58 58 1290 1417 7 12 1382 1408 
14 5 5 91 107 28 33 136 203 40 41 304 416 50 50 327 471 48 73 329 528 3 3 409 420 6 41 547 662 28 41 897 985 20 20 950 993 86 94 971 1201 18 18 991 1036 77 77 1032 1199 19 19 1049 1099 23 38 1142 1255 
7 91 91 54 317 83 83 621 776 99 99 638 889 52 80 752 990 87 99 987 1223 33 41 1018 1119 21 26 1130 1192 
