10 120
11 28 40 137 298 10 14 259 333 31 47 267 400 24 40 352 493 59 71 751 984 34 49 787 967 41 41 807 953 29 30 906 1071 3 5 994 1010 29 39 1045 1213 1 2 1294 1303 
9 37 45 260 460 8 13 526 568 37 37 603 763 48 58 608 828 47 47 859 1020 20 20 907 1006 40 63 924 1165 4 9 934 969 34 45 1019 1273 
11 45 58 179 400 29 37 250 391 20 52 264 439 3 6 354 374 30 43 468 631 13 31 607 693 30 52 953 1161 28 28 1014 1172 36 36 1084 1235 33 43 1105 1304 8 15 1196 1256 
10 46 51 87 263 21 24 206 301 40 40 244 408 72 72 577 797 47 47 618 868 1 2 782 789 28 54 1057 1220 23 29 1070 1189 25 25 1202 1325 1 1 1314 1319 
14 2 2 460 470 1 3 461 471 30 32 466 693 6 10 468 500 23 41 475 641 14 24 488 591 39 58 596 790 57 57 690 926 29 36 876 1029 14 22 899 978 20 31 969 1069 22 22 1009 1102 12 13 1200 1255 13 22 1203 1270 
12 36 79 80 327 40 78 313 540 19 21 326 420 24 24 457 570 17 23 501 586 58 58 698 876 18 18 892 966 10 22 1094 1199 29 74 1110 1324 13 15 1215 1259 4 4 1227 1245 9 10 1239 1288 
16 26 26 124 249 19 34 254 327 11 11 506 544 28 45 511 678 2 3 548 557 41 64 629 836 22 29 636 804 14 37 643 802 45 53 674 855 45 45 742 907 25 37 956 1089 5 5 970 990 20 22 1015 1103 4 4 1218 1242 1 1 1275 1279 1 2 1308 1314 
10 20 36 114 239 17 25 304 381 47 47 365 577 53 53 390 627 28 40 398 513 36 36 399 542 24 37 681 785 16 16 1044 1112 26 39 1176 1307 16 32 1188 1295 
14 18 40 273 397 2 7 327 355 18 18 526 638 32 32 543 769 26 32 676 771 41 61 733 918 12 12 739 810 41 60 757 949 25 26 828 920 23 36 894 1019 9 13 980 1055 8 8 1085 1121 30 39 1178 1309 10 10 1276 1321 
13 60 60 75 310 24 33 82 181 13 34 231 330 67 67 286 514 13 28 501 590 20 25 773 897 28 33 788 950 18 26 900 1017 11 14 1054 1127 3 8 1114 1149 6 12 1159 1201 2 2 1210 1221 14 16 1245 1303 
