10 41
2 113 113 459 688 74 74 972 1122 
7 46 55 190 307 14 19 242 310 44 47 458 612 7 8 469 491 14 14 574 604 3 10 1180 1205 1 1 1207 1210 
3 69 102 236 446 50 50 846 983 36 47 1079 1198 
4 41 41 167 270 39 85 739 903 16 20 1076 1151 33 45 1101 1215 
3 65 65 269 489 128 128 679 903 25 43 852 939 
2 69 70 422 550 78 93 796 1033 
4 15 15 233 284 73 73 436 599 66 66 869 1027 8 8 1167 1190 
4 15 15 200 254 48 48 221 349 79 92 360 573 5 5 366 378 
6 66 66 94 233 52 80 154 338 14 18 410 451 8 18 574 610 26 26 611 686 4 5 1106 1120 
6 7 7 275 296 34 41 384 488 19 33 645 722 28 59 690 863 41 64 946 1068 6 6 1111 1125 
