10 62
7 35 69 131 331 10 15 307 372 38 59 330 526 1 1 480 487 42 77 806 1034 12 25 898 1007 6 9 986 1020 
4 43 43 189 372 24 24 354 451 23 50 790 972 29 38 1018 1148 
7 16 16 191 271 12 17 337 401 33 65 352 554 26 29 379 525 18 18 618 693 5 9 699 737 16 20 1035 1112 
5 25 26 148 262 10 18 666 729 47 57 706 942 17 17 913 997 27 30 1090 1215 
9 40 57 159 353 18 18 228 307 12 26 287 373 30 30 310 458 8 10 652 691 11 13 777 828 13 14 984 1042 7 7 1003 1052 11 19 1011 1085 
5 22 45 51 177 32 32 57 198 26 26 238 333 8 8 632 664 43 43 763 911 
7 17 17 70 139 8 8 153 183 33 33 703 821 11 15 732 781 22 22 752 834 30 37 956 1109 4 9 1156 1184 
5 35 36 236 373 22 49 278 461 20 60 407 626 33 34 833 979 16 16 972 1051 
7 19 48 304 483 38 54 330 510 7 9 514 548 42 60 590 817 5 9 653 677 6 10 1102 1149 6 8 1171 1199 
6 17 28 61 180 29 29 66 189 24 32 406 562 25 33 974 1143 25 25 1111 1194 8 11 1151 1186 
