10 114
13 44 71 210 427 24 47 314 417 59 115 436 673 11 16 757 823 13 25 786 852 19 34 870 942 35 67 894 1080 11 26 955 1009 10 23 1033 1097 14 42 1072 1188 19 59 1197 1321 13 34 1237 1323 1 5 1312 1321 
10 36 49 128 313 68 96 421 646 51 99 450 711 10 18 580 632 2 9 625 642 55 57 689 907 21 26 704 794 28 60 1045 1179 23 23 1162 1249 8 10 1164 1194 
11 22 52 107 221 42 101 187 446 56 138 327 578 14 26 362 432 28 84 752 931 8 10 1026 1062 61 96 1044 1292 9 28 1047 1103 12 35 1087 1163 15 25 1126 1198 2 6 1237 1249 
13 37 95 64 245 9 19 172 224 11 47 205 310 1 2 228 238 38 103 431 669 52 94 474 705 7 9 495 521 29 54 624 783 37 143 652 893 14 80 689 840 19 44 983 1089 23 61 1150 1286 2 5 1314 1326 
14 24 53 21 125 16 36 75 159 7 10 148 181 24 95 182 395 1 2 269 275 39 78 358 623 4 5 439 454 1 2 498 503 44 116 530 760 22 38 581 667 17 50 946 1073 16 28 963 1036 22 33 974 1085 32 59 1134 1297 
13 43 123 151 386 27 43 181 292 14 35 307 385 4 9 363 382 20 38 415 501 42 92 518 767 4 9 525 545 37 37 751 930 33 46 970 1122 22 59 1003 1199 12 19 1018 1076 31 47 1020 1125 1 5 1259 1269 
12 17 34 30 128 28 30 40 230 28 86 244 418 34 49 633 810 29 60 637 803 28 32 756 923 30 76 826 1001 51 139 999 1242 2 2 1040 1052 31 65 1082 1234 1 3 1253 1260 3 6 1285 1305 
7 25 50 344 482 42 109 347 577 60 96 359 618 36 99 724 980 39 75 735 901 22 35 1052 1137 49 142 1064 1303 
9 43 90 17 215 24 119 87 304 25 89 372 539 2 6 458 478 53 105 737 1002 56 133 749 974 23 43 782 888 13 39 1116 1198 37 42 1148 1276 
12 10 36 146 237 24 44 219 322 40 98 604 820 48 145 610 868 50 73 752 1002 10 19 756 824 42 61 909 1094 5 14 1156 1184 15 36 1159 1243 14 37 1228 1304 9 13 1240 1285 2 5 1285 1295 
