10 194
22 22 50 30 143 3 4 165 179 24 40 335 436 19 31 381 468 37 38 418 561 11 40 527 627 8 26 535 585 25 48 586 702 29 32 639 805 7 32 658 718 54 97 696 933 2 4 724 738 3 9 778 800 30 73 849 1109 39 53 953 1085 36 71 956 1118 10 23 971 1024 29 43 1082 1189 22 50 1183 1347 21 45 1241 1392 1 1 1337 1340 3 10 1357 1383 
19 27 44 164 291 36 89 388 637 36 64 456 625 1 1 457 462 24 36 494 587 54 79 621 814 18 61 748 874 27 48 842 997 7 7 919 942 34 96 1003 1201 34 51 1100 1222 36 83 1129 1297 15 43 1149 1274 67 96 1178 1432 10 12 1179 1213 23 35 1190 1330 5 10 1415 1433 2 4 1423 1433 1 1 1431 1434 
22 1 2 93 101 21 88 96 244 2 2 104 113 37 85 117 321 38 38 182 307 36 50 240 408 11 24 256 314 1 1 363 369 5 5 394 411 28 48 555 668 35 103 735 975 8 23 876 945 37 79 880 1064 45 45 902 1050 3 6 922 937 43 68 933 1125 29 75 1005 1168 43 57 1116 1337 32 68 1244 1385 1 3 1249 1261 5 6 1328 1354 4 8 1409 1431 
17 15 15 89 153 30 73 409 611 45 65 418 557 34 59 482 625 29 39 519 670 61 116 665 938 24 34 788 878 29 50 906 1077 10 27 1004 1072 12 30 1040 1126 32 76 1073 1226 33 70 1194 1362 26 37 1210 1311 23 31 1212 1294 25 36 1299 1401 22 36 1315 1436 1 1 1425 1428 
16 11 24 154 205 40 68 202 356 67 75 345 603 11 48 355 506 32 58 465 624 56 89 542 761 12 18 556 635 41 52 945 1131 23 63 1062 1175 26 41 1103 1256 73 121 1122 1374 10 34 1275 1342 21 60 1310 1425 9 25 1358 1423 9 30 1361 1411 1 2 1427 1432 
19 36 74 11 192 5 13 42 69 34 62 204 358 17 17 231 297 47 100 270 549 11 22 485 544 33 33 628 768 52 107 706 915 47 47 708 883 35 79 741 924 7 15 764 798 6 6 1001 1022 48 88 1045 1285 22 22 1058 1144 18 81 1208 1365 33 85 1224 1427 5 22 1225 1305 5 13 1382 1404 1 1 1433 1436 
20 8 12 41 81 44 78 70 220 50 111 181 446 15 61 184 287 17 29 190 284 29 87 230 410 10 20 260 309 41 59 264 496 14 39 327 407 41 70 436 665 57 87 472 752 23 105 597 811 21 54 603 697 42 93 627 839 3 11 822 865 1 5 867 877 26 60 1020 1163 12 50 1050 1170 18 37 1198 1275 4 13 1409 1434 
15 34 144 89 367 29 46 199 366 31 92 357 525 16 35 423 517 58 58 448 687 24 84 534 692 34 81 536 753 33 91 609 863 47 87 648 886 1 3 690 697 4 14 915 947 45 94 1021 1265 34 101 1134 1368 29 76 1265 1417 13 44 1271 1399 
24 3 8 1 33 1 3 39 49 8 15 82 121 25 45 111 213 33 95 119 314 35 53 167 331 22 45 226 322 15 32 243 304 34 111 356 613 19 48 384 491 36 72 452 613 3 6 467 482 48 58 542 750 17 52 608 725 14 27 745 822 1 1 782 788 24 49 820 941 26 29 840 947 3 5 891 912 14 17 907 982 26 81 1127 1272 32 75 1209 1381 6 17 1329 1372 3 6 1402 1414 
20 9 21 7 54 18 42 46 129 24 34 188 298 70 70 330 590 4 7 465 484 16 57 496 599 33 75 600 781 16 16 735 792 24 32 741 840 47 47 857 1050 13 49 869 979 1 2 960 965 4 11 1010 1033 31 58 1022 1174 39 86 1086 1250 20 61 1216 1390 64 70 1225 1435 8 17 1262 1298 11 14 1349 1390 6 15 1385 1419 
