10 184
15 49 74 134 371 29 66 379 630 35 35 400 536 43 47 409 601 39 79 646 916 40 40 683 872 18 29 701 793 44 44 733 883 14 18 763 842 32 41 805 976 13 13 854 904 16 16 952 1018 34 82 990 1213 7 9 1294 1328 28 28 1304 1429 
20 58 58 53 317 32 37 199 329 2 2 200 212 3 5 273 293 2 5 280 300 18 44 283 456 35 35 447 632 5 6 456 480 39 51 561 818 10 10 563 610 28 41 658 778 47 47 695 907 22 29 746 847 14 20 880 942 85 85 915 1179 12 12 1004 1066 26 38 1052 1212 25 36 1056 1185 11 12 1315 1360 3 3 1422 1436 
18 31 46 166 353 9 39 247 435 23 44 415 605 5 5 432 452 59 95 449 711 38 38 493 653 42 42 682 867 7 9 730 771 8 9 740 839 38 38 789 919 21 22 1024 1118 23 61 1031 1213 48 81 1097 1335 33 56 1203 1354 24 39 1271 1430 24 25 1271 1402 9 14 1287 1336 1 2 1422 1430 
19 5 5 158 177 29 37 226 393 34 50 310 562 1 1 335 339 58 58 642 903 35 35 671 831 32 32 718 880 1 1 926 929 37 37 1014 1220 34 82 1033 1294 37 52 1111 1330 19 22 1123 1214 29 47 1141 1342 43 74 1223 1420 36 36 1285 1411 5 14 1323 1379 10 11 1390 1426 6 6 1404 1429 2 3 1412 1429 
13 8 13 64 106 20 25 80 190 42 50 95 317 38 43 157 377 27 65 181 383 16 25 199 288 26 26 267 418 44 44 500 716 72 72 515 791 7 10 553 599 58 75 621 899 73 79 969 1246 27 27 1224 1334 
18 46 81 11 254 20 30 185 310 13 21 310 387 31 43 347 506 36 43 479 625 50 50 534 769 60 83 654 916 27 31 741 895 13 18 807 879 8 8 925 949 38 49 933 1154 9 13 986 1037 44 47 1021 1220 4 5 1061 1080 6 8 1062 1104 27 27 1111 1196 15 21 1343 1408 2 2 1418 1428 
20 43 48 69 244 7 40 112 240 2 2 127 135 42 55 129 311 5 14 160 200 32 53 396 577 14 19 504 570 60 60 506 751 24 29 589 689 12 15 652 733 37 50 815 983 41 41 836 1037 29 29 849 1049 14 16 956 1012 28 42 1127 1260 17 37 1133 1243 39 43 1154 1318 17 21 1276 1365 4 8 1308 1341 5 7 1397 1425 
25 54 68 19 289 10 10 41 83 18 41 86 251 36 48 132 313 23 23 137 248 12 24 258 339 3 3 266 280 5 10 396 445 2 4 495 520 34 60 532 793 42 47 561 783 25 36 617 753 3 4 726 745 13 17 753 826 6 7 842 874 24 41 871 990 14 27 900 991 23 23 1043 1166 19 42 1060 1223 5 9 1124 1166 33 33 1216 1356 15 15 1263 1338 6 9 1281 1306 3 4 1373 1388 10 15 1378 1424 
16 39 48 116 349 93 103 498 785 22 44 600 763 3 4 683 699 18 18 754 842 51 51 773 1029 29 35 862 1075 24 44 935 1114 39 68 947 1217 31 31 998 1129 12 15 1033 1097 49 75 1073 1308 27 51 1196 1349 11 21 1339 1411 2 5 1372 1395 2 2 1405 1418 
20 58 105 49 332 61 61 117 354 32 39 125 239 51 63 324 578 7 8 431 465 4 4 502 525 13 13 537 597 2 3 789 812 28 50 817 999 11 18 909 978 61 70 911 1136 10 15 915 979 37 45 963 1116 17 28 1002 1090 15 20 1042 1126 10 13 1105 1171 10 10 1155 1196 33 47 1191 1318 2 3 1224 1242 1 1 1428 1435 
