10 96
11 54 145 52 327 84 97 80 347 15 15 327 376 70 101 464 697 53 65 629 804 23 25 750 821 64 64 812 1000 63 63 1413 1593 72 75 1441 1602 15 18 1523 1571 34 51 1524 1620 
11 105 111 80 310 42 82 376 609 64 102 432 637 66 96 901 1189 67 67 912 1080 74 125 952 1291 51 51 1311 1460 32 44 1473 1603 34 34 1677 1755 5 10 1688 1707 5 5 1739 1750 
9 69 197 4 338 60 60 293 438 31 32 312 408 54 54 685 815 84 91 1042 1277 89 119 1263 1588 4 5 1327 1342 45 45 1340 1445 93 111 1481 1725 
8 74 85 81 407 58 123 736 1012 106 106 1014 1269 60 71 1044 1248 62 94 1125 1318 33 46 1201 1311 58 67 1345 1503 63 63 1513 1614 
10 58 58 65 218 8 13 322 351 107 107 565 862 94 126 809 1141 26 34 1068 1155 91 97 1080 1349 42 44 1204 1317 69 134 1420 1707 71 81 1562 1716 4 4 1723 1733 
11 71 102 153 452 15 15 178 214 71 76 291 576 2 5 846 856 104 104 882 1180 105 105 945 1218 71 92 990 1247 23 23 1003 1063 86 103 1010 1224 8 12 1070 1091 4 4 1747 1758 
6 81 81 31 182 102 152 501 850 185 185 1335 1662 65 110 1394 1614 83 83 1472 1727 41 44 1630 1745 
10 26 28 342 435 81 89 395 682 43 57 599 789 24 24 600 723 71 81 645 803 11 16 909 943 104 176 963 1306 39 39 1018 1116 84 161 1296 1585 19 25 1457 1511 
10 25 65 30 143 29 29 52 139 28 38 75 169 120 164 159 499 68 68 263 422 119 127 435 742 41 59 603 744 30 36 950 1034 22 22 1233 1284 23 33 1321 1395 
10 9 11 18 48 64 64 154 337 12 12 204 236 56 56 273 404 61 61 477 611 20 21 764 818 44 44 1173 1338 50 78 1255 1410 142 170 1297 1630 31 52 1372 1485 
