10 60
8 58 117 30 303 29 61 56 182 12 73 251 387 28 42 577 726 8 26 1382 1431 3 5 1383 1398 5 5 1411 1429 3 6 1416 1440 
7 33 112 23 246 22 72 203 322 6 39 446 567 7 17 710 752 45 74 754 982 28 33 783 898 1 4 1467 1476 
5 2 6 60 72 72 105 610 843 55 115 740 988 24 56 781 895 18 28 1067 1164 
5 38 39 127 316 49 79 744 975 47 53 897 1160 28 41 1248 1355 8 18 1393 1435 
6 16 29 6 69 27 70 266 467 2 9 321 341 80 100 486 711 17 22 705 783 36 45 1139 1290 
8 4 37 128 221 1 6 361 374 39 133 442 690 24 47 793 930 26 71 822 1053 16 43 913 1030 29 84 1146 1322 10 30 1353 1426 
3 73 106 829 1064 59 73 862 1142 4 12 1458 1484 
6 4 10 167 186 43 85 429 644 41 135 775 997 17 28 1092 1173 25 26 1220 1340 9 9 1295 1341 
7 28 80 446 660 9 39 494 593 58 122 785 1078 15 24 796 896 47 77 950 1175 12 43 1117 1192 11 54 1342 1427 
5 10 14 235 295 53 108 379 639 25 29 535 720 25 44 595 712 23 104 886 1135 
