10 178
23 28 99 142 334 4 9 266 288 7 11 267 302 40 65 276 488 1 3 418 428 5 9 504 525 61 98 627 960 4 8 633 653 70 99 633 862 55 124 635 937 4 11 659 686 26 32 910 1032 78 116 938 1251 18 59 1102 1241 7 17 1109 1149 64 157 1130 1431 18 42 1142 1252 13 27 1279 1332 59 140 1387 1689 9 19 1490 1532 12 26 1632 1690 10 28 1663 1729 1 1 1757 1760 
17 26 115 76 386 55 98 173 429 14 31 187 257 63 95 245 545 1 3 274 282 17 26 396 492 60 84 547 775 25 66 601 724 64 72 977 1225 43 82 977 1170 4 11 1090 1115 44 59 1163 1397 69 98 1336 1594 4 10 1352 1374 28 60 1407 1564 62 73 1518 1754 3 3 1635 1645 
18 12 14 63 112 68 104 145 467 38 49 178 435 36 76 282 432 52 127 312 565 15 23 317 386 11 14 432 477 53 140 481 785 12 27 539 607 20 40 574 690 2 2 613 628 14 31 780 851 11 25 884 948 23 34 972 1103 56 88 986 1318 78 207 1227 1532 7 24 1278 1329 60 64 1496 1732 
23 38 45 41 186 1 1 260 264 8 36 402 469 9 18 406 470 5 6 597 617 4 7 619 639 19 29 859 937 32 147 915 1221 28 48 1013 1125 21 27 1044 1132 27 81 1080 1292 33 125 1129 1356 35 76 1155 1375 61 140 1192 1539 28 46 1223 1358 62 75 1289 1556 70 155 1341 1691 7 10 1366 1398 3 8 1371 1389 12 31 1423 1486 12 42 1445 1522 9 28 1456 1532 12 45 1548 1660 
15 49 92 43 318 11 37 95 179 110 111 428 773 29 78 579 779 11 36 649 737 1 1 908 913 38 73 1058 1244 13 29 1204 1269 61 121 1312 1634 68 106 1385 1676 56 121 1388 1703 39 100 1453 1757 37 37 1535 1685 21 32 1650 1726 4 7 1710 1729 
15 23 62 98 208 63 102 293 552 45 45 355 551 52 118 504 739 31 52 905 1030 29 89 912 1108 75 180 921 1224 28 48 979 1078 20 75 1114 1319 28 70 1120 1235 26 47 1477 1636 41 41 1540 1676 33 97 1541 1750 15 32 1596 1679 17 32 1641 1727 
20 22 39 136 301 11 37 318 384 39 49 347 501 6 14 353 383 18 53 567 756 52 144 678 1010 21 54 748 890 59 94 983 1300 60 78 1069 1340 6 10 1075 1104 21 59 1144 1299 52 98 1177 1450 17 50 1305 1391 54 97 1425 1681 5 10 1427 1452 37 83 1512 1683 4 12 1516 1540 28 30 1587 1694 2 8 1642 1674 3 9 1684 1703 
13 18 29 7 103 8 18 17 66 44 66 161 365 88 117 191 534 57 80 298 570 40 73 372 502 73 145 398 712 12 32 483 550 92 189 507 850 52 67 743 990 3 14 928 951 36 76 1360 1537 74 111 1459 1726 
19 97 124 10 356 24 116 32 263 15 25 242 328 43 75 253 407 48 55 402 723 10 15 666 712 9 22 810 862 76 204 812 1161 29 114 929 1118 36 52 1001 1166 26 39 1092 1211 29 78 1120 1422 6 15 1279 1314 45 111 1342 1601 53 101 1438 1662 1 6 1559 1581 27 49 1591 1724 12 37 1647 1755 4 12 1682 1710 
15 52 85 211 421 50 57 454 632 8 18 512 565 32 81 586 722 29 54 643 806 58 132 800 1067 38 58 813 990 60 106 829 1134 38 134 1049 1343 39 136 1225 1506 40 94 1227 1479 64 122 1282 1562 2 5 1495 1509 5 10 1686 1708 5 8 1686 1716 
