10 116
12 45 118 222 514 1 1 235 242 47 115 245 443 10 27 563 611 46 117 566 791 4 12 685 707 43 113 962 1178 61 69 991 1240 17 158 1079 1334 31 123 1111 1396 6 26 1494 1540 3 4 1587 1602 
11 42 86 2 225 29 98 195 372 65 80 303 553 39 93 368 600 13 40 428 544 72 109 563 850 13 44 679 788 52 61 1290 1534 14 67 1405 1537 20 32 1528 1618 6 17 1569 1612 
13 27 57 263 353 7 17 280 317 58 90 581 889 15 29 684 751 41 81 726 914 17 50 780 877 32 107 1083 1364 56 77 1098 1367 41 58 1236 1434 36 58 1241 1423 1 2 1416 1423 21 97 1425 1617 6 13 1576 1620 
13 11 31 7 91 4 9 108 126 39 64 203 392 41 100 267 455 12 49 300 440 50 120 331 578 59 59 385 602 24 48 540 634 25 92 702 882 4 10 779 810 14 37 992 1065 28 54 1060 1220 15 51 1142 1230 
11 23 34 120 220 9 11 255 299 73 77 350 647 47 89 428 638 55 66 860 1036 43 86 974 1173 27 46 1129 1273 26 40 1267 1380 9 14 1541 1580 2 3 1561 1571 1 8 1599 1617 
12 41 114 306 547 38 95 461 707 58 94 541 859 60 75 728 970 1 8 896 914 19 40 933 1046 19 44 1066 1155 3 4 1177 1188 25 47 1181 1285 24 38 1210 1325 38 80 1256 1448 1 1 1495 1498 
9 41 102 63 301 108 144 216 531 5 12 467 501 40 68 647 834 10 28 694 759 72 102 852 1160 21 48 1404 1524 32 43 1449 1581 1 2 1621 1626 
8 68 128 150 450 44 66 233 411 52 137 262 569 21 59 329 470 40 55 497 678 67 118 737 984 64 91 1208 1482 12 34 1522 1592 
11 33 76 104 282 50 70 235 467 78 128 494 795 7 11 606 648 58 85 620 869 16 25 673 737 1 1 742 745 39 67 968 1145 62 86 1175 1397 5 14 1348 1378 1 3 1599 1606 
16 27 59 99 247 23 37 152 267 10 17 181 233 22 54 230 340 6 8 461 488 26 49 484 591 3 5 852 864 36 82 856 1059 90 92 911 1187 29 29 1266 1396 19 20 1375 1478 2 2 1435 1443 4 12 1489 1513 7 25 1507 1559 23 42 1515 1626 1 2 1619 1625 
