10 77
8 12 21 21 60 30 88 222 401 36 83 616 755 143 143 954 1226 155 155 1209 1525 4 4 1421 1433 3 6 1476 1495 1 1 1622 1625 
10 6 8 235 255 35 42 251 386 69 126 528 798 53 56 585 782 43 54 589 719 65 77 740 920 7 7 1364 1382 15 15 1451 1482 11 16 1574 1623 3 3 1603 1613 
8 49 53 41 198 40 70 60 197 65 113 571 864 8 12 836 859 55 77 844 1019 18 20 1043 1105 52 84 1197 1370 31 66 1453 1584 
10 16 21 153 202 3 3 160 167 48 48 182 290 49 96 410 612 6 6 433 462 1 1 484 489 7 9 532 556 120 137 636 910 58 58 1056 1231 28 48 1461 1593 
6 106 106 320 611 79 79 478 740 42 42 712 888 11 11 852 891 63 106 992 1245 23 25 1442 1506 
10 6 7 162 183 45 73 177 368 20 28 235 284 7 18 883 943 21 25 900 975 90 112 1014 1296 111 111 1050 1321 51 131 1172 1423 4 7 1217 1233 15 15 1347 1391 
5 113 147 177 478 53 90 270 464 97 113 573 846 112 134 1225 1505 9 15 1486 1512 
4 112 133 228 520 76 76 706 930 61 66 1041 1213 72 72 1299 1465 
9 15 15 283 317 26 37 408 512 25 35 463 533 35 35 698 794 18 38 756 846 74 115 804 1070 40 46 1112 1193 90 141 1288 1575 9 9 1586 1617 
7 43 55 43 148 84 102 174 403 113 113 596 860 76 87 863 1078 5 6 1181 1195 18 24 1477 1519 24 24 1542 1586 
