10 34
3 43 72 69 233 25 25 809 859 85 87 1258 1485 
2 95 123 529 799 85 85 1009 1254 
3 112 112 256 516 7 7 902 927 69 99 1250 1435 
2 86 113 399 600 100 100 1209 1395 
2 37 73 50 250 100 108 283 561 
3 50 50 197 365 147 147 197 483 85 85 1050 1250 
3 98 105 497 767 76 99 1193 1403 22 22 1295 1348 
5 35 48 346 489 2 3 629 638 14 19 639 686 72 151 793 1054 57 68 1280 1418 
4 30 30 295 364 60 60 978 1131 22 30 1173 1253 79 124 1196 1446 
7 27 32 521 612 33 49 875 997 48 57 910 1092 17 17 954 996 28 28 1004 1101 7 15 1245 1284 1 1 1379 1383 
