10 387
42 1 1 0 3 4 31 31 146 17 83 37 277 6 47 64 184 5 97 187 499 16 86 218 465 9 64 277 419 4 39 308 390 6 62 314 457 13 107 336 590 11 39 338 508 9 85 341 562 11 62 398 553 16 178 431 754 12 118 537 778 1 19 616 674 1 5 712 734 6 59 741 865 4 45 751 867 1 13 792 822 11 92 800 1012 15 98 822 1119 3 69 850 1058 1 15 852 910 7 54 910 1097 2 36 937 1017 3 40 990 1091 1 3 1085 1094 17 139 1170 1490 4 40 1203 1380 15 52 1251 1484 8 88 1271 1408 4 38 1276 1410 6 46 1291 1401 1 2 1295 1299 14 83 1349 1535 5 34 1359 1450 1 3 1405 1424 10 41 1412 1573 2 19 1419 1463 10 39 1429 1577 1 7 1562 1581 
44 11 134 11 307 5 63 18 227 5 18 53 144 1 15 76 124 11 49 90 272 10 49 158 393 3 27 162 221 7 89 242 403 14 118 262 497 5 26 304 417 1 5 319 342 5 34 329 450 2 35 337 409 17 96 339 637 17 100 356 659 2 17 387 440 12 87 411 699 1 14 528 557 6 55 584 711 8 44 587 776 1 1 681 690 19 83 705 981 1 7 774 799 11 103 791 1009 12 108 793 1100 1 7 827 851 2 15 881 912 6 59 888 1011 5 43 920 1018 1 5 951 962 6 20 1048 1158 1 4 1060 1070 1 4 1064 1073 11 76 1100 1348 4 28 1101 1163 23 124 1121 1433 7 32 1226 1382 1 3 1284 1294 3 29 1347 1408 10 98 1369 1578 5 33 1483 1582 6 38 1524 1619 2 26 1549 1615 1 5 1612 1621 
35 6 44 29 142 1 8 35 63 3 18 37 90 9 61 84 245 1 1 123 128 15 143 179 459 8 54 223 423 6 54 246 390 11 66 303 557 3 44 303 411 10 71 390 603 24 70 408 715 11 65 433 623 14 98 447 719 4 45 557 641 14 81 630 822 1 8 633 647 5 49 708 821 6 93 752 946 8 89 771 966 13 127 790 1022 14 85 821 1089 16 160 923 1220 7 66 1014 1204 16 108 1018 1328 8 66 1176 1345 13 141 1183 1474 10 70 1193 1403 8 122 1259 1522 7 26 1287 1396 5 29 1445 1529 1 3 1446 1455 3 38 1489 1596 2 30 1550 1610 1 6 1584 1601 
41 3 25 10 89 12 66 14 167 16 147 30 323 10 97 32 266 14 84 41 303 12 91 71 288 3 28 160 246 5 48 240 386 8 55 262 423 11 80 349 630 5 69 372 520 6 33 443 573 10 131 509 726 4 29 535 638 4 32 539 684 21 163 557 863 13 38 630 823 7 47 651 857 4 98 689 867 5 40 781 916 5 138 794 1036 15 127 807 1130 11 136 910 1209 6 93 918 1141 19 131 947 1267 6 45 955 1058 1 17 969 1007 11 102 1002 1270 7 47 1278 1410 5 43 1279 1395 1 8 1302 1326 1 18 1315 1362 4 69 1341 1478 2 15 1369 1419 1 5 1442 1463 3 12 1490 1543 4 53 1503 1594 1 13 1515 1571 2 21 1561 1614 1 5 1571 1592 1 14 1596 1626 
40 14 94 59 337 13 77 127 369 1 5 132 153 14 115 157 409 5 49 181 298 1 11 186 208 11 62 226 411 4 43 231 338 4 21 320 418 2 26 335 390 1 4 336 351 10 123 360 579 5 19 394 483 14 81 395 630 1 5 422 452 6 44 437 616 1 2 473 481 7 61 532 685 1 9 557 585 4 31 565 636 8 67 626 789 5 62 728 840 5 62 759 889 1 13 769 797 16 66 809 1060 7 124 941 1226 11 80 946 1173 8 125 1019 1323 14 106 1054 1274 6 38 1088 1200 10 124 1124 1422 9 47 1193 1409 14 53 1243 1538 14 88 1283 1514 5 28 1293 1375 13 91 1346 1574 5 57 1390 1493 5 47 1402 1531 4 18 1539 1603 1 5 1593 1614 
38 7 32 11 200 1 13 82 116 9 108 117 340 4 39 155 287 15 139 209 516 2 21 261 321 3 21 269 331 14 85 279 467 9 67 293 502 3 42 305 406 13 126 403 694 1 8 451 472 1 13 473 500 6 54 477 619 1 8 507 518 14 96 571 820 13 137 587 881 16 77 650 847 5 58 683 813 1 5 686 699 3 12 705 757 10 78 797 1030 7 71 845 1018 4 42 848 935 7 56 865 1071 22 150 887 1199 12 166 891 1160 16 99 1181 1450 1 12 1183 1232 14 119 1198 1501 6 19 1201 1319 4 32 1209 1304 18 84 1231 1545 15 118 1243 1558 5 47 1387 1526 1 6 1475 1500 1 5 1605 1618 1 4 1618 1625 
36 4 40 94 191 10 65 102 318 11 95 112 335 15 74 189 513 3 35 195 265 8 73 218 405 5 42 235 329 12 104 244 495 16 75 256 471 11 80 280 435 8 83 339 537 20 104 345 638 11 120 407 653 3 27 440 509 2 30 539 602 1 2 607 611 12 112 680 899 9 65 701 846 21 139 708 996 1 5 884 894 5 58 952 1069 6 65 978 1108 7 91 1048 1189 11 81 1057 1271 18 92 1090 1337 13 58 1097 1262 2 16 1188 1240 10 92 1192 1457 10 31 1248 1474 8 64 1273 1442 2 18 1294 1351 1 28 1316 1377 1 19 1507 1553 1 21 1509 1562 1 4 1560 1573 1 5 1605 1615 
36 8 124 24 290 6 57 45 207 11 39 60 218 5 60 106 232 13 107 111 435 8 57 116 253 6 71 189 410 13 134 225 541 11 68 270 452 7 67 285 534 5 52 298 428 12 91 301 580 8 63 401 550 4 30 462 545 16 94 492 721 12 82 531 824 14 109 550 819 2 38 555 638 11 68 607 801 3 32 639 720 17 123 661 958 3 45 724 813 4 32 736 823 4 84 764 925 4 86 891 1074 9 109 914 1173 3 39 937 1027 7 74 954 1112 17 123 1080 1370 9 80 1124 1291 1 11 1209 1240 12 96 1231 1489 9 76 1290 1470 1 10 1320 1339 3 23 1496 1570 2 29 1519 1578 
37 1 12 2 42 6 66 82 293 10 107 101 367 9 105 144 401 17 96 165 462 2 5 192 224 9 77 208 396 5 37 238 316 13 61 302 544 3 19 355 427 16 60 357 622 14 99 378 599 6 30 383 485 6 100 426 614 5 86 500 680 12 71 511 719 5 57 512 650 5 64 617 809 10 151 633 892 17 108 640 932 13 76 687 976 7 50 728 892 1 9 742 762 12 115 834 1039 14 158 838 1096 1 20 864 914 14 112 915 1188 1 5 1004 1015 1 9 1068 1083 1 1 1115 1119 6 34 1187 1285 4 38 1194 1277 10 51 1397 1577 9 86 1413 1579 10 103 1419 1605 5 38 1491 1597 3 28 1545 1623 
38 7 100 13 322 11 106 183 414 5 34 217 337 1 6 218 240 6 34 264 386 11 59 273 475 18 175 276 592 1 2 281 314 10 44 297 432 1 10 379 411 16 129 384 635 5 50 466 593 8 146 610 860 21 126 684 999 1 17 725 778 8 97 758 935 3 34 762 871 17 141 774 1083 6 45 798 919 5 18 802 927 9 83 829 999 5 34 831 923 15 79 875 1139 9 75 925 1121 12 121 953 1166 5 42 1012 1146 9 51 1055 1281 2 24 1074 1128 18 104 1237 1543 8 50 1238 1388 6 68 1265 1401 4 37 1473 1586 4 60 1496 1625 7 53 1508 1625 5 39 1513 1595 1 1 1577 1583 1 2 1612 1618 1 2 1617 1623 
