10 177
18 43 44 128 343 29 45 247 405 27 29 275 407 19 19 275 344 3 7 347 371 12 12 496 549 60 70 533 822 44 98 538 889 67 92 647 959 10 12 742 799 9 12 756 811 27 57 827 1038 20 29 842 943 35 38 1206 1384 48 79 1301 1568 50 62 1324 1577 22 50 1495 1676 1 1 1734 1739 
15 35 40 18 170 40 55 113 338 88 113 124 476 14 23 302 398 27 40 325 511 32 33 554 703 45 69 711 942 27 38 789 911 43 96 950 1299 80 80 1059 1379 14 20 1123 1189 62 62 1296 1618 16 34 1407 1541 12 15 1449 1496 1 1 1734 1737 
16 38 47 59 250 13 20 170 257 38 61 299 488 84 84 308 634 26 60 365 548 29 51 442 676 30 35 509 633 34 101 595 911 51 75 596 826 32 38 968 1153 20 25 1010 1167 8 10 1142 1176 32 68 1150 1360 32 32 1542 1705 48 48 1576 1744 10 10 1667 1712 
19 2 3 67 82 74 74 274 546 7 10 400 447 20 45 412 560 51 86 520 835 66 66 527 864 24 38 613 837 73 104 662 1006 22 22 850 946 45 53 905 1095 26 26 984 1097 1 2 1077 1092 38 42 1109 1294 19 65 1179 1407 35 39 1418 1561 3 3 1440 1453 4 6 1642 1666 10 12 1671 1717 1 2 1687 1696 
17 23 23 165 260 56 56 172 402 4 5 324 346 31 36 728 916 2 2 751 763 21 28 840 951 28 40 857 1051 32 113 900 1211 28 28 916 1087 24 45 1160 1292 78 78 1169 1519 1 1 1200 1203 37 37 1241 1430 83 109 1290 1616 56 56 1522 1709 14 14 1665 1717 5 8 1733 1761 
25 2 5 13 31 13 15 31 89 15 25 152 233 6 7 202 239 2 3 209 220 16 16 354 418 27 56 439 622 29 45 462 635 14 16 539 599 29 40 583 731 24 29 684 791 21 33 845 965 13 20 864 925 73 89 929 1216 27 31 989 1103 11 12 1015 1079 3 4 1027 1043 68 101 1035 1372 48 48 1048 1232 44 44 1104 1313 35 40 1225 1433 4 5 1489 1515 23 34 1589 1717 12 23 1679 1752 10 10 1707 1739 
19 5 9 50 88 27 35 140 283 41 51 190 484 16 16 249 322 22 22 287 395 7 7 298 335 46 46 451 576 11 13 500 546 43 60 613 833 36 45 739 921 31 56 791 982 46 93 954 1250 2 2 1043 1054 80 80 1174 1518 32 65 1329 1568 35 38 1348 1517 39 64 1367 1653 10 10 1444 1485 32 37 1580 1714 
15 59 59 133 373 60 60 284 516 11 22 321 389 3 4 340 366 55 95 341 665 73 73 488 757 1 1 659 667 21 24 786 893 68 68 796 1073 19 45 825 963 70 108 872 1214 1 3 1160 1173 87 87 1373 1718 46 50 1599 1757 1 1 1743 1749 
15 82 82 43 346 34 48 106 304 17 19 226 304 60 74 232 580 42 70 311 533 17 17 538 621 50 50 686 909 59 59 717 982 18 40 872 997 9 10 881 942 42 62 916 1140 20 24 1289 1388 55 78 1474 1704 9 9 1632 1674 8 9 1673 1716 
18 14 14 86 142 52 62 187 426 64 64 235 545 2 7 324 353 87 92 437 765 1 1 551 559 14 14 574 647 22 22 605 700 56 58 638 938 60 81 751 1029 55 84 1015 1264 47 47 1122 1295 46 46 1412 1621 29 46 1527 1691 8 8 1566 1603 2 2 1633 1644 20 27 1649 1734 11 16 1667 1710 
