10 252
25 11 73 8 159 12 59 156 378 10 78 196 393 10 69 206 409 9 36 249 393 1 2 250 256 4 50 286 395 7 58 300 437 16 55 491 712 5 39 681 784 2 41 719 787 6 65 794 940 5 22 796 889 6 34 853 981 7 34 922 1064 9 54 995 1133 1 14 1051 1079 13 110 1052 1297 7 38 1217 1399 1 18 1282 1338 3 27 1364 1428 2 17 1385 1421 3 18 1425 1479 1 14 1429 1462 1 9 1446 1464 
25 8 94 13 257 5 58 42 147 12 103 62 346 1 2 89 93 3 25 94 154 18 71 137 355 16 108 138 418 8 86 194 393 14 123 320 608 2 39 325 397 8 90 334 555 5 54 472 581 1 2 559 563 2 35 637 745 1 8 649 685 3 39 651 730 13 88 665 851 6 60 846 966 4 36 926 1027 3 16 1092 1137 6 118 1155 1413 4 29 1197 1312 6 52 1342 1475 1 9 1419 1441 1 5 1438 1452 
30 3 32 27 92 1 2 32 36 7 37 70 161 4 49 113 232 8 60 127 421 1 7 172 198 2 16 194 229 12 73 223 449 3 29 403 462 5 44 427 538 1 10 478 502 11 73 500 785 5 65 595 747 8 45 661 837 4 73 734 888 8 85 771 929 6 35 778 896 6 37 841 930 4 26 843 926 20 95 844 1140 10 64 908 1092 4 23 965 1065 5 85 988 1137 4 29 1117 1190 6 120 1143 1398 1 10 1291 1318 1 6 1395 1413 1 7 1402 1425 1 10 1458 1480 1 1 1485 1489 
27 1 16 27 67 1 3 69 77 12 91 132 330 3 31 170 244 8 66 243 433 5 17 244 378 2 13 281 324 8 120 374 584 2 29 417 511 8 96 495 685 5 38 502 605 8 36 527 654 12 85 546 811 7 57 582 707 2 8 584 628 1 2 612 618 14 139 632 867 2 30 670 743 14 106 880 1141 9 64 929 1065 1 3 956 980 11 84 1054 1274 7 12 1271 1411 3 39 1273 1377 5 30 1314 1393 4 29 1406 1477 3 19 1418 1487 
24 9 59 104 237 10 78 154 429 9 61 186 352 12 67 262 465 14 65 370 619 9 46 404 528 1 3 440 449 7 50 494 649 3 29 512 593 9 114 721 930 8 101 728 940 1 14 859 899 1 4 921 932 9 83 936 1093 7 59 948 1099 7 68 952 1086 16 110 979 1225 1 12 1007 1044 3 38 1046 1129 3 28 1072 1163 1 3 1088 1105 6 36 1125 1226 7 44 1277 1408 2 15 1357 1404 
20 9 82 37 223 7 63 387 528 4 46 480 582 13 97 616 878 9 96 685 873 11 89 700 886 13 85 723 933 12 120 778 1072 1 11 822 854 9 87 899 1058 16 116 1083 1360 1 7 1105 1125 10 64 1143 1321 1 4 1169 1181 11 67 1169 1317 15 165 1196 1481 1 12 1216 1250 2 37 1305 1377 10 47 1326 1485 1 3 1419 1430 
27 7 39 40 177 10 38 77 199 10 92 138 312 10 98 176 391 7 41 193 319 7 50 201 353 7 28 239 336 1 15 264 297 15 141 326 614 1 13 441 472 11 124 551 796 1 1 569 574 12 91 634 862 8 73 634 787 2 16 742 799 1 2 927 937 17 70 991 1225 4 32 1025 1130 1 6 1027 1043 1 7 1050 1065 2 15 1154 1191 5 11 1360 1448 1 11 1375 1416 3 39 1386 1473 3 27 1433 1488 2 16 1447 1490 1 5 1461 1475 
25 14 91 46 243 12 127 56 314 14 109 260 548 14 94 280 516 1 12 295 327 1 4 375 391 4 33 466 564 4 53 546 645 4 30 660 745 3 52 700 781 9 69 870 1075 2 29 919 982 3 39 928 1018 2 41 937 1007 5 57 959 1096 10 66 977 1139 6 63 1029 1178 7 70 1051 1227 10 67 1052 1278 4 29 1055 1143 2 9 1062 1094 11 48 1111 1330 5 58 1309 1424 1 1 1368 1371 1 13 1421 1451 
26 4 42 8 97 6 81 73 226 5 30 161 252 5 39 185 288 4 29 330 435 3 14 432 487 10 133 485 778 3 16 538 593 19 93 590 866 8 79 667 820 1 10 678 702 1 5 745 756 6 39 788 884 7 84 845 1019 2 18 901 949 14 124 917 1175 2 16 926 965 1 5 953 969 12 107 1052 1273 5 5 1128 1234 1 8 1149 1171 11 93 1155 1387 9 82 1189 1401 7 61 1283 1408 3 39 1322 1398 1 2 1485 1489 
23 6 66 40 173 3 14 111 199 12 43 142 349 3 23 143 208 11 115 258 512 8 83 303 540 15 108 595 871 5 39 631 774 6 71 656 847 8 55 674 841 2 16 685 723 14 157 692 971 10 78 857 989 2 18 912 961 6 41 925 1023 4 37 990 1066 18 103 1024 1286 1 5 1065 1073 9 138 1129 1406 4 36 1247 1340 1 11 1328 1349 6 47 1339 1469 1 14 1453 1487 
