10 64
10 4 10 121 149 3 4 369 393 7 8 515 559 50 76 609 848 12 15 710 774 44 75 810 1046 20 49 819 964 17 27 907 995 27 36 938 1143 8 8 1438 1477 
5 69 69 250 522 35 35 339 520 49 53 996 1266 8 8 1129 1172 23 34 1346 1477 
6 8 8 106 142 50 50 164 365 38 38 257 410 15 25 508 587 20 24 847 932 34 34 1071 1229 
7 1 6 125 147 33 65 406 693 46 66 435 695 34 80 1032 1324 29 34 1060 1219 12 18 1099 1169 1 1 1485 1488 
6 37 41 440 617 32 32 1068 1219 20 35 1080 1184 43 60 1169 1418 27 63 1233 1395 11 15 1386 1435 
3 86 86 49 342 64 81 506 745 10 23 1150 1219 
7 42 42 272 435 10 10 485 548 33 43 761 942 39 41 783 950 2 2 1008 1021 25 35 1014 1161 37 50 1231 1407 
5 15 15 36 85 26 31 355 534 26 35 514 791 56 56 907 1119 43 66 926 1193 
7 7 12 85 136 17 20 516 604 10 11 577 630 42 42 684 878 51 94 929 1208 25 44 1037 1192 28 43 1125 1288 
8 23 23 2 107 43 77 322 614 14 15 570 645 14 20 872 934 8 16 994 1049 27 49 1099 1255 9 9 1103 1145 38 38 1215 1362 
