10 112
11 38 77 312 534 4 9 471 506 53 93 592 896 29 44 949 1144 62 70 1023 1296 32 59 1155 1375 38 65 1175 1407 27 27 1223 1302 26 29 1356 1479 20 31 1429 1540 6 6 1586 1612 
8 49 58 365 605 50 69 620 808 33 33 751 862 99 99 802 1103 16 27 876 1048 44 81 994 1255 5 8 1090 1122 29 45 1196 1405 
14 36 36 317 463 2 3 404 416 44 46 417 632 6 8 532 563 60 70 654 938 13 16 716 792 38 45 760 956 42 76 1110 1363 24 24 1154 1268 9 10 1165 1208 1 2 1183 1193 25 44 1294 1459 24 24 1331 1450 5 6 1451 1479 
13 56 64 43 324 45 46 205 425 46 87 246 552 20 25 544 644 42 42 638 783 3 6 712 737 58 67 1055 1352 17 17 1176 1264 33 52 1197 1379 18 18 1417 1497 2 16 1541 1608 1 2 1604 1614 1 1 1618 1624 
11 47 47 286 466 82 82 474 790 18 18 485 626 20 21 680 755 19 43 738 906 62 99 849 1140 37 45 1007 1151 12 21 1233 1311 25 28 1497 1614 1 1 1621 1626 1 1 1622 1625 
13 21 22 209 368 23 32 396 507 76 76 408 689 15 15 463 515 12 29 482 586 2 2 498 511 9 9 922 960 65 65 988 1259 47 73 1159 1419 7 17 1282 1364 37 47 1298 1450 30 44 1389 1535 2 2 1591 1606 
11 2 3 143 158 18 36 158 275 49 56 162 385 47 86 308 596 15 15 468 532 34 34 567 745 69 72 1108 1342 61 61 1217 1498 27 43 1226 1360 19 26 1362 1462 2 2 1593 1607 
11 18 30 28 131 6 8 79 107 16 37 80 202 49 49 175 412 78 78 296 577 22 34 802 995 60 60 863 1111 2 3 1023 1038 40 40 1195 1392 21 25 1390 1495 19 24 1425 1509 
10 10 10 173 215 58 62 443 670 69 69 464 744 43 43 535 819 31 65 575 814 24 37 661 795 2 2 905 917 65 65 987 1207 40 65 1026 1290 7 9 1098 1140 
10 37 37 268 467 73 92 674 980 75 75 747 1064 13 28 885 964 59 59 914 1232 33 46 957 1152 9 21 1049 1114 20 22 1148 1255 9 21 1502 1578 17 17 1542 1590 
