10 100
10 123 132 19 382 147 167 186 561 11 17 221 252 11 20 427 480 213 213 1056 1483 68 108 1206 1387 143 196 1556 1991 2 3 1598 1604 3 3 2139 2149 8 8 2272 2301 
10 56 56 128 275 55 64 176 305 121 126 180 509 42 61 264 396 21 21 649 718 96 143 1057 1424 95 105 1278 1675 92 96 1290 1497 68 116 1343 1570 36 101 1829 2125 
8 77 106 650 895 151 152 978 1309 135 146 1610 2011 121 129 1633 1930 77 129 1684 2005 175 175 1745 2190 40 40 2190 2295 4 4 2212 2221 
9 124 129 392 814 179 179 392 828 24 64 482 597 99 223 930 1289 129 197 1169 1552 71 71 1629 1815 27 27 1823 1881 99 107 1825 2142 17 17 2244 2278 
9 32 32 353 439 246 246 376 805 17 21 730 777 114 114 812 1162 42 42 1018 1140 122 122 1112 1467 16 22 1329 1391 11 20 1737 1770 124 198 1893 2314 
9 30 30 46 130 61 61 460 615 116 116 653 891 54 86 659 1089 44 103 997 1179 146 146 1098 1389 115 232 1402 1811 54 82 1516 1706 34 38 2073 2153 
13 11 21 52 95 122 127 151 553 28 28 226 319 151 151 279 711 89 145 351 585 20 20 578 642 17 17 823 885 118 203 877 1322 49 66 1673 1826 12 12 1725 1766 37 37 1881 1993 21 30 2183 2260 29 34 2194 2259 
9 10 21 274 317 198 198 629 1029 140 197 707 1167 53 96 1108 1338 27 46 1302 1376 92 127 1397 1692 86 120 1415 1749 88 154 1653 2007 20 35 2053 2125 
10 30 34 667 763 146 146 699 1070 123 125 773 1145 43 80 885 1044 78 101 953 1215 77 77 1214 1488 20 20 1317 1378 69 69 1640 1865 51 51 1826 1964 36 36 2109 2202 
13 37 41 243 326 53 53 819 952 5 7 1186 1203 35 35 1421 1483 44 44 1443 1583 24 25 1458 1559 139 139 1503 1901 91 113 1534 1912 94 119 1695 1926 77 102 1788 2049 67 107 1906 2114 11 18 2253 2297 12 14 2256 2291 
