10 175
17 3 4 6 23 104 104 18 453 4 4 60 86 84 130 303 752 72 98 446 833 75 75 539 788 49 50 702 884 63 92 772 1184 60 100 1188 1578 14 35 1261 1372 52 63 1504 1748 33 41 1540 1827 64 124 1678 2033 42 51 1802 1990 2 2 2144 2157 11 15 2201 2256 11 13 2208 2266 
12 122 122 2 395 107 112 455 861 43 43 477 660 57 74 582 896 22 28 828 918 32 43 1439 1568 103 112 1695 2138 81 100 1803 2156 39 61 1848 2120 15 36 1948 2075 58 100 1963 2261 1 1 2314 2318 
19 6 6 27 51 1 1 85 89 54 128 137 522 20 31 213 341 54 60 416 671 82 95 489 836 50 58 509 908 20 33 585 702 39 77 588 1024 70 97 772 1203 8 16 1040 1114 65 65 1209 1570 3 3 1277 1299 65 65 1553 1858 45 56 1881 2230 6 10 1994 2031 38 41 2006 2208 25 26 2140 2304 16 16 2166 2237 
14 104 104 482 847 46 93 674 970 69 69 814 1131 38 43 847 991 22 43 959 1098 42 54 973 1170 109 127 1107 1551 70 70 1364 1721 20 32 1440 1566 47 59 1460 1780 26 63 1917 2092 18 36 2013 2144 21 27 2174 2277 21 21 2199 2288 
21 104 137 6 423 64 64 6 243 12 18 92 173 26 35 291 433 55 56 532 715 10 28 542 628 69 106 556 917 1 2 821 829 66 66 907 1163 1 7 930 961 20 28 1113 1207 7 11 1211 1252 87 93 1615 2063 18 20 1693 1765 28 86 1875 2257 50 62 1891 2110 30 52 1957 2115 24 24 2191 2295 5 5 2281 2305 4 9 2288 2319 1 1 2312 2316 
22 88 88 122 524 31 31 268 444 7 7 312 364 13 13 384 442 15 19 459 545 52 60 560 800 30 84 912 1256 34 34 1024 1182 29 45 1087 1216 85 85 1244 1637 59 96 1266 1649 66 107 1461 1838 25 51 1598 1768 22 36 1723 1925 34 72 1745 1949 1 3 1749 1762 35 35 2029 2165 28 35 2091 2225 5 7 2181 2203 5 5 2224 2249 1 2 2300 2311 1 1 2313 2319 
18 31 63 165 360 13 17 238 327 46 78 317 614 3 5 378 395 55 55 757 955 93 104 766 1142 94 94 1103 1436 72 72 1119 1515 31 31 1141 1283 16 42 1143 1314 18 23 1178 1259 45 45 1421 1570 91 108 1539 1999 42 48 1649 1823 12 15 1709 1773 4 10 1948 1985 36 51 2036 2227 1 1 2293 2298 
15 44 44 12 229 78 94 103 413 21 32 255 388 67 110 348 807 47 118 437 850 44 68 548 824 43 43 633 822 34 34 916 1063 62 62 1020 1432 86 107 1499 1831 78 78 1707 2134 11 19 1881 1943 26 60 1966 2185 10 18 2216 2292 6 6 2286 2310 
22 8 8 307 347 19 19 323 408 15 26 382 498 6 11 433 472 31 71 498 708 39 47 754 945 67 67 922 1258 1 2 965 973 49 79 970 1289 22 48 1089 1287 27 45 1221 1404 8 19 1273 1350 66 112 1390 1776 21 22 1448 1547 36 59 1472 1680 64 128 1549 1982 37 86 1562 1832 78 92 1623 1954 44 44 1779 1926 39 47 2078 2317 4 5 2098 2125 1 4 2231 2248 
15 67 137 216 585 76 80 493 857 30 58 663 899 6 6 1133 1159 42 42 1178 1327 116 117 1178 1626 33 44 1229 1507 18 18 1272 1375 110 112 1291 1724 11 11 1379 1438 28 40 1431 1608 9 20 1500 1568 55 95 1676 2003 47 56 1789 2033 4 5 1810 1838 
