10 62
6 70 74 836 1067 79 86 930 1122 89 97 949 1196 10 10 1452 1489 73 73 1732 1890 88 140 1783 2111 
7 57 61 191 446 182 184 269 643 15 15 753 804 26 46 763 865 91 91 846 1066 17 17 1027 1080 31 31 1813 1904 
7 121 177 100 464 27 41 110 192 93 129 406 643 64 78 596 781 73 98 873 1127 34 34 1394 1491 22 22 1712 1825 
3 89 105 808 1128 167 167 1122 1416 183 184 1595 1980 
5 78 98 863 1077 139 139 1129 1415 21 21 1266 1312 127 169 1497 1806 39 68 1873 2063 
7 36 36 53 143 148 196 312 699 24 24 886 945 151 158 1182 1476 86 125 1200 1468 9 9 2031 2052 12 18 2076 2111 
10 31 41 524 630 81 133 633 899 9 9 1019 1046 40 64 1211 1353 85 128 1511 1755 94 94 1588 1800 16 21 1820 1871 17 26 1950 2008 5 6 2056 2072 6 6 2114 2126 
6 127 127 296 677 117 117 418 687 133 133 811 1134 33 106 861 1040 3 3 1713 1721 30 43 2040 2131 
4 72 83 10 206 74 74 59 233 110 110 157 475 139 143 1045 1388 
7 87 87 825 1104 67 76 852 1017 2 2 936 943 74 74 1076 1352 115 115 1238 1516 66 71 1905 2130 15 15 2076 2116 
