10 129
14 22 30 11 147 68 68 325 661 19 19 717 777 52 71 758 996 17 26 776 900 56 56 801 1034 69 69 804 1115 60 83 928 1248 30 32 1192 1328 4 5 1240 1257 8 21 1312 1372 7 22 1682 1745 1 5 1793 1809 19 40 1934 2031 
10 29 46 54 284 78 98 767 1132 46 54 1296 1485 23 41 1427 1579 45 68 1476 1669 52 74 1493 1751 42 52 1499 1824 54 54 1542 1944 16 29 1696 1826 24 24 2020 2099 
13 4 5 74 94 27 39 350 507 31 78 370 633 63 96 513 805 28 28 532 655 93 98 987 1373 34 67 1011 1300 19 23 1135 1227 64 64 1479 1726 13 13 1907 1971 19 28 1999 2105 6 6 2053 2079 7 12 2082 2120 
12 10 22 89 136 21 37 90 227 38 50 616 788 58 58 668 859 57 69 981 1229 2 2 1092 1102 68 98 1357 1676 90 90 1358 1745 45 45 1576 1802 23 23 1975 2080 11 13 2061 2133 1 1 2135 2140 
15 14 24 208 327 18 18 327 434 61 66 740 966 69 69 771 1009 12 27 839 938 13 22 929 1027 47 48 973 1322 1 2 1034 1048 29 41 1062 1192 15 15 1223 1315 42 51 1254 1481 71 106 1309 1695 1 4 1320 1334 31 62 1355 1526 1 1 2136 2140 
15 22 42 201 429 46 46 293 506 28 28 898 1054 27 47 904 1196 21 45 927 1076 60 64 1022 1288 2 2 1045 1055 13 13 1248 1301 53 69 1279 1507 28 40 1614 1780 29 45 1687 1828 18 20 1753 1814 47 48 1796 1978 14 19 1921 2000 6 6 1941 1968 
11 83 83 571 919 7 17 629 706 27 55 766 1032 106 118 881 1278 44 44 1154 1300 31 43 1370 1572 93 132 1489 1876 11 25 1606 1688 22 40 1924 2102 10 17 2016 2084 4 8 2038 2064 
12 4 4 35 51 9 11 250 294 42 55 368 611 17 39 729 883 98 116 870 1198 76 76 1332 1713 1 1 1579 1585 113 113 1614 1981 2 2 1774 1787 48 59 1851 2108 9 15 2066 2110 2 3 2099 2125 
13 86 107 26 438 42 48 165 402 40 48 355 548 31 41 731 1025 60 109 812 1224 38 47 827 1107 42 42 843 995 25 37 940 1090 69 69 974 1220 32 32 1873 2010 7 7 1884 1929 4 18 1916 1974 3 5 2108 2126 
14 6 8 46 76 50 77 561 888 35 52 883 1068 44 90 926 1245 2 4 1073 1086 87 156 1084 1506 4 6 1176 1197 66 119 1227 1637 12 14 1308 1394 40 48 1605 1833 10 17 1628 1697 24 24 1638 1731 18 21 1766 1868 20 36 2014 2131 
