10 60
5 8 10 381 416 72 103 424 721 32 53 486 626 44 68 530 684 47 94 671 1015 
6 11 39 408 531 37 105 518 821 56 95 707 946 47 96 1483 1687 19 54 1501 1652 28 32 1538 1729 
6 6 20 429 465 84 138 471 796 29 48 561 742 27 105 575 777 40 96 1347 1505 5 8 1387 1413 
7 62 104 62 328 10 48 429 533 12 37 474 553 49 111 562 826 36 67 928 1173 10 40 1430 1506 4 13 1871 1908 
8 8 18 630 682 12 41 1053 1127 22 52 1225 1373 70 125 1248 1531 26 46 1432 1561 12 22 1599 1641 43 75 1622 1794 4 11 1683 1707 
6 41 168 239 530 6 6 453 474 57 113 1233 1479 76 114 1607 1933 11 28 1724 1792 17 55 1750 1876 
3 79 118 67 394 41 112 139 400 86 137 1441 1807 
7 43 101 769 952 2 2 1100 1109 25 38 1337 1510 66 125 1467 1760 21 66 1672 1776 21 36 1805 1945 10 24 1811 1857 
6 25 71 403 561 44 61 457 651 81 134 534 921 22 100 1414 1601 11 43 1848 1915 6 17 1858 1888 
6 51 107 434 640 40 110 673 888 57 85 824 1083 43 91 854 1081 20 35 1150 1273 13 23 1843 1905 
