10 111
12 51 112 194 492 2 5 463 477 55 126 464 768 51 84 549 763 39 84 574 818 27 200 769 1194 12 40 878 963 56 99 1517 1789 53 55 1847 2036 41 91 1909 2139 8 9 1924 1966 3 4 2128 2138 
8 24 106 6 232 72 72 178 519 26 71 306 616 34 44 502 685 20 34 823 918 86 133 886 1312 77 166 1230 1563 54 111 1714 1964 
11 68 166 56 442 71 219 263 652 30 68 397 553 54 102 428 682 53 139 647 961 6 14 659 691 70 87 951 1233 71 115 1585 1864 7 9 1793 1821 10 22 1886 1953 3 7 2008 2031 
11 4 11 107 135 89 111 398 694 61 150 398 679 3 9 460 488 62 154 633 991 49 159 717 969 62 67 719 978 32 76 822 1011 32 80 1221 1388 9 23 1521 1565 1 2 2048 2056 
11 51 88 593 785 100 131 628 1037 45 61 650 819 26 52 871 979 45 77 878 1084 5 15 999 1035 9 22 1510 1581 29 50 1592 1708 84 126 1672 2005 17 40 1701 1777 7 37 1962 2048 
12 10 21 475 517 76 140 569 978 66 105 700 1062 53 188 979 1298 19 36 984 1071 12 17 1487 1532 1 3 1575 1582 24 45 1654 1779 61 130 1655 1953 51 128 1666 2093 26 66 1944 2110 14 33 2067 2135 
10 44 101 192 436 24 77 518 668 88 108 766 1114 81 142 828 1192 27 58 903 1063 2 10 954 978 33 78 1226 1410 32 73 1780 1946 60 86 1855 2134 26 33 1923 2012 
11 41 73 400 569 54 133 418 772 85 123 718 1087 74 136 756 1079 45 87 1394 1590 17 28 1398 1459 25 80 1404 1564 55 78 1445 1710 14 54 1789 1898 27 40 1991 2106 3 4 2125 2139 
12 16 46 6 127 61 61 37 243 14 23 448 510 61 116 586 829 51 98 697 978 2 6 775 789 36 51 1015 1190 49 77 1058 1251 58 104 1310 1562 9 17 1605 1645 14 26 1819 1874 22 44 1955 2055 
13 4 12 177 210 21 35 194 302 71 214 263 639 61 117 278 554 16 46 468 582 44 70 599 800 49 97 851 1075 47 133 869 1122 103 175 892 1320 31 54 1150 1295 21 41 1352 1472 22 36 1786 1865 3 4 2124 2140 
