10 168
13 124 185 79 525 37 98 682 877 134 226 716 1173 65 114 766 1057 20 57 824 976 91 253 906 1354 48 64 927 1223 64 145 1225 1519 23 56 1314 1437 75 137 1508 1965 9 12 1760 1795 27 43 1851 1967 56 81 1861 2274 
19 61 131 131 506 90 186 305 709 25 38 521 635 42 112 622 830 3 10 649 673 115 196 721 1127 68 181 1184 1551 72 201 1554 1935 11 56 1635 1745 64 163 1664 1997 33 106 1691 1925 12 17 1767 1836 12 26 1793 1839 43 94 2040 2283 45 84 2081 2270 29 58 2117 2244 16 16 2199 2284 5 9 2215 2236 2 5 2310 2319 
13 77 216 275 662 75 146 344 711 96 181 395 803 124 151 421 839 86 248 506 926 14 27 1175 1229 44 74 1605 1877 45 153 1618 1945 48 92 1708 1970 6 7 1934 1964 64 119 1943 2234 31 63 2120 2271 4 4 2290 2308 
20 14 22 60 130 66 107 190 487 25 60 293 411 57 132 545 873 7 14 564 610 76 112 912 1255 7 12 1127 1157 85 161 1328 1758 45 88 1362 1579 82 162 1684 2064 17 41 1735 1826 6 10 1762 1788 47 105 1781 1992 27 96 1812 1994 81 170 1816 2189 4 17 1821 1859 19 28 2072 2155 30 42 2154 2314 10 27 2173 2233 3 4 2200 2214 
16 86 168 99 486 5 8 123 140 58 131 164 460 26 39 310 418 33 45 605 781 102 182 615 1038 33 122 780 1115 35 75 846 1005 49 109 899 1136 51 125 1073 1390 44 70 1205 1422 36 138 1624 1876 106 106 1828 2246 5 31 1891 1968 37 51 1891 2084 49 128 1980 2253 
19 9 15 96 149 24 33 112 199 54 107 161 413 7 12 199 227 80 131 230 660 15 26 363 439 19 43 469 566 6 8 490 510 32 77 503 661 7 17 509 547 63 231 520 969 25 42 664 759 62 99 966 1252 113 264 1118 1573 7 10 1236 1271 83 149 1417 1789 91 138 1473 1880 7 17 1904 1952 3 7 2277 2292 
17 2 3 134 146 22 60 175 340 73 119 353 653 19 60 522 627 26 48 914 1034 61 69 1041 1277 113 215 1195 1656 59 160 1539 1794 105 165 1582 1968 24 44 1616 1735 72 113 1746 2086 49 108 1846 2108 45 135 1892 2217 9 11 2152 2184 9 15 2193 2233 14 32 2207 2285 4 9 2294 2315 
19 84 188 193 631 23 59 280 390 78 186 435 817 35 66 505 690 6 15 520 560 40 130 617 880 49 128 1020 1234 104 209 1091 1520 22 31 1258 1350 52 71 1651 1834 39 85 1710 1929 6 15 1715 1762 31 53 1844 2017 23 41 1851 1987 46 82 1889 2120 16 26 1961 2032 55 92 2017 2239 8 17 2189 2253 2 7 2285 2302 
12 29 61 204 449 107 253 259 722 30 68 299 486 98 144 629 999 52 73 742 935 21 51 890 1050 90 111 1209 1644 27 82 1453 1624 91 173 1572 1976 104 148 1659 2059 40 82 1905 2069 17 41 2213 2291 
20 12 30 8 70 23 26 103 202 48 63 202 400 56 92 411 695 76 105 461 791 7 13 483 515 32 63 516 657 53 187 582 890 51 59 934 1137 20 29 1137 1231 28 73 1164 1325 71 144 1396 1757 89 191 1514 1977 30 53 1555 1696 15 44 1687 1767 10 47 1699 1789 66 132 1829 2230 12 29 2002 2070 18 56 2108 2260 11 13 2157 2190 
