10 43
6 22 27 544 610 122 122 654 965 98 107 798 1131 5 5 1533 1544 28 47 1708 1796 7 13 1930 1953 
5 68 88 814 1031 17 22 854 904 28 28 953 1094 72 100 1067 1252 46 55 1531 1694 
4 62 85 40 207 54 104 346 621 72 72 472 644 126 129 641 993 
4 75 80 347 559 74 113 761 1007 64 81 1123 1323 50 53 1434 1555 
4 73 95 598 857 57 57 1028 1247 51 90 1218 1488 153 187 1252 1619 
2 116 119 699 1031 97 118 1097 1409 
3 55 81 46 254 136 142 1062 1363 34 41 1423 1537 
5 37 62 701 847 81 119 763 1006 25 55 820 928 26 29 1219 1284 100 100 1221 1477 
6 1 1 763 768 69 112 1096 1323 172 172 1156 1496 86 148 1297 1571 41 58 1478 1644 4 4 1593 1606 
4 33 49 39 166 64 64 569 749 104 174 837 1141 86 86 1678 1889 
