10 207
17 13 56 174 435 12 128 198 497 12 148 200 585 13 29 231 415 18 124 270 662 4 19 273 422 13 118 445 693 17 116 543 910 1 6 897 918 13 169 1346 1667 8 57 1498 1633 25 177 1575 1945 1 4 1639 1655 10 82 1651 1916 12 128 1671 1929 1 32 1723 1778 9 131 1739 1956 
22 1 4 109 117 1 9 130 154 14 148 143 463 7 47 288 452 13 141 365 625 11 79 395 556 19 167 407 772 22 99 619 996 9 86 763 957 1 11 1121 1167 21 93 1151 1456 13 102 1161 1431 18 107 1290 1575 7 107 1325 1594 2 39 1335 1447 7 69 1515 1694 5 32 1635 1743 4 43 1661 1764 1 13 1747 1774 2 14 1868 1939 1 2 1904 1911 1 12 1906 1929 
19 1 5 74 91 2 18 115 166 19 126 188 483 21 206 229 606 7 57 384 535 8 121 779 1001 1 3 856 863 23 129 964 1348 17 123 1023 1240 7 76 1146 1354 16 82 1283 1630 13 57 1299 1534 9 92 1357 1639 8 26 1364 1526 18 116 1377 1708 7 53 1498 1717 4 32 1781 1858 4 37 1876 1950 1 11 1910 1930 
21 10 98 49 293 8 106 180 381 14 103 228 531 12 163 451 752 5 60 588 722 10 126 607 827 15 77 785 1120 10 120 863 1202 7 89 984 1165 7 67 1037 1194 5 37 1167 1267 10 67 1293 1494 1 5 1356 1366 8 39 1437 1578 6 89 1495 1670 18 169 1509 1900 9 103 1516 1728 13 191 1595 1914 6 40 1811 1915 2 18 1901 1939 1 4 1902 1910 
28 19 107 22 297 20 186 25 395 8 79 25 192 3 26 36 80 3 19 42 112 1 2 185 191 10 161 221 581 7 50 292 424 16 111 339 720 8 53 477 628 7 71 549 674 14 125 618 868 2 15 623 671 2 18 682 737 18 89 846 1127 2 21 865 913 3 32 898 951 2 17 925 972 9 66 1143 1333 5 58 1158 1294 6 68 1405 1565 2 25 1579 1627 13 77 1605 1843 1 5 1808 1824 1 16 1848 1886 2 21 1878 1933 1 11 1925 1953 1 11 1928 1957 
27 3 23 57 128 2 18 57 103 2 28 71 133 6 63 117 246 9 89 366 549 8 77 372 589 10 108 412 722 3 44 748 836 8 60 765 886 14 108 821 1072 3 43 900 1039 1 10 909 931 21 138 909 1210 1 2 915 929 10 110 1098 1261 1 37 1212 1282 21 105 1468 1796 10 46 1517 1739 18 98 1537 1834 10 43 1648 1821 4 24 1663 1753 10 65 1669 1873 7 21 1738 1873 1 2 1798 1809 5 50 1814 1915 2 22 1852 1897 3 19 1903 1948 
19 19 111 106 377 11 118 199 578 22 125 345 705 4 29 494 577 10 123 548 800 5 46 550 667 10 99 834 1090 17 142 997 1374 10 82 1107 1329 1 2 1148 1154 8 93 1171 1380 17 64 1178 1501 18 175 1370 1723 5 43 1419 1510 8 53 1494 1659 6 59 1629 1775 7 47 1750 1874 4 67 1760 1895 4 41 1799 1898 
18 9 64 4 189 7 83 240 424 13 38 294 518 10 53 339 546 4 51 579 687 11 68 652 836 22 103 672 1032 16 143 750 1029 7 53 751 968 1 6 914 927 5 45 920 1005 6 47 956 1065 16 104 965 1303 2 32 1009 1057 14 85 1080 1358 24 184 1196 1572 19 127 1340 1664 1 3 1935 1953 
20 12 128 193 420 16 152 202 519 8 30 211 315 6 62 265 384 27 148 288 651 1 6 297 319 8 40 399 524 14 138 542 835 13 111 555 783 9 70 784 920 16 128 915 1235 11 105 1154 1446 9 149 1459 1828 10 98 1554 1892 1 1 1594 1597 1 1 1634 1637 9 73 1648 1826 6 51 1673 1848 2 24 1868 1935 1 5 1937 1961 
16 7 49 80 212 21 162 111 456 4 48 125 215 9 122 318 626 8 64 519 745 1 3 876 899 8 140 1039 1260 1 23 1230 1274 26 111 1237 1590 29 75 1252 1636 28 152 1398 1747 15 172 1467 1791 7 76 1526 1690 9 80 1680 1856 6 106 1707 1903 6 68 1828 1959 
