10 58
7 10 10 117 161 34 34 547 664 75 87 776 1138 35 35 817 961 46 50 1136 1314 2 2 1141 1151 27 56 1649 1855 
6 64 98 17 350 55 100 52 368 21 32 142 306 10 15 679 768 42 50 1505 1696 29 59 1581 1777 
4 89 89 344 734 23 23 559 682 75 75 750 1043 47 52 1648 1870 
6 44 44 447 599 43 43 451 630 35 59 717 931 33 55 827 991 21 24 1368 1470 31 36 1409 1537 
6 36 45 458 609 51 51 479 814 40 46 552 811 52 52 843 1023 8 13 1118 1159 40 40 1694 1879 
4 58 80 37 373 75 75 472 767 5 5 1408 1436 86 94 1508 1900 
6 30 38 116 290 10 10 142 180 86 86 406 752 75 121 1156 1519 1 1 1839 1843 16 16 1908 1962 
7 70 78 147 413 30 31 376 503 14 20 662 753 21 41 683 861 20 29 687 805 32 68 1071 1281 20 20 1351 1438 
7 25 38 422 554 62 62 531 903 30 30 741 868 105 105 787 1168 5 5 1115 1144 20 32 1498 1639 14 22 1772 1844 
5 33 75 806 1037 62 74 870 1133 59 59 1461 1730 57 61 1461 1676 2 2 1827 1839 
