10 222
24 9 32 272 434 4 34 283 361 7 42 345 508 11 120 425 652 6 64 546 669 5 58 636 748 11 99 652 907 18 102 688 958 10 87 721 1026 5 33 727 817 10 71 737 898 15 159 808 1169 11 60 838 1022 18 169 934 1283 3 32 1008 1063 10 52 1129 1284 1 2 1264 1270 10 91 1389 1567 1 11 1410 1440 9 90 1440 1710 10 70 1567 1732 10 88 1814 2011 1 10 2010 2032 1 3 2024 2031 
20 2 18 48 89 7 42 418 529 10 78 513 725 21 140 558 897 15 68 560 810 12 104 650 881 1 11 665 688 19 164 724 1116 9 96 785 1016 22 144 851 1168 17 74 935 1194 14 80 1179 1422 7 148 1281 1517 7 41 1424 1561 5 60 1441 1584 12 73 1537 1773 7 123 1552 1739 10 100 1711 1908 1 1 1917 1922 2 19 1928 1974 
21 3 57 68 169 8 111 132 367 12 102 146 393 1 15 531 578 1 7 560 580 6 44 635 730 12 139 674 1003 16 108 815 1124 14 148 884 1204 1 10 971 987 21 109 1044 1343 7 46 1088 1219 6 44 1108 1220 15 81 1172 1421 6 69 1241 1443 27 125 1345 1697 20 82 1526 1925 20 170 1569 1924 1 8 1840 1863 3 20 1961 2024 1 2 2016 2023 
29 2 30 90 176 2 19 227 281 4 76 302 472 10 157 362 619 1 4 470 486 5 47 633 734 7 169 672 1051 14 70 674 1016 15 124 683 955 2 26 779 837 18 87 780 1100 2 97 789 1052 8 67 887 1112 2 16 985 1038 15 93 1035 1338 5 100 1094 1281 1 4 1243 1253 6 113 1257 1454 9 120 1281 1491 4 38 1308 1397 4 56 1328 1417 8 64 1381 1519 15 100 1385 1666 14 202 1399 1754 4 37 1484 1569 1 2 1576 1582 17 72 1698 1944 1 12 1819 1845 2 6 1954 1998 
24 6 41 33 130 20 131 47 439 3 35 70 174 5 58 131 235 16 216 144 532 10 49 285 560 14 78 360 650 7 92 682 866 3 34 836 920 14 97 849 1147 9 91 947 1137 19 112 1060 1431 20 187 1091 1483 2 17 1224 1281 14 53 1259 1505 1 2 1658 1666 7 71 1671 1847 1 4 1705 1713 5 48 1788 1901 10 67 1789 1937 7 37 1853 1967 6 64 1889 2011 1 3 1956 1979 1 8 1992 2011 
19 1 11 38 69 5 57 140 235 22 94 287 626 7 38 682 816 18 125 770 1093 13 102 812 1115 15 63 833 1184 13 140 1007 1342 9 84 1013 1211 18 76 1109 1377 4 43 1231 1316 13 100 1263 1585 16 145 1308 1638 17 124 1337 1601 4 72 1569 1742 10 131 1699 1901 14 91 1723 2010 8 89 1812 1992 1 5 1913 1925 
18 6 27 169 261 7 68 271 436 6 65 358 491 21 111 460 804 18 134 521 853 9 66 676 887 14 58 683 857 4 50 725 846 15 108 809 1166 24 33 909 1237 17 119 1049 1333 7 89 1111 1271 17 182 1127 1526 15 126 1447 1741 3 16 1450 1511 14 60 1484 1739 2 42 1784 1882 9 86 1843 2001 
24 9 34 57 229 2 19 197 242 10 89 332 553 10 86 477 698 6 51 596 772 4 65 653 791 22 135 668 1071 8 111 914 1214 9 50 927 1093 18 151 968 1363 17 124 1146 1504 5 80 1270 1506 17 146 1275 1597 15 87 1290 1622 6 58 1519 1629 7 51 1547 1709 1 12 1548 1576 14 126 1561 1907 9 149 1641 1875 3 33 1773 1848 4 18 1793 1867 4 17 1861 1935 1 3 1910 1921 1 18 1951 1984 
17 14 52 21 221 11 59 44 268 16 168 306 686 5 38 320 417 15 105 464 710 27 175 548 903 11 107 700 949 16 179 737 1121 16 126 737 1055 17 134 883 1242 4 76 915 1059 3 32 1123 1197 11 116 1173 1448 14 91 1336 1589 1 4 1402 1414 13 79 1460 1713 11 89 1711 1922 
26 15 85 101 389 12 182 145 496 6 39 196 328 3 27 268 344 19 199 366 704 7 63 623 761 3 13 647 693 5 50 816 965 15 162 938 1239 1 7 1003 1022 12 109 1117 1385 8 142 1125 1427 18 165 1137 1458 7 51 1316 1460 5 57 1328 1457 15 161 1429 1765 7 76 1572 1729 21 112 1622 2015 2 18 1781 1830 6 36 1848 1964 2 7 1864 1896 4 47 1901 2015 1 3 1919 1926 2 27 1951 2019 1 1 2016 2021 1 1 2031 2035 
