10 77
8 54 127 648 891 81 81 723 870 126 126 1009 1218 78 81 1026 1278 64 64 1114 1259 28 39 1729 1808 96 100 1797 2067 18 19 2000 2044 
6 117 142 118 468 28 28 389 501 114 114 939 1277 92 128 964 1371 107 122 1083 1484 40 40 1366 1454 
11 55 113 340 583 112 152 427 686 99 143 442 829 14 24 716 770 43 64 1498 1721 9 9 1551 1582 84 130 1756 2107 26 36 1869 1945 26 26 2056 2118 17 18 2124 2168 1 1 2213 2218 
10 52 70 322 534 94 152 381 818 4 4 624 633 144 198 693 1094 9 9 770 800 31 42 1118 1222 43 81 1319 1470 88 104 1807 2069 4 7 2139 2160 12 17 2170 2212 
10 89 116 150 443 20 36 530 605 5 9 660 681 101 124 812 1140 45 77 984 1161 153 153 1045 1395 21 21 1513 1550 15 24 1904 1957 34 37 2094 2181 9 16 2169 2212 
4 173 200 256 699 95 95 505 764 109 115 1396 1809 103 169 1471 1781 
7 143 188 243 537 122 153 471 820 48 52 977 1118 96 96 1695 1931 89 99 1707 1959 58 95 1811 2062 19 19 2090 2162 
6 154 175 839 1195 75 75 1391 1547 214 221 1568 2012 92 106 1599 1854 9 11 1675 1702 29 29 1952 2019 
7 49 70 23 170 12 15 100 134 8 14 166 205 90 90 788 1045 204 204 1204 1612 63 80 1909 2072 35 44 1968 2093 
8 116 152 137 500 51 69 193 327 130 130 706 985 36 36 714 859 29 55 1049 1167 54 54 1136 1305 35 36 1361 1454 18 18 2031 2075 
