10 101
7 125 160 706 1147 70 71 1358 1649 63 63 1439 1744 52 73 1496 1780 82 167 1695 2113 29 39 1819 1980 8 8 1868 1898 
12 3 3 47 63 49 77 77 358 33 54 300 532 33 88 434 644 11 11 714 771 10 12 872 918 18 23 1376 1469 81 81 1486 1877 47 47 1491 1680 67 67 1684 1967 26 36 1763 1887 36 64 1965 2159 
10 14 17 100 174 31 48 242 426 75 75 513 796 71 71 797 1125 20 23 817 963 60 105 981 1272 29 45 1398 1579 30 30 1473 1623 64 64 1533 1802 20 23 2085 2156 
8 71 109 7 386 80 90 161 486 49 149 379 791 29 54 579 749 45 45 1038 1307 67 67 1082 1376 69 107 1763 2083 5 6 2086 2111 
11 7 8 101 148 27 45 184 348 22 22 434 527 26 46 634 764 36 46 672 869 123 123 1061 1468 34 98 1183 1546 40 91 1357 1589 11 13 1600 1678 109 122 1635 2050 14 18 2022 2091 
15 13 24 42 137 13 13 121 171 29 42 165 315 50 50 233 485 11 27 267 354 19 23 305 421 6 29 460 557 67 114 834 1180 10 18 961 1022 41 41 1376 1572 87 95 1407 1729 33 58 1433 1648 59 87 1845 2150 1 1 1887 1890 4 6 1965 1985 
10 66 78 390 716 3 3 667 685 22 22 775 866 20 20 938 1024 39 39 1244 1375 110 138 1384 1816 34 39 1465 1642 70 80 1689 2021 29 49 1736 1945 81 128 1744 2185 
10 23 25 175 273 45 57 391 581 35 71 408 741 44 88 689 1006 123 123 834 1249 44 55 1163 1430 29 58 1265 1609 27 40 1685 1833 27 27 1748 1865 17 30 1838 1933 
8 88 94 280 643 43 74 359 569 49 49 440 648 90 90 656 964 74 74 725 982 51 64 941 1193 23 28 1350 1487 64 115 1627 2016 
10 20 44 205 395 50 53 251 453 32 54 602 842 80 102 871 1254 83 124 950 1371 17 17 1327 1391 115 116 1554 1984 11 11 1685 1733 59 59 1858 2089 3 5 2131 2149 
