10 31
2 74 74 213 380 154 154 1740 2031 
5 90 90 469 812 20 24 904 961 35 35 1065 1154 106 106 1550 1801 3 5 1999 2012 
2 98 104 105 377 143 160 1706 2035 
2 125 125 1286 1606 127 142 1586 1985 
2 98 112 243 499 111 111 1434 1692 
5 16 18 266 314 37 37 774 897 131 131 1037 1297 63 123 1098 1380 61 61 1118 1253 
4 86 123 72 392 78 93 83 342 24 24 631 676 37 37 902 986 
4 3 8 351 367 116 160 356 668 134 162 1162 1523 53 59 1400 1517 
3 122 141 1292 1621 115 115 1444 1734 70 70 1645 1815 
2 122 134 99 411 73 73 181 368 
