10 445
45 1 9 40 62 10 74 65 243 8 89 88 282 21 145 104 446 13 80 163 455 15 116 258 477 4 62 281 411 8 93 314 531 9 106 346 562 10 68 353 578 10 48 452 604 10 119 463 734 4 22 497 575 10 52 518 665 6 53 594 710 6 52 611 716 8 64 672 934 1 6 822 832 12 67 858 1012 20 162 872 1232 24 141 889 1332 13 145 894 1172 10 68 940 1074 23 213 1087 1495 27 195 1123 1546 17 101 1133 1438 6 102 1177 1423 10 80 1194 1432 10 58 1334 1511 6 53 1369 1505 2 44 1453 1558 12 101 1460 1675 18 136 1529 1950 3 42 1551 1643 9 52 1616 1779 19 146 1772 2173 8 102 1850 2147 8 44 1895 2016 8 107 1918 2097 4 31 1945 2032 1 7 1946 1960 1 20 1967 2018 7 90 2012 2183 2 15 2117 2163 1 6 2199 2211 
42 13 108 0 298 2 13 32 72 18 183 219 603 6 41 272 399 28 245 274 709 21 145 279 642 15 154 310 689 19 184 413 803 13 173 415 858 11 102 417 717 13 94 430 661 1 5 471 482 24 96 511 842 9 92 579 816 10 77 601 783 1 3 678 688 15 171 816 1161 25 192 916 1270 1 6 1088 1100 1 1 1175 1178 10 43 1238 1435 19 186 1339 1675 23 167 1426 1848 17 212 1540 1926 12 157 1554 1831 6 34 1616 1730 12 92 1631 1866 1 2 1669 1674 1 3 1762 1768 17 120 1787 2098 9 100 1814 1972 10 70 1829 2028 14 81 1899 2160 4 34 1978 2084 5 39 2046 2142 7 56 2073 2203 3 24 2098 2182 2 19 2105 2152 1 3 2134 2147 1 15 2143 2182 2 21 2156 2202 1 2 2210 2218 
49 4 23 10 114 7 61 18 165 5 44 19 127 22 86 59 363 2 25 64 127 13 128 113 397 18 101 202 554 6 64 216 382 11 100 217 577 18 67 341 778 14 128 374 666 1 3 421 430 4 47 497 598 2 24 498 552 7 46 763 948 7 49 789 913 3 30 794 854 20 114 849 1163 14 128 933 1343 13 145 989 1220 6 125 1018 1337 4 33 1064 1182 1 1 1066 1071 10 93 1090 1410 12 83 1221 1562 3 51 1222 1315 8 115 1267 1507 2 16 1314 1355 12 107 1356 1628 1 16 1385 1415 9 58 1443 1619 9 85 1447 1609 7 44 1464 1590 12 91 1471 1693 5 128 1487 1769 1 10 1527 1559 15 107 1585 1888 9 28 1596 1802 9 67 1611 1805 15 108 1613 1850 4 99 1620 1833 12 51 1636 1916 6 56 1656 1788 18 107 1683 1983 4 19 1725 1808 16 109 1865 2127 15 103 1918 2168 2 16 1996 2051 4 31 2142 2216 
44 17 129 21 424 2 12 41 85 11 98 93 366 3 35 199 289 17 166 218 556 4 43 251 330 18 174 347 688 9 128 365 598 5 26 384 497 3 72 448 568 8 41 528 663 1 11 622 654 16 105 729 1033 4 53 745 851 6 33 753 867 5 19 836 921 20 250 860 1245 8 57 895 1048 12 89 938 1250 20 140 1019 1313 21 116 1026 1353 15 67 1065 1295 19 93 1119 1460 6 40 1129 1291 29 112 1131 1565 15 130 1138 1507 2 20 1143 1187 13 118 1429 1783 5 36 1508 1626 14 61 1521 1700 1 16 1546 1579 6 44 1589 1730 24 191 1689 2073 13 99 1695 2006 10 88 1861 2109 18 102 1863 2113 3 41 1895 1990 11 124 1902 2149 7 45 1903 2049 3 31 2006 2084 1 10 2015 2044 4 54 2101 2208 1 12 2165 2192 1 11 2181 2211 
42 22 141 9 351 12 135 61 357 21 104 66 479 11 105 104 306 1 10 168 201 7 33 249 365 11 117 307 548 6 54 398 558 1 1 414 417 6 60 456 560 14 114 554 868 7 48 589 692 25 143 694 1083 15 119 745 1047 13 138 792 1024 3 41 843 941 18 168 896 1294 17 97 1081 1348 25 98 1126 1485 6 99 1134 1336 16 214 1179 1527 6 53 1281 1424 7 92 1348 1535 1 12 1375 1418 1 2 1399 1406 26 191 1402 1825 16 91 1420 1731 14 203 1447 1870 1 7 1577 1599 13 97 1634 1950 13 91 1659 1843 12 117 1720 2054 8 110 1772 2047 16 179 1819 2176 2 18 1858 1896 2 34 1864 1932 5 48 1909 2008 12 51 1980 2167 4 41 2001 2092 2 15 2113 2170 1 9 2192 2216 1 5 2201 2214 
45 16 141 45 347 6 38 74 226 11 135 76 266 17 169 105 529 9 127 135 439 13 113 249 577 11 76 265 508 5 24 305 388 5 48 340 470 8 96 380 595 1 3 432 440 3 15 433 491 1 17 549 576 23 177 590 995 16 143 765 1058 11 124 769 1021 30 159 817 1230 6 46 836 958 13 48 885 1061 1 11 900 925 10 55 951 1174 1 11 1006 1034 8 153 1037 1361 22 121 1040 1454 18 51 1075 1387 16 148 1082 1400 6 55 1085 1235 9 72 1106 1274 9 107 1170 1373 14 45 1295 1597 1 6 1325 1337 15 196 1351 1723 24 238 1497 1868 1 4 1514 1527 9 88 1530 1745 4 47 1753 1874 18 108 1795 2094 11 97 1869 2101 5 26 1913 1996 5 74 1919 2076 7 68 1952 2182 1 6 1997 2019 12 67 2000 2200 5 19 2036 2103 1 8 2145 2166 
43 2 14 8 40 30 104 35 417 11 103 73 319 4 24 123 233 7 130 141 324 9 48 187 333 4 39 206 269 15 118 298 673 1 12 409 444 5 55 413 525 8 62 534 667 4 31 571 654 19 279 594 1013 11 206 648 1025 12 93 755 1097 3 25 764 818 18 136 782 1111 5 73 928 1126 3 33 938 1004 23 207 1012 1451 10 79 1066 1308 14 179 1095 1364 21 98 1228 1595 15 148 1233 1671 13 49 1286 1488 3 58 1317 1446 3 30 1348 1418 26 125 1430 1783 7 79 1507 1655 20 105 1546 1860 19 87 1559 1936 12 183 1643 2069 9 45 1703 1876 2 24 1707 1754 3 43 1722 1832 9 106 1725 1985 4 37 1732 1806 5 77 1824 1988 13 143 1849 2155 17 114 1875 2206 3 45 2066 2154 1 5 2177 2192 1 7 2194 2216 
44 23 81 128 417 22 188 165 579 5 39 271 382 10 147 371 790 8 221 418 813 8 39 448 567 16 103 473 740 3 54 505 591 16 94 528 878 3 22 582 653 7 37 626 738 18 222 707 1069 2 31 734 791 7 49 751 961 3 27 772 831 15 103 777 1018 17 143 783 1146 8 110 870 1139 4 36 887 991 5 55 996 1167 12 134 1036 1328 15 138 1137 1445 2 14 1160 1194 1 13 1260 1288 23 291 1289 1726 6 73 1303 1435 22 142 1375 1788 9 106 1419 1713 27 123 1420 1811 26 117 1445 1828 1 4 1450 1461 1 1 1512 1519 12 90 1617 1827 6 41 1660 1781 18 211 1717 2117 3 16 1736 1807 14 106 1763 2001 11 78 1898 2115 7 69 1953 2151 1 9 2025 2047 6 43 2053 2196 5 42 2074 2175 1 7 2164 2182 1 2 2211 2217 
46 4 45 77 185 12 115 165 482 1 4 174 193 4 38 225 337 2 23 242 303 14 218 297 677 5 45 299 413 1 3 317 326 16 221 379 816 7 84 410 617 7 15 448 547 17 122 525 862 23 121 557 932 19 188 735 1106 15 128 752 1138 5 50 863 973 6 57 897 1058 11 100 901 1119 2 36 915 991 26 174 917 1289 9 72 973 1110 10 144 975 1236 18 115 988 1357 2 16 1044 1118 22 149 1045 1465 12 78 1067 1233 2 24 1090 1150 6 59 1135 1276 9 155 1193 1613 1 14 1198 1237 21 185 1263 1696 3 30 1307 1379 3 26 1395 1464 17 125 1415 1772 8 46 1563 1724 14 61 1576 1889 12 98 1632 1929 23 138 1678 1986 3 20 1701 1750 13 79 1750 1937 18 110 1839 2128 9 71 1955 2184 1 15 2136 2173 1 3 2180 2188 1 5 2185 2195 1 3 2194 2206 
45 12 145 96 400 18 133 170 458 13 90 454 804 17 181 457 857 3 36 537 608 24 166 579 987 3 12 686 750 16 87 694 950 26 105 840 1243 9 45 856 996 11 168 873 1157 16 156 881 1189 18 177 931 1311 6 65 972 1105 1 8 984 1007 4 35 998 1077 17 96 1059 1327 13 86 1061 1383 7 57 1096 1266 18 111 1162 1517 10 108 1187 1450 7 65 1223 1401 8 52 1251 1413 7 118 1331 1560 1 11 1367 1389 12 87 1401 1748 11 81 1415 1613 17 250 1530 1965 1 1 1561 1567 6 87 1609 1761 10 58 1651 1837 3 40 1719 1818 12 66 1735 1917 13 91 1737 2089 5 31 1794 1922 1 12 1808 1837 13 86 1811 2012 10 33 1909 2077 6 41 1929 2015 8 63 2036 2205 1 14 2065 2121 6 22 2099 2172 3 20 2123 2190 1 2 2211 2217 1 1 2216 2220 
