10 120
15 80 91 45 343 32 46 55 352 5 13 61 96 1 2 295 302 5 6 556 577 37 66 685 859 7 17 1064 1108 61 152 1176 1554 69 156 1194 1542 75 152 1264 1566 37 46 1292 1432 70 114 1625 2030 17 50 1793 1887 5 16 2173 2213 2 5 2197 2213 
9 59 98 938 1131 36 74 1065 1253 14 41 1244 1350 101 101 1350 1681 80 167 1431 1778 22 49 1455 1561 54 120 1500 1789 28 35 1564 1677 87 163 1569 1999 
8 54 98 25 368 3 4 95 108 98 213 230 664 56 78 543 844 76 137 543 882 60 179 902 1303 87 141 1660 2020 5 7 2176 2199 
12 30 70 183 348 5 28 529 587 82 120 563 911 35 42 608 753 48 123 808 1036 54 103 869 1213 8 143 1268 1509 78 78 1572 1930 12 12 1676 1724 78 127 1829 2213 14 14 2071 2130 6 13 2173 2203 
12 92 92 208 589 15 28 297 367 14 40 992 1091 94 94 993 1358 23 55 997 1116 3 10 1026 1045 111 111 1282 1684 60 129 1306 1698 38 65 1424 1602 39 59 1591 1769 30 65 1733 1872 3 14 2190 2216 
17 52 64 101 317 21 72 287 404 46 95 386 605 6 17 709 752 39 135 926 1215 43 43 993 1159 27 81 1171 1306 8 16 1219 1255 82 129 1459 1880 2 4 1483 1492 2 6 1588 1605 97 138 1675 2061 25 37 1802 1888 5 11 2002 2025 22 45 2106 2208 15 27 2116 2177 13 38 2126 2205 
13 91 155 40 481 24 73 480 700 1 2 750 757 39 72 896 1062 25 63 924 1103 75 130 1187 1562 29 69 1212 1353 53 160 1253 1628 17 23 1466 1558 13 23 1593 1648 45 82 1708 1893 70 85 1777 2044 23 75 2012 2164 
9 57 107 429 673 30 50 577 757 67 180 620 1064 66 225 678 1096 75 146 1108 1423 23 41 1393 1530 88 228 1806 2215 68 226 1812 2205 2 2 2195 2209 
11 61 182 134 436 24 64 424 609 96 148 726 1102 16 22 1070 1144 43 87 1342 1603 68 144 1380 1730 12 15 1487 1531 66 130 1496 1808 35 49 1594 1791 21 56 1812 1949 1 4 2184 2192 
14 50 127 236 524 4 16 937 993 50 65 958 1129 105 205 1161 1604 14 25 1348 1416 1 1 1517 1520 86 86 1621 2019 55 204 1674 2040 48 48 1837 2087 2 2 1865 1874 6 16 2009 2045 21 33 2021 2114 3 7 2069 2090 12 22 2152 2206 
