10 59
6 51 99 477 842 15 32 876 1020 61 67 1298 1583 14 19 1376 1449 45 61 1581 1802 33 42 1633 1893 
7 35 35 72 206 87 89 190 556 2 2 303 315 52 103 315 637 40 45 865 1031 10 14 951 1003 7 7 1036 1091 
6 76 76 233 635 48 76 951 1233 35 55 1243 1497 38 40 1295 1458 15 37 1881 2003 5 5 1909 1934 
6 23 26 160 316 10 23 563 633 87 87 613 1011 18 35 825 916 30 36 864 1011 35 35 1543 1706 
7 71 88 630 907 32 47 711 919 38 38 832 1002 2 2 936 948 34 107 1086 1389 5 7 1288 1333 30 30 1450 1577 
4 93 93 284 648 56 81 418 712 95 102 1332 1726 36 41 1652 1849 
5 27 83 426 693 32 45 580 721 41 51 704 953 67 67 783 1053 49 76 1384 1626 
5 54 60 194 505 67 67 498 780 68 68 506 857 23 23 1509 1592 11 11 1978 2024 
8 64 64 192 476 48 56 275 562 15 32 697 835 5 13 711 758 61 64 736 1058 1 1 1751 1757 23 24 1754 1911 16 21 1895 1962 
5 41 67 928 1136 62 97 1202 1530 55 70 1209 1432 29 57 1387 1550 43 50 1638 1864 
