10 146
18 57 57 263 488 13 15 304 375 69 69 350 682 6 6 524 552 67 101 556 944 58 75 758 1133 74 77 870 1241 29 29 1233 1364 29 66 1295 1491 67 90 1468 1787 57 75 1493 1740 3 3 1596 1618 2 7 1716 1740 13 17 1723 1838 59 59 1749 2032 13 21 1839 1943 68 68 2007 2285 4 5 2290 2307 
16 68 68 42 380 20 44 326 481 28 43 523 703 70 74 708 1115 18 18 787 862 56 131 876 1282 68 71 1326 1571 54 69 1464 1737 55 135 1539 1991 20 48 1548 1682 42 80 1646 1941 9 14 1869 1925 54 58 1985 2201 49 64 1999 2286 32 39 2198 2337 13 13 2342 2404 
11 65 83 93 421 82 99 277 662 102 102 502 945 81 81 621 1047 82 106 672 1043 52 71 680 945 51 61 689 890 21 45 1597 1801 114 114 1800 2272 10 12 1839 1881 1 1 2400 2405 
17 4 4 66 113 101 101 348 767 56 56 896 1205 35 45 923 1128 44 67 924 1232 77 108 942 1273 49 49 969 1175 66 70 1078 1330 6 6 1295 1322 34 42 1481 1611 7 12 1879 1933 80 130 1959 2317 68 108 1995 2343 31 42 2012 2167 6 6 2194 2229 1 2 2227 2235 5 5 2377 2403 
11 122 122 170 643 27 38 252 362 127 127 487 923 73 96 596 987 81 138 759 1240 95 107 1086 1497 102 108 1485 1929 78 78 1494 1799 24 34 1876 2021 21 38 2236 2343 17 21 2273 2374 
11 57 57 316 654 13 14 344 443 95 129 352 759 15 18 553 619 126 135 593 1007 55 60 647 856 68 100 721 1158 77 77 770 1099 100 111 1191 1552 2 2 1726 1738 44 65 1730 1924 
15 31 39 278 446 19 24 575 685 61 80 928 1252 80 86 943 1361 36 65 1043 1267 82 82 1292 1751 35 37 1471 1696 35 61 1478 1768 65 97 1534 1886 105 105 1654 2111 17 17 1752 1833 59 60 1991 2305 15 24 2238 2355 4 4 2379 2400 1 2 2392 2400 
13 59 78 218 545 16 37 622 736 59 63 658 919 35 41 724 877 86 119 1216 1680 91 91 1237 1640 88 122 1345 1706 16 22 1449 1575 64 66 1484 1831 15 15 1499 1583 54 60 1550 1768 51 64 1999 2215 23 23 2301 2384 
17 87 87 46 430 14 17 63 121 5 7 178 204 52 52 317 512 10 38 670 760 27 27 797 903 55 103 896 1339 60 95 978 1289 21 39 986 1140 30 52 1259 1440 52 74 1288 1616 61 61 1413 1653 25 60 1556 1745 27 54 1747 1917 56 56 1954 2207 61 61 2101 2307 20 28 2197 2337 
17 42 57 213 494 17 22 267 343 1 2 446 455 70 126 480 877 29 36 517 654 46 66 624 855 28 45 684 836 1 3 772 782 31 60 794 969 48 86 1002 1303 121 121 1119 1595 67 67 1145 1426 39 39 1598 1773 50 74 1819 2112 15 15 1997 2060 27 33 2009 2142 29 45 2123 2271 
