10 93
7 105 237 367 818 156 156 969 1406 53 83 1154 1303 102 131 1204 1493 128 232 1809 2235 207 207 1828 2288 8 8 1950 1969 
10 248 248 325 751 69 69 427 580 87 87 1067 1298 66 66 1639 1833 82 139 1725 2024 29 29 1729 1812 57 82 2173 2344 37 72 2176 2311 45 65 2256 2378 3 4 2376 2390 
6 131 131 31 333 160 160 570 984 134 170 854 1326 127 142 1449 1852 73 73 2060 2219 45 73 2224 2362 
8 112 143 195 557 200 200 451 912 20 20 640 699 186 218 1313 1761 129 137 1465 1729 53 53 1860 1994 1 1 2009 2012 24 26 2225 2290 
9 13 30 113 186 164 246 357 757 57 90 358 648 55 89 436 639 13 13 481 519 57 57 785 909 198 198 816 1209 153 153 1584 1971 3 5 2355 2366 
10 24 41 17 103 16 29 304 353 18 27 526 581 61 73 541 752 4 6 552 566 237 237 839 1305 68 68 975 1141 68 68 1264 1424 99 165 1782 2095 76 76 1901 2124 
8 56 69 603 801 61 70 611 758 136 136 734 1172 49 76 1406 1588 91 91 1549 1751 120 166 1671 2001 141 205 1726 2186 24 29 2230 2333 
9 129 161 33 336 147 147 327 585 98 198 1593 1997 20 20 1652 1704 61 111 1707 1898 122 135 1780 2075 10 15 1948 1985 26 48 2028 2165 100 136 2103 2370 
14 58 93 56 268 4 12 99 137 228 228 139 582 4 4 197 208 7 11 743 769 33 52 918 1017 150 156 1172 1569 105 105 1403 1662 38 38 1422 1503 8 8 2123 2146 39 39 2161 2268 1 2 2320 2325 9 12 2359 2386 2 2 2398 2405 
12 21 41 79 150 119 119 455 752 11 11 552 587 102 121 834 1082 73 73 986 1175 114 230 1054 1502 72 119 1197 1443 68 68 1206 1388 52 105 1988 2235 20 28 2049 2116 3 3 2280 2292 4 5 2377 2389 
