10 64
6 65 115 79 368 76 93 1237 1576 84 132 1609 1999 7 14 1773 1807 14 31 1887 1962 2 4 2017 2029 
4 37 94 426 614 18 35 939 1045 81 134 1145 1434 89 170 1618 1962 
6 32 46 74 221 87 127 90 426 33 80 991 1156 31 65 1121 1283 36 69 1477 1689 34 65 1842 1986 
8 10 28 146 209 7 21 380 428 56 127 928 1244 8 10 1017 1050 2 5 1219 1229 74 155 1432 1753 50 110 1731 2014 34 50 1888 2028 
7 25 62 70 228 67 104 1241 1499 58 90 1283 1544 3 4 1401 1421 11 48 1405 1490 25 55 1567 1706 1 2 1989 1997 
5 21 33 692 785 55 196 913 1249 56 94 1196 1447 37 72 1850 2026 22 52 1928 2033 
8 36 172 167 496 28 75 320 727 81 168 468 848 78 179 972 1326 4 4 1254 1271 3 8 1450 1468 4 20 1697 1734 10 25 1971 2021 
8 67 74 154 424 14 31 215 297 23 40 1554 1656 12 14 1636 1686 17 36 1671 1761 41 116 1697 1914 29 31 1939 2035 3 5 1939 1951 
6 25 103 474 649 51 51 649 837 43 43 962 1166 71 129 1506 1896 10 19 1860 1913 7 10 1972 2006 
6 49 130 303 695 74 161 850 1231 26 79 1117 1290 50 116 1417 1813 19 28 1549 1641 8 22 1967 2009 
