10 168
22 56 130 523 969 62 107 632 1016 11 28 799 862 29 93 888 1061 15 40 1021 1125 47 108 1073 1257 24 43 1251 1360 9 18 1324 1363 63 160 1358 1720 41 50 1368 1593 67 167 1482 1787 48 70 1610 1786 80 175 1758 2130 59 197 1790 2094 36 86 1848 2059 22 43 1940 2069 8 30 2073 2143 37 59 2144 2363 8 19 2249 2303 6 14 2329 2370 2 11 2347 2369 2 4 2386 2403 
17 9 44 90 186 59 67 189 443 38 84 240 514 71 82 429 663 8 8 451 479 43 64 649 829 66 130 780 1111 36 77 888 1082 3 10 995 1033 30 270 1092 1560 79 107 1092 1454 1 3 1372 1384 54 113 1495 1726 84 161 1512 1910 37 48 1743 1946 61 93 1801 2054 42 52 1964 2140 
12 52 81 290 661 26 145 669 1036 26 64 1039 1155 84 112 1128 1587 93 123 1389 1730 48 76 1645 1817 38 92 1711 1943 72 158 1737 2075 68 130 1781 2139 51 94 1846 2044 111 151 1868 2242 35 80 2032 2266 
24 58 85 2 230 46 46 183 407 42 192 212 646 123 177 349 823 10 31 651 718 24 59 668 841 10 26 745 810 21 32 803 911 33 90 969 1190 42 79 1079 1276 44 90 1233 1436 6 17 1282 1307 8 24 1480 1535 42 75 1504 1681 3 6 1644 1660 75 81 1724 2014 24 83 1886 2123 40 56 1904 2121 20 64 2033 2175 11 21 2124 2162 7 22 2252 2308 1 1 2352 2355 6 19 2370 2405 1 1 2384 2390 
22 47 87 463 825 12 33 473 534 8 24 589 654 81 191 636 1098 17 30 993 1085 83 88 1012 1378 49 105 1134 1376 83 146 1192 1563 40 69 1226 1417 2 7 1404 1416 3 4 1444 1457 40 155 1479 1951 9 18 1699 1765 43 63 1738 1872 57 165 1944 2337 44 44 2021 2182 13 17 2031 2084 8 66 2104 2225 5 17 2107 2138 4 11 2202 2230 29 31 2203 2309 28 42 2260 2388 
18 84 161 238 604 45 68 420 588 22 44 457 550 11 62 459 548 104 293 554 1032 29 62 566 726 93 93 601 927 93 226 891 1320 26 62 962 1153 69 74 1100 1373 22 39 1528 1650 15 39 1667 1763 18 19 1861 1952 1 2 1906 1915 53 126 2024 2319 7 16 2062 2093 24 59 2099 2228 55 141 2114 2394 
12 22 65 431 555 12 20 697 781 94 94 937 1315 35 97 942 1145 65 120 1121 1422 48 106 1154 1470 70 128 1238 1507 101 229 1454 1875 105 171 1480 1897 67 205 1573 1976 61 90 1686 2032 20 34 1739 1825 
10 141 153 653 1132 68 170 658 1042 21 32 724 813 54 144 833 1162 31 50 1014 1157 77 175 1473 1941 44 68 1520 1774 42 104 1534 1810 88 88 1755 2068 136 147 1910 2371 
14 64 148 92 408 80 169 268 703 52 122 545 880 48 108 704 1051 58 117 925 1215 144 221 1251 1649 47 89 1320 1511 31 47 1378 1568 11 40 1382 1466 89 102 1435 1799 23 23 1960 2054 26 28 2150 2259 36 58 2227 2392 10 10 2362 2401 
17 48 107 115 412 46 126 184 515 97 212 396 838 29 68 415 552 83 85 596 945 13 28 662 741 86 168 814 1256 91 197 1347 1800 51 95 1629 1916 47 47 1744 1925 24 34 1806 1899 69 71 1996 2281 1 3 2009 2020 45 108 2096 2328 32 102 2131 2352 8 32 2205 2275 6 14 2312 2356 
