10 104
10 18 25 643 700 66 87 1002 1219 1 1 1026 1032 161 180 1152 1578 51 52 1209 1369 1 1 1247 1251 109 109 1367 1610 213 213 1580 1992 38 52 1672 1778 57 63 1831 1994 
12 28 35 147 221 128 128 232 585 26 26 496 565 70 70 635 812 152 152 835 1154 5 9 979 1002 130 130 1375 1710 78 88 1572 1769 1 2 1736 1740 42 42 1836 1923 112 112 1959 2210 14 14 2122 2151 
7 100 153 330 668 156 186 660 989 89 89 1242 1458 52 65 1267 1509 184 184 1759 2138 63 114 1961 2183 57 57 1996 2113 
9 18 18 173 212 165 165 347 769 67 81 555 760 19 19 613 650 89 89 808 1022 154 188 980 1417 82 90 1394 1652 107 188 1404 1795 37 37 1467 1552 
13 122 122 253 615 11 15 569 602 54 54 609 767 115 122 1019 1417 5 6 1028 1044 38 83 1056 1238 30 37 1340 1420 54 54 1630 1763 157 176 1772 2216 69 85 1830 2007 17 17 2067 2106 31 32 2110 2218 14 20 2179 2222 
12 110 110 429 770 67 67 444 576 13 13 784 820 52 100 827 1053 155 201 1011 1441 27 37 1165 1261 97 100 1295 1509 8 8 1377 1401 46 75 1694 1894 67 110 1953 2165 43 58 2010 2164 9 9 2192 2219 
8 139 174 187 579 1 1 435 438 78 111 436 675 115 115 1432 1829 192 192 1491 1905 185 185 1506 1821 94 94 1597 1882 1 1 2168 2171 
8 43 98 234 395 61 61 243 378 121 192 799 1216 53 53 894 1044 104 112 1127 1439 133 133 1450 1733 200 200 1669 2042 13 13 2178 2207 
14 49 130 46 286 15 28 218 269 88 164 536 871 26 42 609 683 38 48 621 727 16 28 708 807 41 54 906 1005 49 49 924 1013 83 83 962 1204 140 140 1092 1481 4 7 1202 1218 60 141 1224 1485 82 82 1355 1503 15 19 2126 2162 
11 29 29 21 106 24 42 92 204 66 66 132 239 49 49 225 325 98 104 635 882 63 112 685 912 76 105 1347 1620 102 102 1400 1635 30 30 1592 1670 103 126 1636 1901 75 168 1682 2035 
