10 239
25 13 126 88 327 2 33 92 186 5 235 206 548 5 55 242 366 8 130 249 509 7 48 330 458 20 181 337 674 5 27 544 703 1 16 757 796 14 168 952 1310 17 137 1024 1383 1 9 1059 1083 3 15 1061 1119 9 99 1063 1371 8 55 1074 1196 1 16 1077 1116 16 118 1125 1475 5 77 1257 1442 15 168 1475 1830 7 45 1540 1669 15 90 1595 1888 8 44 1657 1869 12 63 1705 1890 2 28 1810 1878 1 5 1843 1861 
29 19 126 137 411 6 64 199 341 9 65 255 502 2 32 324 376 4 32 335 424 11 142 543 833 4 40 633 711 2 18 636 706 8 97 698 960 16 204 709 1054 6 59 781 932 3 25 937 998 8 97 951 1263 7 75 1086 1259 8 107 1126 1366 8 35 1220 1362 14 135 1270 1629 2 27 1286 1350 6 46 1311 1446 17 114 1423 1701 9 78 1473 1639 5 52 1484 1590 5 98 1625 1803 10 102 1715 1885 7 53 1733 1883 5 48 1768 1859 1 10 1789 1812 1 9 1813 1831 1 8 1842 1856 
26 11 121 94 290 9 62 414 569 11 49 417 639 4 27 422 519 24 133 454 820 15 81 499 764 3 53 530 679 1 18 550 592 11 117 664 940 10 67 858 1067 4 24 904 999 1 19 1122 1163 15 162 1130 1445 9 143 1131 1472 15 126 1185 1484 1 2 1217 1224 19 106 1225 1489 1 11 1240 1283 8 95 1299 1636 16 162 1373 1640 3 53 1708 1813 3 36 1743 1823 7 19 1770 1877 2 27 1777 1843 1 3 1851 1859 1 1 1882 1885 
18 13 103 8 262 9 73 142 322 18 108 228 482 10 35 323 473 8 66 656 857 16 111 757 1058 19 194 822 1193 17 88 952 1323 21 166 1091 1469 11 140 1252 1547 1 9 1278 1312 15 135 1288 1614 6 46 1334 1434 5 41 1340 1451 3 32 1372 1454 16 99 1575 1871 7 51 1651 1805 3 20 1750 1818 
27 3 20 87 154 15 77 95 464 11 53 168 330 7 46 282 467 1 11 485 509 4 32 503 594 11 65 562 747 1 1 694 697 5 33 856 987 12 89 864 1086 8 171 889 1251 20 79 929 1217 11 87 935 1091 2 17 992 1038 1 30 1075 1175 4 25 1085 1161 2 29 1117 1175 15 99 1212 1517 18 170 1230 1583 4 14 1268 1333 3 159 1383 1646 7 49 1469 1656 19 185 1501 1851 6 41 1690 1807 7 30 1698 1854 1 13 1862 1890 1 1 1865 1870 
27 2 17 172 206 8 49 268 421 13 102 462 743 7 62 569 706 14 189 623 990 8 96 656 843 2 19 754 796 7 38 855 974 12 130 909 1248 2 33 912 1014 3 30 931 1018 14 44 1022 1371 3 21 1137 1192 14 146 1191 1510 15 66 1197 1534 3 21 1247 1307 2 20 1389 1439 10 105 1394 1697 2 11 1400 1457 22 199 1476 1849 1 14 1530 1569 1 12 1556 1594 5 48 1623 1770 9 41 1640 1797 11 93 1653 1812 4 64 1690 1814 1 2 1764 1771 
20 20 130 38 369 5 35 59 188 8 14 64 231 17 122 118 415 9 65 161 302 18 103 204 461 8 83 296 533 2 14 298 343 15 104 789 1068 12 50 871 1114 3 33 958 1030 14 119 987 1359 18 141 1110 1480 6 52 1110 1241 15 151 1237 1506 1 3 1380 1388 11 59 1414 1565 10 116 1422 1614 1 7 1680 1696 3 43 1788 1879 
21 30 200 48 415 21 140 271 580 14 146 443 736 1 6 449 474 3 39 512 646 4 19 517 620 1 30 787 871 8 36 803 964 17 157 1059 1349 23 166 1068 1427 1 11 1098 1135 5 43 1126 1257 10 82 1161 1377 11 98 1185 1371 11 108 1220 1447 2 20 1228 1274 2 19 1427 1471 12 128 1469 1750 20 117 1490 1803 1 5 1568 1585 12 99 1569 1769 
19 16 78 362 671 10 92 531 722 13 151 535 823 17 193 608 973 18 107 688 970 9 58 692 904 11 130 693 966 10 37 765 936 18 127 778 1071 1 7 780 795 2 11 1148 1197 9 52 1245 1446 14 95 1293 1653 1 8 1419 1445 19 95 1557 1838 14 96 1585 1853 15 90 1591 1875 1 25 1667 1721 5 43 1694 1800 
27 7 69 3 210 17 73 60 362 11 129 79 348 17 125 286 609 12 31 358 533 3 22 361 438 1 11 491 521 4 31 495 562 9 55 516 680 12 110 590 860 20 179 600 904 1 3 686 698 7 47 735 839 9 94 771 1003 7 59 913 1065 1 3 975 985 9 86 1099 1319 1 6 1163 1184 14 48 1193 1401 8 74 1314 1503 1 7 1370 1386 8 44 1399 1618 4 107 1561 1796 13 111 1572 1827 1 8 1590 1609 2 14 1751 1789 1 2 1885 1890 
