10 83
8 61 139 36 366 148 148 769 1098 37 37 782 873 44 44 796 907 42 54 1437 1572 18 40 1808 1880 49 74 1844 2021 15 27 1872 1916 
7 38 50 156 258 69 94 181 358 37 37 433 522 13 13 452 479 139 172 823 1155 51 96 1318 1473 50 74 1504 1668 
9 73 73 118 258 81 97 688 947 20 23 1063 1113 36 36 1591 1726 53 53 1648 1789 76 76 1701 1841 64 64 1869 2055 9 14 1876 1909 5 5 2038 2052 
6 88 88 70 293 45 51 453 574 68 105 1025 1253 116 116 1267 1655 66 145 1425 1721 86 139 1531 1851 
7 24 31 59 150 84 84 261 466 130 187 358 762 112 165 548 927 84 94 596 801 10 13 1004 1041 66 71 1521 1720 
9 126 188 13 307 9 15 117 152 34 40 479 604 44 124 508 878 40 92 541 838 15 15 1091 1129 42 56 1182 1294 102 127 1606 1993 2 2 1946 1952 
12 21 21 18 70 105 105 181 463 28 39 687 773 4 4 1085 1095 78 99 1357 1565 65 84 1428 1713 1 1 1433 1436 10 11 1459 1496 3 3 1725 1735 66 70 1770 1968 10 17 1961 1997 5 6 2044 2058 
6 93 93 962 1192 47 54 1035 1153 122 131 1317 1666 51 54 1436 1662 88 119 1622 1925 45 53 1932 2061 
9 19 19 15 92 41 63 285 411 68 86 306 529 61 86 703 899 110 110 1161 1421 138 138 1352 1693 36 55 1851 1951 3 3 1886 1894 8 8 2000 2025 
10 90 191 426 765 66 91 515 705 45 45 836 995 8 13 883 918 123 123 1180 1506 28 41 1469 1578 43 63 1716 1853 31 31 1772 1839 27 33 1822 1914 30 37 1969 2046 
