10 115
11 52 52 278 462 35 61 349 544 69 71 560 818 48 107 570 967 6 7 854 883 51 61 881 1122 11 11 1363 1406 80 104 1432 1817 45 62 1618 1833 5 7 1926 1968 6 6 1967 2008 
11 44 83 71 275 45 90 142 443 14 22 947 1026 17 20 1115 1186 78 78 1170 1435 28 28 1188 1298 50 53 1411 1666 13 45 1425 1574 60 115 1490 1871 30 36 1613 1732 19 20 1836 1929 
11 35 46 17 153 66 69 101 411 22 22 331 442 42 92 704 1029 67 67 728 1023 41 54 794 980 6 6 959 994 24 52 1002 1158 53 53 1147 1417 12 12 1842 1898 22 23 1890 2013 
10 88 100 273 608 4 12 472 505 79 85 780 1147 74 84 1166 1483 28 65 1200 1477 20 33 1306 1438 37 37 1613 1794 50 68 1685 2057 19 19 1867 1960 13 13 1989 2058 
12 12 25 220 309 16 27 684 786 51 86 781 1080 51 57 879 1113 28 32 1082 1212 73 96 1196 1488 36 57 1229 1416 1 1 1235 1240 42 46 1253 1470 28 84 1293 1680 46 73 1431 1650 11 11 1933 1976 
9 10 16 310 374 73 106 467 845 78 101 479 814 28 45 957 1115 30 33 1166 1291 73 73 1174 1421 80 80 1175 1570 14 15 1282 1351 55 107 1558 1970 
16 83 140 59 459 76 78 108 490 26 26 508 607 10 16 975 1025 1 3 995 1007 21 29 1046 1125 7 9 1071 1102 17 20 1174 1240 39 46 1426 1602 25 32 1500 1663 52 136 1549 1954 15 29 1575 1698 32 53 1793 2025 15 21 1940 2033 8 10 1994 2039 5 9 2022 2049 
13 80 90 265 631 38 47 450 646 16 19 587 683 86 86 813 1212 12 15 989 1032 39 44 1193 1358 56 56 1301 1498 68 124 1398 1768 1 1 1501 1508 17 24 1750 1834 30 45 1812 1973 6 6 1894 1929 12 14 1965 2026 
13 57 101 78 368 35 45 199 423 35 49 507 693 43 50 695 927 29 44 808 1025 65 77 840 1090 23 29 1028 1143 30 30 1048 1153 20 30 1069 1212 37 59 1143 1359 10 24 1739 1811 11 16 1857 1901 3 4 2033 2050 
9 54 60 121 350 35 83 737 1012 32 61 958 1100 126 126 1162 1532 45 48 1236 1461 41 41 1316 1500 50 84 1677 1980 14 20 1769 1857 3 3 1937 1954 
