10 61
6 53 57 377 692 3 4 398 412 49 54 747 976 58 98 965 1328 2 3 1100 1114 22 31 1650 1823 
5 6 7 436 472 4 4 511 527 26 37 1008 1170 51 81 1351 1620 113 113 1514 1858 
10 1 3 86 104 15 18 199 264 23 27 277 377 3 4 583 595 7 7 675 714 46 75 759 1099 39 42 1265 1428 15 34 1658 1764 28 28 1759 1840 12 12 1768 1821 
6 13 13 132 184 32 32 391 520 60 60 1157 1469 53 63 1226 1514 29 35 1728 1874 1 2 1850 1860 
5 47 68 167 434 19 20 818 914 57 77 1222 1489 50 87 1344 1694 36 60 1371 1539 
7 1 1 109 113 9 18 587 645 49 81 918 1272 25 31 1168 1287 47 89 1285 1547 19 23 1315 1415 39 47 1558 1801 
5 6 12 444 481 88 110 549 927 10 11 929 976 68 76 1376 1681 35 55 1669 1846 
8 23 28 241 339 1 1 254 257 44 79 373 672 10 10 707 751 1 1 930 935 85 85 1093 1389 50 63 1421 1671 3 3 1855 1868 
6 17 17 119 213 43 60 268 526 37 68 843 1112 45 45 1542 1732 26 26 1587 1681 14 14 1729 1781 
3 100 100 160 506 88 88 192 567 63 63 900 1153 
