10 108
11 29 56 132 309 75 208 188 590 57 84 692 956 51 106 887 1118 22 46 929 1031 29 137 981 1220 84 146 1137 1477 38 133 1499 1742 16 47 1697 1802 12 31 1702 1821 2 4 2026 2040 
13 26 118 287 555 77 131 318 621 48 111 488 754 22 44 1149 1265 12 24 1185 1245 39 131 1381 1729 85 85 1567 1948 22 44 1599 1739 33 73 1716 1875 15 31 1807 1898 40 83 1818 2009 28 48 1863 2030 9 31 1960 2045 
12 16 87 54 189 51 83 245 497 6 8 378 405 92 125 392 694 9 29 429 494 52 113 517 726 80 105 532 849 28 106 560 731 1 3 927 934 79 79 1221 1538 10 33 1608 1696 1 2 2007 2013 
11 35 35 248 457 117 117 405 791 35 100 500 726 32 41 679 821 21 32 773 869 18 53 1078 1198 73 122 1173 1528 22 69 1226 1355 58 119 1452 1762 7 16 1793 1834 19 55 1812 1938 
10 50 55 112 323 46 86 120 311 22 45 296 421 13 18 361 438 6 11 765 797 92 253 928 1333 98 99 1204 1593 20 56 1437 1580 82 143 1468 1868 30 34 1886 2033 
9 35 156 14 277 87 124 304 633 53 75 472 690 48 102 498 748 56 56 843 1096 94 94 1189 1537 7 17 1772 1814 7 13 1772 1806 13 32 1950 2035 
11 7 11 110 150 59 62 622 891 98 173 658 1042 59 123 699 1060 6 18 743 798 36 64 773 948 6 16 784 816 22 22 1220 1322 64 98 1311 1569 58 132 1399 1684 16 42 1719 1776 
17 6 13 71 105 8 12 239 280 7 19 286 333 11 26 287 351 37 79 371 542 49 149 566 859 127 135 733 1134 6 40 943 1036 3 7 1105 1133 1 2 1320 1328 27 66 1433 1593 54 120 1686 1894 17 51 1696 1825 30 51 1754 1892 24 75 1766 1907 6 12 1999 2029 1 1 2053 2057 
7 71 111 128 474 91 132 431 822 85 205 507 868 58 71 729 927 75 146 1379 1746 31 49 1580 1749 8 19 1905 1972 
7 35 82 318 530 93 114 474 833 115 207 532 939 95 132 989 1346 19 49 1081 1205 32 64 1203 1416 13 25 1334 1408 
