10 186
20 9 31 99 165 79 153 109 401 70 102 155 546 10 14 249 288 35 110 261 499 29 73 327 473 84 152 439 878 48 92 539 772 37 49 573 709 25 39 592 688 6 14 1008 1045 16 37 1056 1132 43 55 1154 1302 56 122 1245 1532 17 43 1368 1473 81 146 1603 1931 22 45 1794 1898 17 30 1881 1937 34 90 2066 2210 3 22 2162 2204 
22 87 174 119 532 35 113 159 553 8 17 172 214 54 162 198 551 20 22 277 362 31 125 325 707 46 159 347 783 27 84 388 588 19 41 433 539 69 116 469 821 4 14 480 509 5 6 662 686 61 126 801 1115 39 69 975 1135 8 22 985 1038 25 56 1146 1286 48 155 1486 1848 35 62 1597 1744 10 29 1661 1748 24 53 1706 1819 8 13 2064 2104 15 41 2126 2201 
17 27 45 51 188 96 191 131 569 52 197 661 1016 8 8 790 824 28 41 969 1079 43 130 999 1226 78 156 1158 1548 57 184 1239 1651 15 15 1374 1457 34 101 1439 1610 51 51 1475 1712 90 155 1483 1835 87 151 1614 1954 20 124 1633 1858 8 17 1671 1718 1 2 2127 2133 1 3 2166 2174 
20 60 113 88 320 6 12 249 284 74 158 364 754 37 40 409 627 63 120 528 896 25 33 717 815 32 61 730 923 33 80 981 1186 7 19 1078 1117 31 55 1101 1268 17 17 1263 1335 60 180 1276 1646 35 128 1493 1708 55 113 1668 1892 50 182 1693 2038 81 178 1763 2175 24 35 1853 1950 13 28 1978 2047 7 16 2076 2112 1 2 2124 2131 
16 60 123 77 376 34 59 140 277 8 12 235 270 51 102 282 511 92 146 510 896 58 135 567 915 17 31 744 813 53 142 800 1104 9 40 923 1001 24 45 1229 1348 49 83 1326 1523 120 139 1478 1909 31 177 1733 2013 42 70 1758 1994 31 63 2060 2230 25 55 2084 2219 
24 87 132 306 705 50 100 476 685 75 206 619 990 35 63 686 836 24 182 792 1175 8 13 829 861 41 60 837 1015 34 81 902 1069 5 7 1042 1071 27 97 1293 1515 24 31 1459 1559 59 122 1502 1837 3 4 1584 1597 36 59 1641 1817 19 41 1773 1874 33 41 1864 1977 18 34 1896 1975 24 28 1948 2041 39 95 1960 2192 15 29 2012 2083 3 4 2064 2077 14 37 2089 2176 24 43 2093 2222 2 4 2207 2217 
18 65 148 152 536 1 4 165 174 55 95 346 553 18 33 479 571 65 115 622 903 68 88 732 970 22 36 821 906 14 40 853 929 27 43 987 1136 101 128 1410 1803 26 68 1449 1601 54 101 1568 1895 37 122 1839 2083 112 157 1869 2206 13 32 1882 1985 13 23 1973 2040 4 10 2097 2120 3 8 2213 2234 
10 100 170 88 534 86 184 209 616 36 141 699 995 62 220 749 1177 62 130 752 1053 42 69 1106 1293 47 143 1506 1839 83 100 1703 1957 36 59 1758 1901 125 125 1776 2199 
18 17 42 355 457 38 138 508 796 5 16 734 767 11 12 803 842 28 48 893 1018 96 170 1024 1423 35 85 1212 1468 48 217 1247 1598 12 33 1384 1459 57 129 1484 1817 59 146 1497 1865 24 67 1708 1845 106 106 1752 2117 25 36 1772 1909 39 186 1783 2155 45 72 1801 2122 40 40 1994 2122 6 24 2189 2231 
21 18 41 22 128 23 33 250 347 7 35 355 418 90 115 452 860 19 19 478 558 82 193 489 879 56 120 565 895 64 117 737 1040 66 134 976 1334 11 24 980 1058 35 65 1255 1485 54 101 1296 1599 1 3 1623 1629 56 99 1670 1943 9 14 1718 1767 11 22 1729 1795 84 190 1842 2232 22 22 1889 2001 22 76 1981 2138 5 19 2168 2212 1 2 2190 2196 
