10 52
5 22 74 66 232 81 129 200 490 15 49 376 461 7 22 532 588 62 204 1584 1880 
4 90 90 5 372 21 71 13 213 54 121 818 1106 6 12 1787 1828 
6 67 203 287 588 36 78 437 669 24 26 595 671 13 18 800 847 6 27 806 895 20 40 1667 1747 
6 58 90 143 372 74 186 166 540 38 64 1026 1157 21 46 1321 1396 41 73 1428 1584 2 2 1838 1847 
5 46 56 111 334 3 21 357 427 30 46 679 804 59 84 730 1059 43 105 1145 1433 
5 11 26 58 119 84 135 253 582 34 78 923 1089 56 82 1173 1397 9 15 1721 1776 
8 48 80 365 653 39 100 491 756 8 30 731 818 16 27 741 811 30 60 819 969 9 23 974 1048 26 83 1306 1484 2 3 1839 1855 
4 36 76 294 475 43 67 893 1072 60 145 1044 1337 49 63 1534 1742 
5 58 73 296 586 38 43 299 441 46 122 338 586 30 59 1156 1308 18 30 1762 1864 
4 58 78 274 513 67 106 319 566 21 52 327 440 34 90 344 556 
