10 47
7 74 139 172 467 14 14 296 337 54 54 890 1011 87 87 941 1136 14 27 966 1019 1 4 1733 1743 10 21 1847 1887 
2 2 2 342 348 251 251 1291 1649 
3 63 63 704 876 163 176 1482 1836 17 26 1709 1766 
10 64 64 262 452 29 41 325 431 11 13 595 626 20 20 655 725 2 3 1077 1085 26 26 1177 1234 61 102 1481 1689 2 8 1812 1830 1 1 1848 1851 1 1 1866 1870 
7 33 64 17 157 51 51 297 415 7 8 420 442 8 8 536 560 20 20 1230 1272 93 131 1357 1640 2 2 1852 1858 
4 118 136 280 604 35 40 436 519 9 9 1472 1494 126 147 1545 1813 
5 37 37 54 138 127 141 114 439 6 6 309 332 28 28 834 926 77 77 1518 1726 
3 82 98 133 402 78 91 888 1073 36 36 1739 1822 
3 105 105 367 637 42 46 923 1059 144 167 1378 1710 
3 44 44 151 275 110 110 807 1061 67 85 1484 1693 
