10 158
14 103 103 10 417 12 15 78 145 40 44 222 410 59 65 244 601 108 108 395 820 37 37 532 663 86 86 1239 1619 4 5 1387 1408 31 36 1439 1608 25 25 1445 1546 10 10 1709 1762 57 57 1843 2128 31 31 1917 2055 1 1 2141 2146 
13 34 34 47 246 59 59 276 595 28 57 533 753 103 154 604 1049 58 84 695 974 50 55 754 1021 86 86 773 1051 6 10 782 822 12 14 979 1032 13 13 1325 1369 6 14 1481 1518 56 56 1596 1909 93 137 1752 2188 
14 44 56 38 227 33 124 243 662 85 174 638 1053 69 106 648 943 70 127 880 1324 70 70 1078 1299 20 20 1236 1328 42 52 1250 1405 45 71 1435 1663 12 12 1530 1592 85 111 1651 2018 2 5 1657 1675 14 19 2079 2155 3 6 2184 2208 
19 18 41 121 293 2 11 326 362 59 88 757 1059 57 71 761 972 46 46 797 1013 76 128 909 1330 12 12 1096 1143 33 42 1150 1301 72 89 1190 1456 29 57 1227 1375 83 83 1251 1571 1 2 1252 1264 18 22 1313 1411 6 9 1383 1423 79 79 1824 2138 23 45 1951 2126 6 6 1980 2003 9 9 2026 2059 6 7 2163 2186 
15 79 129 348 729 7 7 562 593 36 36 611 720 3 4 646 665 100 100 919 1343 71 79 1122 1558 41 55 1205 1367 21 41 1339 1536 40 64 1512 1743 1 1 1629 1633 8 70 1812 2053 14 23 1883 1966 89 89 1898 2206 91 91 1900 2157 1 2 2225 2232 
13 74 74 92 366 67 86 373 655 12 15 430 488 75 135 633 1062 47 70 806 1066 11 11 814 876 72 72 916 1172 69 132 989 1361 21 21 1520 1603 63 63 1615 1887 37 37 1714 1885 101 101 1800 2165 3 6 1868 1893 
18 32 32 217 347 24 24 262 411 5 5 270 296 29 29 377 494 71 76 692 1080 64 64 701 957 4 4 779 811 46 46 910 1079 55 88 999 1288 42 78 1201 1489 25 33 1213 1367 32 38 1289 1397 55 76 1370 1582 12 28 1548 1641 12 12 1636 1676 67 67 1811 2022 21 31 2044 2150 14 15 2119 2182 
19 47 60 138 329 99 99 252 664 47 47 378 624 20 31 465 625 47 47 519 679 74 117 601 958 52 55 693 929 50 82 1077 1379 24 25 1081 1158 30 48 1219 1333 35 45 1495 1631 1 1 1581 1584 15 26 1919 2013 36 47 1954 2135 5 47 1982 2153 5 15 2063 2105 3 3 2100 2114 18 22 2123 2200 7 9 2187 2224 
16 14 14 172 237 90 90 200 548 38 38 365 570 79 114 378 823 41 105 492 751 28 52 524 727 73 73 587 902 19 20 658 732 3 5 863 883 68 123 905 1296 19 26 978 1056 40 51 1049 1250 23 56 1338 1532 54 90 1634 2024 18 49 1952 2089 1 1 2224 2229 
17 28 50 109 317 25 29 153 324 29 57 313 539 74 76 413 741 31 94 568 902 38 68 665 910 66 66 881 1133 4 6 973 995 47 63 1011 1288 22 38 1118 1260 25 25 1244 1336 56 92 1553 1906 56 81 1745 2067 63 63 1985 2182 20 20 2062 2145 5 5 2076 2102 11 21 2146 2233 
