10 116
9 53 128 420 828 52 79 469 758 46 76 479 757 12 25 830 904 77 77 995 1278 23 26 1058 1148 35 118 1163 1562 41 56 1761 1988 30 30 1896 2010 
11 49 49 87 363 1 1 884 889 17 23 943 1046 59 97 1082 1466 80 80 1458 1753 36 38 1570 1716 51 51 1700 1981 31 39 1769 1906 26 26 1902 2031 8 14 1993 2036 3 3 2017 2031 
10 16 20 4 76 78 78 271 620 1 2 313 323 106 106 827 1207 75 80 941 1264 80 80 1007 1305 10 11 1230 1269 27 28 1402 1513 15 37 1912 2018 1 3 1996 2006 
13 64 128 323 676 100 100 666 950 21 21 765 838 2 4 895 908 7 7 1202 1234 23 39 1284 1428 70 100 1379 1765 20 22 1737 1835 59 79 1763 2036 8 13 1841 1889 4 4 1900 1917 12 12 1952 2009 1 1 2053 2056 
11 62 82 105 435 53 66 551 823 34 34 659 814 35 91 713 1038 22 77 894 1135 10 12 954 1001 33 33 1348 1472 47 47 1390 1635 37 37 1453 1615 45 52 1559 1758 21 31 1837 1949 
12 1 2 20 27 24 38 42 194 16 17 55 135 68 71 201 499 40 58 460 695 6 10 489 527 15 25 545 677 68 85 799 1189 33 49 887 1062 78 78 1032 1336 39 72 1080 1257 1 1 1676 1679 
12 44 81 309 544 36 53 340 617 46 62 612 841 3 6 846 867 73 73 849 1233 19 33 859 990 28 42 1209 1422 46 71 1396 1649 19 25 1617 1728 58 68 1753 1966 6 6 1771 1803 11 15 1946 2018 
12 65 65 69 350 52 73 309 632 36 50 457 639 21 56 774 947 99 99 911 1211 84 93 1370 1692 2 4 1598 1613 3 4 1810 1830 9 14 1875 1935 15 24 1910 2028 7 7 1989 2031 2 2 2049 2058 
13 3 4 22 37 56 77 59 465 5 6 121 146 57 100 579 911 25 25 684 793 52 56 709 904 35 37 1060 1290 71 139 1154 1490 47 47 1690 1964 13 36 1723 1856 43 48 1835 2013 8 11 1852 1889 8 14 1889 1942 
13 27 35 168 313 58 58 604 869 33 41 736 912 38 63 1125 1375 93 93 1479 1805 31 60 1494 1671 22 22 1496 1582 33 52 1733 1914 8 10 1947 1988 2 2 1957 1967 14 14 1959 2023 1 1 1997 2001 1 1 2049 2052 
