10 234
19 17 92 36 316 5 54 466 597 27 118 513 890 14 107 513 784 21 93 554 877 13 131 642 906 14 110 681 998 16 118 858 1168 1 12 877 910 5 93 953 1137 17 100 987 1262 7 45 1120 1259 3 28 1124 1200 1 11 1179 1197 16 98 1228 1504 4 55 1283 1401 14 75 1409 1670 3 24 1775 1850 1 2 1788 1794 
30 2 17 77 139 11 93 131 302 8 74 251 427 6 57 290 389 6 32 396 491 2 31 433 529 1 144 437 684 1 5 441 456 13 116 499 746 5 37 520 616 1 1 613 617 5 57 639 767 5 45 654 763 8 35 675 853 9 113 724 957 9 84 765 1035 3 15 871 944 4 32 901 966 1 2 912 918 4 56 1183 1288 4 36 1223 1311 9 93 1242 1453 19 132 1245 1586 12 51 1418 1574 16 150 1492 1735 1 7 1530 1552 13 76 1557 1787 1 8 1567 1592 11 73 1629 1827 5 85 1696 1863 
28 8 41 154 265 7 85 226 393 7 72 290 454 4 38 543 629 18 157 634 987 13 104 668 895 4 49 696 819 17 130 697 987 8 41 750 914 1 6 778 810 2 43 788 894 2 23 823 881 5 38 853 928 11 95 855 1050 7 65 956 1100 8 91 958 1170 14 76 991 1253 7 104 1080 1284 12 115 1148 1449 4 32 1250 1371 12 78 1322 1465 9 51 1528 1702 1 10 1547 1568 6 95 1686 1868 1 4 1726 1736 5 44 1776 1881 1 15 1830 1876 1 15 1847 1879 
18 17 117 85 362 21 160 132 471 12 104 199 422 12 106 294 589 11 120 339 664 3 62 391 542 4 43 409 515 4 39 459 546 1 40 678 753 24 70 707 994 22 137 892 1245 11 82 1007 1183 18 105 1403 1715 18 167 1420 1787 6 44 1499 1607 5 83 1545 1772 8 76 1559 1763 1 3 1819 1826 
25 17 139 106 414 15 95 114 431 1 10 133 157 12 136 207 450 8 52 246 378 8 36 332 457 7 106 456 636 14 75 557 854 16 107 558 886 2 7 590 645 18 149 623 932 15 47 671 1017 2 32 853 909 7 50 910 1092 4 21 1143 1200 8 74 1214 1422 16 138 1449 1747 3 20 1483 1544 1 7 1494 1549 8 53 1500 1710 8 72 1547 1747 5 51 1714 1855 1 11 1761 1800 5 32 1798 1875 1 7 1837 1861 
21 15 133 7 276 7 51 223 362 28 86 229 598 12 141 477 692 4 45 494 662 14 98 570 814 7 37 700 812 2 23 855 917 7 69 905 1069 1 10 934 959 15 81 996 1208 17 83 1022 1321 4 47 1163 1256 18 129 1226 1578 1 2 1280 1292 8 38 1527 1687 8 86 1550 1739 12 93 1593 1889 15 118 1636 1888 1 16 1857 1888 1 6 1880 1892 
25 14 68 13 278 4 44 157 230 1 8 160 178 4 39 214 279 11 125 254 586 13 66 286 502 11 67 308 483 15 190 374 688 1 13 522 556 16 151 627 984 16 144 685 1022 11 79 791 1130 14 108 848 1128 3 32 849 914 5 26 1105 1205 10 95 1206 1451 15 135 1206 1480 16 187 1212 1587 5 51 1332 1440 16 154 1372 1726 2 11 1399 1446 2 28 1401 1473 2 31 1685 1747 1 9 1794 1830 1 6 1829 1848 
21 13 81 42 282 23 164 331 686 11 91 355 672 2 33 437 518 20 131 472 781 17 104 616 985 6 45 816 941 1 3 834 844 1 13 845 876 11 93 975 1260 8 59 997 1156 13 113 1019 1244 10 79 1043 1246 8 57 1070 1344 8 91 1088 1321 9 49 1416 1585 11 111 1477 1678 14 145 1605 1840 5 30 1637 1738 3 32 1648 1725 2 7 1778 1825 
22 17 114 155 474 6 46 174 270 9 61 363 585 4 60 447 644 5 76 589 778 19 194 625 997 4 97 632 794 13 134 847 1102 4 44 876 982 1 3 1003 1013 4 109 1088 1359 18 126 1268 1532 10 163 1309 1650 1 1 1328 1331 11 79 1342 1623 16 160 1410 1774 10 113 1468 1702 14 66 1524 1731 10 113 1568 1889 11 106 1573 1877 7 37 1690 1802 1 13 1781 1809 
25 16 152 214 540 3 53 320 405 10 117 356 539 2 18 373 425 1 17 422 460 11 168 530 848 14 72 560 817 8 53 585 738 1 8 607 626 9 54 609 779 1 17 611 649 18 214 634 989 7 47 719 878 8 101 737 945 12 153 831 1163 7 53 946 1063 8 93 1017 1215 12 145 1140 1476 12 64 1423 1665 13 115 1501 1771 2 31 1660 1714 11 32 1665 1893 10 90 1683 1889 3 26 1691 1796 4 29 1797 1884 
