10 111
8 35 53 253 399 80 153 555 912 24 60 680 827 75 142 998 1333 54 176 1490 1786 95 95 1623 1964 70 124 1696 2022 28 51 1906 2015 
10 53 122 160 450 61 142 194 485 35 63 606 800 51 104 823 1117 81 115 1313 1625 73 144 1421 1753 39 52 1525 1703 2 5 1536 1547 48 76 1562 1776 7 12 1987 2018 
14 31 31 168 327 16 37 445 526 25 72 477 650 40 73 801 1002 5 13 820 863 78 170 914 1264 17 29 1018 1095 12 12 1222 1265 51 123 1274 1575 67 109 1325 1567 64 123 1392 1701 1 2 1434 1439 19 43 1667 1763 25 103 1779 1959 
11 56 113 760 1028 12 18 785 850 71 158 909 1214 46 107 1086 1310 101 159 1116 1523 61 141 1152 1482 42 43 1350 1650 81 150 1638 1975 2 6 1654 1677 18 56 1911 2034 5 7 1947 1970 
11 76 153 262 594 63 173 284 665 29 43 418 511 100 173 829 1170 32 72 1318 1491 47 89 1559 1794 37 98 1700 1893 47 93 1829 2021 8 14 1940 1976 2 5 1962 1982 2 7 1987 2006 
11 70 200 100 458 12 31 161 238 68 222 287 676 30 59 372 537 45 100 560 799 34 85 660 973 22 180 802 1170 59 149 1040 1390 27 41 1134 1282 35 68 1143 1343 38 70 1452 1628 
11 104 236 120 523 44 87 335 543 63 184 448 795 7 46 628 719 76 135 761 1140 72 179 906 1240 5 18 1240 1272 16 34 1242 1337 28 59 1341 1459 37 95 1578 1814 2 9 2039 2058 
13 53 134 372 702 63 146 580 959 71 149 664 957 26 49 676 839 52 79 795 1194 31 73 966 1107 57 72 1462 1672 31 89 1470 1661 5 16 1496 1530 22 64 1512 1624 37 37 1680 1828 40 71 1778 1968 1 3 2025 2036 
10 21 40 344 450 64 76 347 583 76 164 559 918 59 111 602 879 94 98 857 1244 16 22 858 943 37 49 932 1142 64 154 964 1317 44 56 1554 1752 5 11 1967 2003 
12 13 22 370 438 6 11 873 903 20 74 960 1078 78 132 971 1375 20 42 1123 1269 73 157 1279 1679 13 26 1438 1530 84 84 1454 1814 69 190 1471 1861 39 54 1672 1830 35 65 1846 2028 14 14 2008 2058 
