10 178
23 51 160 23 392 3 9 79 101 41 67 184 370 39 90 436 672 47 95 500 702 87 149 517 865 86 139 760 1186 8 14 765 795 2 3 786 801 47 49 821 974 34 121 923 1130 39 80 1000 1227 31 70 1088 1246 6 15 1115 1150 58 142 1430 1782 43 59 1465 1606 2 4 1561 1575 16 31 1568 1630 7 13 1585 1619 39 130 1899 2104 3 4 2123 2142 1 1 2133 2139 2 5 2197 2209 
20 90 124 34 393 47 75 105 395 2 4 204 216 63 213 265 691 20 40 561 760 91 91 803 1123 13 64 871 991 44 138 967 1200 36 67 986 1246 19 57 1250 1418 1 3 1442 1451 75 138 1475 1807 40 50 1553 1774 59 80 1567 1795 6 10 1833 1866 9 13 1860 1908 30 58 1996 2142 12 12 2178 2223 5 5 2195 2213 3 4 2196 2214 
18 25 51 6 183 56 199 16 326 27 66 109 243 85 85 359 646 64 94 445 735 104 136 507 950 12 22 757 809 17 124 1010 1267 1 6 1017 1029 28 93 1055 1280 17 28 1112 1177 84 134 1248 1519 10 20 1422 1472 14 39 1547 1655 24 45 1549 1649 63 119 1591 1994 14 22 1771 1838 14 44 2012 2125 
17 80 112 159 457 106 182 668 1097 80 168 817 1193 2 12 860 882 11 42 1082 1132 57 146 1230 1668 40 50 1238 1443 65 139 1509 1901 38 88 1566 1754 86 143 1651 2003 72 186 1712 2101 7 37 1909 2012 15 31 1936 2032 10 23 2009 2065 39 75 2011 2210 8 18 2166 2211 2 5 2186 2197 
16 78 194 206 604 67 131 253 502 23 142 326 714 68 141 329 667 73 97 370 672 24 31 675 798 30 67 950 1091 13 40 1055 1130 50 52 1271 1493 25 42 1323 1473 35 47 1362 1543 80 173 1612 1993 47 70 1643 1928 24 60 1937 2073 19 19 2124 2200 4 7 2191 2215 
18 36 130 257 462 33 89 477 618 57 149 511 875 43 121 799 1112 63 91 868 1118 19 98 1024 1226 10 23 1077 1133 31 120 1117 1428 45 80 1185 1462 15 33 1369 1430 86 159 1549 1951 54 110 1558 1871 73 83 1564 1855 12 15 1690 1756 73 177 1820 2198 2 18 2064 2132 2 6 2150 2164 9 12 2190 2229 
16 35 80 287 545 87 140 488 917 36 64 499 641 16 28 559 645 31 51 737 886 11 50 1013 1105 16 16 1064 1142 80 86 1243 1538 93 134 1536 1866 28 34 1551 1674 24 51 1658 1753 68 68 1733 1968 64 73 1802 2150 16 38 1931 2023 47 160 1964 2204 37 92 2012 2229 
20 18 29 5 98 62 100 21 329 95 148 39 442 3 5 142 157 75 176 406 851 28 45 605 738 20 42 616 709 11 28 801 886 42 114 1027 1227 42 75 1235 1383 5 12 1253 1281 69 186 1281 1577 3 14 1337 1370 68 194 1345 1738 59 151 1530 1854 30 51 1651 1823 8 23 1686 1741 45 50 2072 2224 13 37 2138 2231 1 5 2192 2202 
16 58 88 20 219 44 154 88 403 87 172 361 743 1 1 594 597 38 57 644 889 21 122 656 1061 34 94 666 822 19 70 807 965 100 223 862 1297 2 6 865 878 9 33 907 959 83 132 1257 1631 70 99 1769 2163 68 103 1856 2132 29 105 1927 2122 4 9 2196 2219 
14 45 91 59 303 22 61 351 456 27 72 698 851 98 162 1111 1553 59 97 1263 1485 97 97 1292 1622 54 138 1434 1702 1 1 1565 1569 62 98 1602 1954 66 186 1684 2053 104 153 1711 2102 21 39 2053 2140 5 14 2165 2202 2 2 2212 2222 
