10 70
4 70 94 210 546 78 86 546 882 26 75 841 1006 26 26 1286 1387 
8 48 86 7 208 59 124 172 481 16 29 560 646 4 14 745 778 4 12 867 892 78 179 1061 1404 42 77 1457 1680 1 2 1833 1843 
4 42 60 343 648 47 60 359 729 53 112 753 1064 44 81 971 1134 
5 52 91 44 363 67 85 86 340 43 161 1150 1426 16 34 1520 1584 7 16 1827 1863 
8 25 65 198 317 18 31 718 789 49 81 780 979 39 94 1219 1544 14 21 1270 1330 44 70 1688 1872 34 66 1689 1851 1 4 1841 1853 
11 36 129 154 374 4 12 195 232 9 9 224 261 17 64 259 387 74 126 521 821 25 59 790 969 31 43 1082 1236 26 88 1098 1277 17 41 1697 1784 15 34 1801 1873 1 1 1878 1882 
8 13 14 109 170 22 42 209 308 4 13 581 618 15 53 825 942 44 122 1061 1415 54 100 1200 1412 40 122 1414 1672 4 4 1729 1750 
8 22 51 19 151 58 77 112 344 67 98 183 461 6 19 317 357 7 12 356 401 40 68 1383 1654 2 2 1514 1523 13 30 1631 1711 
6 29 39 209 331 60 145 558 887 27 100 559 766 16 34 610 717 18 41 650 760 42 85 1371 1587 
8 32 84 104 335 29 56 291 431 15 56 370 467 51 64 734 887 38 94 1043 1297 7 10 1127 1157 52 117 1622 1816 2 2 1860 1867 
