10 69
6 65 72 374 580 93 159 468 820 111 140 688 1097 123 123 825 1152 18 34 1142 1204 40 61 1321 1496 
5 111 134 1010 1308 10 10 1249 1295 165 165 1404 1810 128 183 1408 1796 111 160 1716 2028 
9 8 19 122 172 66 72 174 364 31 41 339 428 29 42 429 519 47 117 742 964 109 109 815 1052 122 122 1231 1533 69 78 1286 1544 21 23 1541 1620 
9 10 13 209 238 34 43 347 436 7 9 586 610 29 35 1310 1380 122 122 1380 1643 157 157 1607 1924 64 67 1734 1886 12 12 1880 1902 5 5 2013 2031 
8 75 79 3 176 75 108 60 370 90 167 437 815 70 100 790 1076 22 22 1580 1657 36 36 1763 1865 79 89 1773 1965 22 26 2002 2061 
8 120 139 401 771 131 156 493 829 74 152 1108 1373 21 21 1114 1160 3 3 1277 1285 6 7 1541 1559 75 128 1629 1890 25 30 1966 2034 
7 120 163 144 460 103 131 169 473 7 10 314 347 2 3 335 342 116 131 352 695 35 76 908 1177 44 110 1726 1982 
5 92 92 123 325 94 94 381 632 84 143 499 793 59 72 1337 1570 108 108 1826 2062 
5 95 101 470 769 125 125 554 798 70 70 1391 1552 150 150 1662 1972 1 2 1909 1913 
7 81 147 179 462 75 97 704 1065 13 70 764 898 29 36 1033 1116 125 164 1408 1773 46 71 1588 1754 103 116 1795 2049 
