10 60
8 6 6 246 265 19 67 255 460 47 89 721 1049 68 79 830 1205 39 46 1064 1297 21 21 1503 1638 10 16 1816 1883 1 1 1837 1840 
8 5 7 36 56 10 19 143 221 81 87 169 506 37 57 179 394 26 30 407 518 20 22 768 879 21 25 1246 1352 11 14 1680 1752 
6 37 40 55 194 15 19 148 222 25 34 384 614 14 19 1459 1567 30 41 1471 1664 57 91 1578 1876 
8 112 112 225 561 33 56 789 984 21 28 1317 1425 26 35 1371 1496 45 46 1625 1843 19 43 1758 1880 2 4 1853 1866 3 3 1854 1870 
4 50 90 41 378 28 28 151 277 7 7 403 434 113 113 1518 1892 
5 66 66 77 380 19 44 81 241 56 56 448 700 17 53 740 918 9 9 1855 1890 
3 58 58 43 334 63 63 403 665 90 90 727 1073 
4 50 50 879 1099 24 41 957 1084 65 77 1048 1294 55 55 1373 1552 
6 7 7 166 201 23 56 457 654 59 59 490 779 28 28 952 1066 29 36 1131 1273 42 60 1333 1591 
8 2 4 71 89 61 63 610 907 42 76 769 964 27 51 821 984 11 13 1158 1218 41 41 1464 1610 5 5 1484 1509 16 16 1663 1732 
