10 42
6 56 75 557 690 5 7 939 958 43 91 1223 1393 20 33 1389 1468 76 76 1473 1671 7 7 1715 1732 
3 146 164 791 1153 30 30 1267 1361 14 31 1599 1655 
4 51 56 396 583 7 7 1068 1093 138 138 1561 1818 16 20 1732 1792 
3 69 69 794 968 17 17 997 1030 100 157 1554 1854 
4 41 41 175 323 51 89 979 1162 48 48 1227 1360 78 134 1241 1531 
3 145 145 48 345 119 119 1003 1287 12 21 1194 1230 
3 38 40 287 403 93 135 1069 1324 86 101 1500 1722 
5 8 12 295 324 22 43 1124 1196 65 65 1266 1361 34 49 1411 1562 123 123 1524 1799 
5 31 31 51 152 29 58 352 497 76 133 600 961 62 62 875 1043 6 9 1866 1887 
6 33 51 139 231 129 129 706 1020 75 112 1574 1874 14 15 1745 1791 1 1 1873 1878 1 1 1882 1885 
