10 182
17 24 53 13 206 25 25 174 283 17 63 421 618 65 80 586 939 65 65 609 839 54 57 619 880 60 61 706 909 59 59 715 968 2 4 817 831 50 50 870 1115 4 8 1092 1119 94 94 1328 1645 19 19 1501 1593 87 97 1920 2224 8 14 2007 2068 38 38 2085 2234 4 6 2167 2195 
19 70 72 174 517 44 55 209 480 34 34 360 513 30 70 517 802 91 105 567 1006 45 45 572 796 60 60 701 930 10 60 749 908 26 35 1168 1335 46 89 1203 1486 59 63 1501 1758 18 18 1662 1739 51 75 1752 1998 37 51 1800 2043 11 11 1811 1894 31 49 1903 2106 4 4 1927 1949 27 44 1969 2156 2 4 2112 2126 
25 70 114 13 424 35 35 106 257 27 50 207 376 2 7 330 355 25 25 424 544 14 38 573 717 16 16 765 839 1 2 784 793 52 81 858 1094 24 89 887 1193 99 99 993 1351 27 28 1108 1215 32 54 1142 1333 1 1 1176 1184 47 61 1244 1452 1 1 1348 1352 38 48 1464 1636 17 17 1538 1608 41 52 1753 2044 5 6 1864 1889 51 51 1933 2134 61 66 1942 2160 26 26 1974 2078 6 6 2037 2060 9 25 2065 2135 
20 51 51 1 215 17 19 161 230 5 6 274 299 58 61 577 788 20 42 902 1035 28 39 1062 1215 58 88 1067 1337 89 89 1070 1461 30 38 1074 1221 66 66 1104 1309 65 65 1350 1662 21 25 1515 1663 53 107 1532 1957 8 11 1602 1669 31 36 1653 1780 112 112 1675 2115 28 38 2099 2222 8 24 2129 2206 8 8 2168 2203 1 1 2215 2219 
18 41 79 92 374 46 63 152 375 6 9 536 565 49 49 611 806 55 92 693 952 56 112 880 1227 22 37 1268 1421 117 119 1396 1810 1 1 1419 1424 84 106 1501 1841 5 5 1504 1528 26 58 1571 1771 58 66 1600 1849 9 13 1687 1736 71 77 1702 2012 23 48 1844 2020 16 18 2002 2085 1 1 2225 2232 
17 84 96 154 460 121 121 243 605 17 42 360 493 53 98 436 753 7 7 437 467 40 40 457 622 3 4 533 548 29 89 1280 1587 40 40 1396 1555 39 70 1466 1712 57 57 1534 1793 83 93 1582 1960 79 87 1641 2046 3 3 1655 1670 68 71 1857 2170 23 26 1988 2075 8 13 2020 2067 
17 36 36 62 178 98 98 100 522 24 24 159 315 11 11 319 364 44 60 481 701 94 94 494 835 31 67 793 1013 31 49 888 1070 23 84 1260 1614 50 88 1405 1735 61 61 1412 1626 22 44 1587 1750 27 31 1588 1759 40 40 1617 1791 69 69 1645 1932 21 39 1679 1853 10 17 2018 2077 
15 53 81 289 527 51 115 351 692 12 12 412 471 18 35 445 557 29 29 1052 1187 89 103 1171 1541 67 161 1329 1739 59 86 1349 1674 108 108 1576 2006 10 11 1663 1733 123 123 1716 2119 42 52 1763 1937 16 30 1840 1976 1 1 1950 1954 2 2 2217 2230 
19 65 65 85 377 15 15 342 410 3 3 373 387 55 59 662 931 66 66 863 1112 56 117 878 1192 69 69 1014 1347 3 3 1143 1156 77 125 1321 1665 50 65 1351 1620 4 5 1587 1615 34 45 1624 1804 9 29 1847 1960 59 59 1852 2124 56 94 1867 2208 7 11 1878 1912 14 25 2089 2160 21 22 2127 2229 19 19 2158 2234 
15 48 72 271 590 61 144 463 841 24 24 489 613 33 75 506 772 37 37 815 987 65 76 991 1288 28 64 1068 1418 48 62 1156 1450 85 100 1419 1819 66 89 1545 1971 75 88 1565 1928 3 4 1589 1606 13 14 1596 1689 74 103 1666 2001 28 86 1860 2068 
