10 415
43 12 74 87 360 1 5 163 181 1 19 213 281 1 24 307 358 14 137 340 631 22 142 384 754 11 109 413 689 10 106 434 618 4 31 443 533 10 69 474 739 10 87 497 756 10 104 514 764 20 141 535 836 13 73 585 844 8 126 599 905 14 132 642 911 1 14 700 741 5 30 771 861 7 59 813 944 11 98 922 1138 6 69 933 1071 9 76 942 1138 16 113 983 1350 2 28 1028 1097 10 65 1119 1298 18 63 1277 1637 5 31 1305 1374 22 206 1323 1703 17 122 1338 1672 5 36 1385 1527 3 17 1387 1434 4 20 1428 1515 4 16 1455 1562 16 150 1541 1885 4 55 1621 1792 16 80 1653 1968 6 54 1689 1788 12 78 1740 1999 16 104 1752 2046 6 70 1760 1949 2 9 1976 2006 1 3 2026 2041 1 2 2051 2058 
35 3 35 228 331 17 85 237 457 3 21 250 301 12 59 308 538 7 36 312 408 14 86 328 610 8 48 364 485 12 90 408 690 7 57 425 605 30 177 578 977 12 140 640 852 22 143 683 1064 22 94 763 1091 11 50 803 1002 7 61 804 925 16 201 820 1228 23 147 913 1315 2 33 935 1010 10 70 1130 1296 12 104 1161 1498 22 130 1170 1528 19 96 1300 1638 1 7 1342 1364 9 26 1350 1545 14 73 1391 1777 6 41 1410 1523 15 207 1453 1784 6 67 1645 1802 4 32 1705 1782 7 43 1779 1873 7 57 1833 1955 12 83 1841 2060 1 8 1846 1868 5 31 1933 2025 1 9 2013 2046 
41 9 110 190 418 19 210 210 587 2 30 237 286 6 26 318 487 11 144 366 689 2 27 407 492 6 44 429 533 16 153 434 749 13 121 440 695 12 106 447 681 9 38 510 635 6 51 556 682 5 32 640 767 20 102 689 1090 1 8 733 769 19 211 743 1141 25 170 785 1184 10 86 786 998 25 224 919 1325 12 125 974 1272 16 86 1108 1417 7 50 1129 1257 10 94 1210 1462 5 41 1305 1395 16 110 1363 1726 9 53 1413 1575 3 23 1505 1565 13 85 1518 1835 1 17 1522 1574 4 40 1522 1605 16 93 1545 1833 9 40 1597 1743 12 178 1610 1940 13 81 1692 1962 3 28 1752 1814 4 62 1763 1889 3 35 1827 1907 3 26 1848 1924 1 15 1944 1974 1 7 1974 1989 1 3 2058 2063 
49 22 165 21 431 4 27 45 133 8 49 211 320 1 4 256 267 5 35 299 379 6 55 301 421 12 142 378 703 1 8 412 428 3 16 442 501 13 93 461 707 1 3 543 552 5 34 551 638 16 185 558 961 23 158 585 987 13 138 639 986 4 64 668 759 19 155 742 1114 7 56 747 885 18 163 841 1238 5 52 876 1011 9 120 891 1260 2 33 894 1003 1 19 903 939 3 26 1013 1068 16 107 1052 1355 7 51 1098 1228 17 99 1230 1580 17 87 1237 1548 12 72 1247 1506 1 12 1272 1293 7 46 1326 1463 8 62 1328 1451 17 211 1422 1796 8 42 1432 1579 7 96 1501 1672 8 40 1520 1662 14 127 1541 1826 10 72 1565 1742 2 16 1736 1791 1 5 1759 1771 3 34 1824 1891 5 35 1831 1923 1 14 1836 1872 5 41 1844 1994 1 7 1868 1893 1 6 1887 1905 2 26 1888 1948 1 14 1979 2015 1 4 2051 2062 
43 2 17 237 297 1 23 322 385 7 55 400 536 14 106 446 813 1 1 450 455 10 129 469 743 5 34 513 657 5 35 582 684 10 86 600 781 10 73 638 863 14 134 678 949 18 110 691 967 12 129 742 1042 11 86 754 923 18 118 783 1134 6 101 808 1024 6 70 895 1019 4 49 901 1046 13 95 982 1289 8 87 1068 1233 6 73 1069 1222 8 76 1075 1210 10 110 1172 1433 19 177 1194 1582 8 67 1226 1363 8 114 1247 1467 12 116 1300 1632 1 3 1319 1326 11 116 1333 1643 22 136 1343 1713 2 19 1410 1463 1 15 1518 1575 4 37 1547 1656 20 177 1607 2005 17 78 1649 1949 9 70 1662 1832 1 10 1688 1715 13 71 1713 1966 14 165 1762 2051 3 22 1781 1839 8 45 1895 2062 4 33 1959 2059 4 31 1978 2039 
42 3 40 22 89 7 98 106 282 7 124 133 404 3 48 242 369 4 29 321 397 15 141 387 663 7 37 390 510 9 90 408 560 13 152 423 705 5 60 546 681 4 42 594 700 25 76 637 978 10 46 684 937 7 102 705 913 3 35 719 794 7 75 758 889 10 66 778 953 1 25 804 912 17 153 922 1222 15 156 934 1273 2 15 970 1006 15 90 1036 1265 23 137 1069 1464 15 78 1211 1433 10 114 1268 1523 17 221 1501 1875 4 34 1503 1615 16 108 1535 1853 7 53 1606 1721 6 76 1620 1769 13 163 1640 2035 20 155 1641 1998 7 50 1674 1834 2 19 1678 1717 8 50 1685 1829 4 35 1694 1818 13 92 1706 2015 8 148 1741 2000 8 35 1747 1890 1 3 1916 1922 2 35 1955 2032 1 9 2006 2026 
39 13 162 239 557 9 105 244 436 19 123 259 518 1 12 300 329 12 83 345 583 16 118 346 724 1 17 420 462 24 153 451 851 4 9 556 651 9 88 577 772 17 108 599 880 10 56 623 755 1 1 715 720 2 12 748 806 1 7 754 767 8 60 770 977 15 99 839 1181 2 18 844 882 23 158 883 1292 16 87 934 1228 20 174 975 1381 13 126 980 1233 4 27 1004 1092 1 11 1016 1053 5 37 1133 1286 22 102 1212 1523 1 8 1224 1239 9 71 1419 1557 21 158 1437 1790 15 220 1446 1846 13 151 1597 1885 19 96 1611 1926 12 65 1748 1968 15 101 1754 2028 3 29 1854 1940 1 7 1873 1902 4 34 1935 2002 1 1 2059 2063 1 1 2061 2065 
45 7 50 67 343 10 91 81 364 4 38 107 243 4 37 109 231 8 123 149 422 10 82 163 365 8 77 483 656 5 36 620 716 3 26 682 782 16 123 712 1024 2 14 909 948 1 18 910 946 12 97 913 1234 18 81 914 1172 10 55 933 1139 11 58 935 1099 11 99 1040 1308 16 128 1048 1294 5 41 1054 1237 12 175 1146 1520 11 82 1209 1421 11 68 1342 1600 8 79 1347 1551 2 51 1379 1481 4 24 1404 1497 5 42 1415 1499 1 18 1417 1463 7 89 1420 1619 3 25 1429 1475 19 145 1460 1858 10 80 1512 1670 16 64 1557 1872 6 50 1558 1681 15 175 1581 1926 9 98 1636 1859 9 166 1695 1947 8 82 1738 1928 8 65 1754 1988 21 186 1779 2062 8 95 1799 2014 3 44 1880 1970 6 41 1935 2020 7 44 1950 2061 1 4 1986 1995 2 16 1992 2050 
40 19 144 18 342 1 10 120 152 5 46 151 289 15 146 160 504 1 7 195 221 12 147 223 496 8 81 376 630 16 102 462 789 12 86 477 700 26 135 519 902 11 86 530 756 19 99 611 952 10 87 730 916 16 91 783 1081 7 43 829 991 1 1 865 870 6 47 919 1015 2 28 925 984 14 123 1108 1440 21 129 1128 1529 8 88 1188 1325 1 8 1206 1234 10 171 1215 1494 26 176 1280 1629 4 35 1291 1359 16 120 1291 1579 5 34 1354 1544 10 145 1419 1719 8 144 1497 1802 22 122 1557 1892 1 15 1588 1624 19 151 1603 1909 3 38 1649 1712 8 73 1656 1810 5 35 1696 1768 1 4 1704 1716 1 7 1742 1783 2 38 1848 1944 7 84 1881 2013 1 7 1921 1936 
38 1 12 6 40 10 92 99 313 20 200 193 601 20 121 315 697 20 122 363 685 1 44 409 486 14 64 469 734 10 53 659 891 1 3 660 669 10 106 663 953 7 68 675 845 22 211 829 1181 10 97 834 1036 19 106 857 1204 6 105 874 1131 5 29 885 1020 16 82 916 1233 1 7 942 960 15 74 945 1171 14 108 995 1248 11 152 1000 1273 12 116 1075 1349 8 47 1115 1265 11 67 1206 1384 4 41 1210 1288 9 80 1299 1527 8 69 1361 1543 1 2 1368 1374 20 130 1404 1752 5 49 1425 1544 16 102 1562 1901 18 159 1661 1994 8 42 1858 2019 10 103 1884 2053 7 64 1894 2036 1 10 1913 1936 1 16 1926 1965 3 29 1975 2043 
