10 99
9 148 187 271 704 49 56 353 478 19 19 851 939 110 110 1184 1463 166 166 1189 1609 91 104 1496 1809 73 73 1767 1938 29 38 2019 2116 57 86 2031 2213 
10 53 59 434 591 145 230 671 1101 56 109 1164 1431 23 47 1303 1398 27 27 1303 1376 212 212 1460 1879 113 113 1647 1933 20 20 1796 1844 16 16 1894 1941 11 11 2196 2221 
10 68 137 151 455 19 25 324 388 59 83 333 504 157 218 340 729 74 167 930 1308 41 41 1039 1174 115 151 1092 1513 47 110 1279 1470 39 115 1818 2032 3 3 2200 2212 
10 94 94 302 540 48 50 796 984 82 172 923 1297 98 118 944 1328 13 17 1309 1355 183 183 1342 1768 22 26 1505 1556 61 80 1773 2012 24 27 1788 1876 56 56 2004 2121 
9 38 44 458 586 4 4 537 556 54 112 633 809 157 157 1108 1462 191 191 1363 1692 81 193 1606 2006 7 18 1769 1808 80 80 2004 2211 12 17 2015 2064 
12 87 124 225 509 101 117 346 653 6 47 411 493 95 95 495 757 52 86 497 680 6 6 620 634 52 57 789 935 110 110 812 1208 34 34 897 975 60 60 907 1069 23 55 1216 1355 16 21 1973 2011 
9 85 120 245 483 51 58 750 890 28 30 1374 1447 106 145 1537 1811 107 172 1645 1921 90 90 1691 1884 56 72 1916 2076 74 74 1963 2147 50 75 1998 2169 
11 185 185 131 551 177 177 851 1275 25 40 1326 1446 38 89 1436 1616 53 66 1483 1655 15 24 1492 1546 94 94 1709 1958 66 125 1936 2215 22 24 2105 2157 6 6 2184 2201 1 1 2189 2192 
9 32 37 553 635 183 183 614 1019 9 9 725 752 19 20 875 957 104 104 879 1116 8 9 915 937 74 74 943 1106 71 161 1504 1744 154 154 1788 2070 
10 24 44 98 177 76 87 278 491 84 106 328 632 106 163 817 1117 116 116 1225 1591 26 34 1264 1347 66 66 1387 1549 70 98 1406 1645 65 65 1667 1819 4 7 1909 1932 
