10 62
7 8 20 287 329 25 38 1130 1236 56 148 1310 1693 72 100 1429 1728 37 106 1741 2003 8 13 1753 1810 16 29 1904 1983 
8 1 2 25 29 62 110 77 336 16 129 888 1179 18 19 920 1005 33 105 996 1205 23 42 1144 1260 51 116 1483 1806 14 29 1973 2037 
7 7 41 211 302 80 83 339 615 71 137 898 1194 31 82 1279 1451 27 34 1615 1722 9 37 1620 1698 1 2 1956 1961 
6 76 192 53 454 7 50 66 153 79 187 96 510 51 65 141 331 34 92 699 881 25 62 1608 1778 
5 53 124 38 338 65 97 423 675 40 81 946 1143 16 26 1118 1249 51 97 1242 1456 
4 52 168 469 826 27 136 613 861 75 85 873 1142 60 212 1240 1628 
7 81 125 101 419 15 29 226 308 57 97 633 924 13 25 1151 1279 16 41 1399 1499 21 32 1484 1578 6 6 2029 2055 
5 76 127 629 935 91 107 718 1124 110 135 1012 1371 32 77 1834 2030 1 1 2069 2072 
6 19 41 518 686 89 111 1049 1464 69 91 1221 1603 39 126 1410 1651 47 55 1472 1665 5 20 1994 2036 
7 55 142 369 601 45 103 445 708 63 82 553 799 8 13 951 989 19 107 1158 1344 4 4 1160 1175 18 37 1907 2023 
