10 41
5 22 22 84 148 66 66 114 369 77 118 799 1047 55 72 1624 1790 47 49 1926 2055 
5 82 82 227 398 68 171 879 1264 53 97 1016 1291 30 30 1442 1508 3 3 2034 2044 
6 11 14 1146 1194 73 73 1156 1366 15 21 1477 1523 74 129 1606 1888 89 89 1802 2051 17 27 1828 1884 
3 100 135 556 864 152 152 1574 1879 8 11 2045 2065 
3 124 170 679 1022 43 43 1127 1283 64 93 1786 2054 
5 87 169 307 634 1 1 810 813 121 144 838 1141 95 95 1619 1915 3 3 1967 1979 
5 44 62 167 318 24 25 776 847 40 40 1009 1139 48 59 1444 1602 104 126 1624 1903 
2 186 186 879 1289 153 153 1640 1966 
2 159 202 34 448 83 147 1046 1318 
5 60 162 106 487 54 63 416 552 56 121 1102 1355 14 15 1174 1211 78 78 1642 1882 
