10 159
13 43 62 282 494 91 115 458 837 4 18 500 536 2 4 657 670 84 173 684 1158 57 126 727 1033 61 105 730 1038 75 126 746 1133 88 196 1007 1463 76 101 1349 1643 72 86 1388 1792 20 39 1782 1871 80 136 1917 2339 
15 61 105 136 463 17 49 169 271 28 97 247 408 32 111 255 467 41 82 512 722 58 279 622 1057 67 130 764 1170 75 160 841 1226 52 63 848 1042 49 81 1103 1389 15 46 1214 1321 85 149 1434 1782 96 167 1706 2157 67 82 2089 2386 1 3 2387 2395 
17 82 208 146 487 12 25 275 327 43 116 391 598 70 208 524 980 78 220 596 1025 90 233 930 1402 70 113 954 1351 34 98 1071 1374 105 105 1120 1442 46 112 1499 1713 14 67 1510 1679 64 169 1613 1947 20 51 1847 1970 36 83 1889 2139 18 52 1950 2118 10 21 2351 2411 3 13 2391 2409 
18 21 57 160 268 82 180 176 608 30 75 423 634 5 11 429 460 54 192 979 1344 67 174 1048 1381 79 144 1086 1494 89 124 1193 1596 10 31 1337 1385 33 81 1429 1615 40 99 1512 1737 78 188 1897 2273 60 139 1926 2279 17 24 2094 2162 21 63 2156 2324 15 33 2324 2391 2 9 2348 2379 13 32 2354 2417 
18 7 20 129 175 35 71 337 504 74 175 686 1027 31 71 708 878 70 163 864 1231 6 16 896 932 97 199 937 1416 39 55 958 1089 48 127 1036 1273 140 210 1160 1612 11 29 1297 1384 64 98 1360 1712 59 200 1377 1782 76 175 1705 2035 14 24 2168 2235 22 38 2210 2296 36 81 2272 2447 8 24 2402 2447 
16 57 111 124 375 22 30 355 442 116 193 384 817 64 251 637 1050 15 29 846 930 18 76 865 1058 51 101 893 1143 90 203 960 1414 59 59 961 1180 9 34 1066 1121 25 30 1573 1696 56 93 1703 1947 97 167 1973 2308 8 14 2048 2082 34 70 2212 2425 6 12 2282 2324 
15 48 101 196 495 72 72 342 592 36 80 573 807 47 101 835 1055 60 179 840 1323 24 63 974 1172 56 56 1168 1416 40 107 1215 1472 21 31 1391 1469 174 192 1571 2029 29 65 1928 2057 86 153 2017 2436 45 96 2111 2336 35 66 2182 2313 2 7 2340 2355 
17 95 169 14 472 10 22 43 95 14 15 291 352 83 148 397 754 37 86 433 594 33 93 539 743 47 77 677 852 22 74 930 1107 111 214 1035 1504 25 127 1518 1785 68 147 1656 1911 21 39 1757 1855 3 5 1784 1797 48 139 1827 2127 19 67 1970 2147 74 120 2132 2452 5 7 2416 2440 
17 11 25 59 124 19 33 70 158 81 150 170 519 13 19 327 387 99 117 518 906 17 48 664 776 84 167 718 1092 38 62 876 1060 14 23 1099 1181 15 55 1578 1708 46 82 1647 1885 34 63 1714 1898 119 130 1933 2378 101 246 1941 2397 49 141 2088 2339 4 16 2231 2260 4 7 2244 2268 
13 70 165 152 534 10 26 348 457 62 125 507 877 52 156 943 1303 3 13 1009 1042 81 169 1013 1421 87 107 1054 1440 28 42 1140 1245 104 176 1143 1569 72 104 1189 1441 45 75 1208 1356 64 200 1444 1838 46 71 2170 2394 
