10 108
8 22 57 137 266 90 150 179 526 89 102 360 663 29 62 397 558 52 219 602 966 52 187 1101 1450 51 177 1207 1579 23 35 2131 2249 
7 98 167 382 750 102 141 472 877 40 196 870 1276 56 119 1195 1532 109 170 1588 1990 29 81 1904 2032 18 29 2190 2256 
11 72 104 135 394 69 168 265 665 11 19 401 466 7 20 568 609 69 103 631 1049 30 43 683 822 75 128 978 1320 16 143 1337 1606 9 16 1683 1739 24 48 1704 1822 18 20 2154 2218 
8 103 129 85 473 88 241 271 723 18 44 292 418 45 95 419 740 70 124 444 740 26 40 469 578 67 169 999 1297 42 74 2045 2242 
13 46 142 519 817 9 18 569 608 32 119 747 1027 67 165 1075 1348 44 89 1094 1282 33 58 1131 1252 17 29 1207 1319 7 8 1484 1515 69 222 1684 2101 58 100 1729 2004 2 3 1984 1995 10 11 1991 2029 27 39 2132 2243 
10 52 127 171 388 77 172 841 1283 53 220 1066 1444 4 8 1147 1176 37 100 1381 1633 86 173 1480 1933 21 63 1647 1779 36 74 1852 2017 39 95 1872 2138 15 42 1933 2020 
11 28 76 5 167 12 87 289 539 1 1 399 402 42 121 445 757 11 29 969 1036 10 30 1015 1081 11 24 1033 1097 110 160 1266 1674 63 202 1494 1821 79 161 1650 2048 72 124 1826 2122 
12 3 6 587 604 92 158 682 1119 23 45 860 980 29 42 870 1009 67 116 985 1286 11 26 1032 1105 84 155 1223 1650 23 39 1497 1600 73 115 1614 2042 9 29 2014 2075 13 28 2114 2176 7 12 2187 2214 
15 78 149 4 345 7 24 69 128 13 34 118 193 12 19 733 796 50 70 904 1085 15 28 1384 1453 77 205 1585 1936 10 19 1590 1642 52 80 1591 1770 78 190 1627 2074 34 84 1864 2024 1 3 1965 1975 43 118 1975 2257 3 9 2221 2246 1 2 2259 2263 
13 117 142 93 487 1 3 319 326 15 31 486 566 17 31 600 715 67 182 624 998 39 46 1068 1330 7 29 1080 1125 69 229 1208 1656 56 160 1408 1777 3 5 1450 1464 22 31 1521 1612 90 179 1701 2065 3 6 2128 2148 
