10 85
6 117 117 0 295 45 45 235 326 75 75 308 473 155 163 817 1188 187 203 1606 2020 145 145 1706 2155 
7 135 203 0 465 110 110 132 482 102 102 984 1234 69 131 1014 1295 30 32 1268 1362 198 198 1914 2382 70 70 1924 2061 
10 204 204 191 626 149 210 713 1146 90 168 753 1094 54 78 884 1069 9 9 1143 1179 85 117 1268 1505 44 49 1844 1970 43 43 2228 2392 31 41 2353 2442 4 6 2416 2431 
9 79 79 347 567 137 227 595 1038 50 60 601 713 139 139 1004 1350 83 85 1049 1298 43 43 1568 1648 43 43 1618 1699 147 147 1784 2126 22 22 2358 2425 
10 129 235 409 899 19 27 549 611 129 199 1147 1628 72 72 1197 1352 4 5 2092 2103 89 112 2095 2341 124 124 2109 2412 93 93 2189 2377 19 25 2210 2268 47 47 2241 2335 
11 53 64 26 179 84 101 86 299 55 80 441 643 14 14 468 506 2 5 507 518 119 144 640 958 125 154 677 986 41 69 800 944 192 192 991 1364 17 23 1069 1120 24 30 2216 2279 
7 201 201 657 1100 75 75 1407 1618 100 116 1774 2119 113 132 1845 2130 146 146 2041 2381 80 104 2116 2395 13 18 2322 2356 
7 160 160 860 1176 102 141 1081 1324 147 157 1096 1503 67 67 1109 1276 153 153 1514 1884 76 122 1827 2128 18 18 2392 2446 
9 133 201 365 740 43 77 829 989 71 71 831 988 83 83 1231 1533 146 146 1601 1898 131 191 1717 2131 93 118 1722 1976 54 92 2255 2447 53 53 2276 2440 
9 70 94 31 197 164 229 153 592 18 20 202 246 149 184 433 852 68 128 792 1013 127 157 1413 1848 30 32 1550 1624 43 46 2100 2260 58 81 2270 2424 
