10 113
11 76 76 108 416 23 23 279 393 40 72 356 533 88 88 415 809 42 46 1131 1327 15 37 1149 1261 24 37 1305 1473 37 46 1361 1572 26 26 1476 1570 99 119 1495 1922 5 5 1601 1618 
11 54 54 204 456 15 15 221 290 82 82 314 637 6 14 632 676 57 78 767 1017 61 106 850 1183 10 12 1140 1188 100 117 1596 2023 76 76 1722 2079 9 14 2135 2196 21 25 2162 2264 
10 50 67 380 647 89 94 588 962 102 102 664 1041 85 85 832 1192 19 40 1175 1326 75 75 1513 1841 12 12 1523 1581 8 14 2111 2172 7 8 2129 2163 8 17 2195 2242 
11 70 70 354 773 29 29 439 535 22 28 678 809 8 9 901 941 23 23 1253 1374 47 71 1313 1530 49 81 1697 1984 50 55 1705 1938 92 99 1733 2166 58 64 1908 2170 4 8 2039 2071 
13 55 55 159 433 18 38 277 383 13 13 304 353 48 91 728 1144 18 19 861 936 68 70 876 1205 56 82 1014 1331 59 111 1752 2099 17 38 1779 1923 56 85 1975 2200 19 22 1994 2099 12 16 2002 2073 26 26 2014 2105 
9 70 99 393 680 92 101 766 1153 48 82 771 1074 8 24 817 907 61 109 1102 1456 66 110 1130 1505 106 106 1176 1519 28 28 1924 2043 19 34 2010 2134 
15 10 10 35 69 8 8 511 545 72 106 632 966 50 86 683 973 17 46 710 854 33 64 925 1173 52 85 1130 1432 43 43 1177 1396 27 43 1341 1468 27 41 1590 1723 54 55 1663 1868 6 6 1737 1764 81 125 1839 2237 17 42 1878 1990 9 12 2210 2255 
13 80 80 101 440 19 36 140 305 70 70 225 547 67 98 808 1158 9 10 900 954 36 56 1055 1231 37 50 1178 1377 2 3 1193 1208 78 97 1662 1987 63 91 1891 2170 4 9 2053 2087 1 1 2242 2248 1 1 2244 2247 
10 1 1 84 89 86 125 172 496 46 97 475 815 77 98 1410 1718 14 14 1578 1644 87 101 1693 2004 76 85 1724 2172 50 50 1877 2113 16 33 2028 2143 35 39 2071 2240 
10 18 18 55 143 67 67 152 510 79 79 326 605 6 6 331 360 116 116 581 1023 22 38 764 903 30 50 1178 1397 56 56 1349 1613 68 121 1624 2035 4 7 1922 1953 
