10 57
5 26 26 92 239 57 67 300 535 49 49 647 1002 52 99 1032 1371 28 39 1708 1876 
5 20 24 449 542 55 55 702 994 46 46 1031 1217 39 59 1163 1376 48 78 1377 1602 
7 86 91 199 609 19 24 680 802 32 50 721 919 28 28 1162 1286 38 46 1457 1612 42 61 1851 2074 16 17 1856 1955 
4 71 71 543 786 52 82 954 1215 50 50 1516 1683 39 50 1622 1827 
6 80 132 49 428 57 64 240 482 3 6 982 1012 51 75 1680 1975 21 22 1731 1816 22 22 1761 1857 
6 97 97 140 552 9 10 405 451 28 28 433 565 33 33 678 843 84 129 1351 1705 24 37 1791 1915 
4 71 109 128 504 109 109 710 1100 31 67 1587 1826 6 11 1915 1953 
7 10 11 275 328 4 5 484 503 61 61 660 879 35 42 1174 1332 21 71 1395 1607 44 44 1506 1699 32 66 1738 1980 
8 77 77 378 780 11 33 613 707 9 13 710 792 40 50 917 1126 36 48 1012 1172 66 91 1127 1478 2 2 1421 1435 13 17 1889 2009 
5 31 51 7 196 36 64 521 731 61 129 842 1244 12 25 1122 1206 75 75 1398 1743 
