10 223
21 13 97 122 332 16 81 166 364 1 2 291 296 12 195 325 720 3 31 509 574 1 5 546 557 7 83 557 701 3 27 798 854 13 112 1005 1215 8 55 1018 1191 18 154 1054 1391 9 64 1082 1231 16 107 1112 1510 12 228 1181 1589 11 173 1348 1652 5 84 1545 1754 4 30 1548 1624 21 147 1659 1961 10 125 1683 1889 9 91 1880 2075 1 10 1985 2014 
23 1 11 164 211 21 132 403 793 4 41 488 571 5 52 582 706 13 105 607 949 13 118 632 905 14 59 715 1002 10 68 778 934 1 18 781 826 1 9 783 812 19 77 980 1242 12 91 1094 1305 8 67 1116 1299 5 57 1307 1437 2 30 1308 1364 9 57 1466 1699 13 115 1487 1790 4 36 1549 1622 15 152 1562 1946 10 109 1566 1856 2 20 1663 1718 3 23 1686 1756 1 13 1953 1979 
26 1 14 366 400 2 21 420 473 19 104 426 700 6 120 444 664 25 131 490 860 13 60 555 766 15 99 793 1037 10 66 821 1039 5 59 830 999 6 200 1059 1390 25 119 1106 1486 1 6 1127 1148 1 3 1171 1181 11 61 1191 1414 10 117 1236 1474 11 95 1392 1643 1 33 1417 1476 12 86 1434 1656 6 46 1436 1583 1 11 1531 1554 6 68 1567 1691 1 11 1594 1618 14 103 1715 1955 4 32 1923 2025 1 3 2023 2038 1 11 2050 2076 
20 19 168 97 420 10 90 112 323 26 123 199 567 9 36 214 402 10 52 378 551 8 187 422 799 1 3 457 464 18 161 606 903 13 53 831 1177 3 26 920 1011 20 125 955 1266 2 8 1115 1172 26 105 1263 1532 2 33 1397 1465 2 19 1436 1487 10 122 1471 1723 6 78 1632 1820 1 1 1949 1952 1 14 1956 1985 1 14 1986 2039 
20 17 141 35 404 2 26 187 246 8 105 277 520 20 99 500 857 24 166 524 924 15 205 579 993 10 129 786 1109 1 2 1003 1023 17 174 1271 1661 27 209 1293 1669 2 31 1352 1412 17 97 1376 1622 8 108 1416 1632 5 28 1476 1562 8 87 1493 1686 8 68 1699 1908 1 36 1714 1785 1 6 1717 1739 6 6 1918 2024 1 2 2056 2063 
26 8 64 55 237 8 87 93 302 7 66 368 565 17 75 479 795 17 83 700 937 11 199 933 1283 2 44 945 1053 10 59 982 1188 11 48 990 1221 1 7 992 1017 3 27 1105 1179 5 58 1107 1223 8 86 1350 1532 18 160 1430 1817 7 69 1443 1605 5 32 1505 1615 17 125 1611 1887 7 53 1706 1863 8 59 1720 1875 4 49 1793 1897 2 32 1856 1924 9 52 1885 2029 7 58 1902 2041 1 21 2000 2033 1 11 2029 2057 1 7 2051 2068 
18 2 42 217 285 16 145 346 615 7 77 416 562 5 70 431 553 4 39 470 547 1 14 651 682 17 226 753 1142 18 147 759 1139 11 53 776 939 16 119 910 1255 28 108 938 1341 10 63 1020 1209 2 35 1149 1214 23 186 1150 1553 15 169 1255 1560 9 121 1557 1828 1 10 1890 1913 1 2 2047 2057 
22 6 72 6 167 15 116 267 648 11 109 398 682 16 183 609 971 10 103 652 862 15 160 839 1132 7 75 850 1004 14 154 868 1258 9 99 1039 1291 5 50 1239 1361 2 20 1381 1415 18 124 1470 1834 6 48 1552 1693 3 34 1578 1661 9 135 1627 1922 11 93 1722 1973 20 114 1750 2048 10 123 1796 2026 1 2 1926 1933 1 3 1993 2002 1 3 2033 2042 1 7 2043 2068 
24 25 199 77 454 6 91 223 397 19 158 260 550 6 41 374 472 1 2 483 489 1 1 509 513 11 125 780 1051 10 105 826 1142 6 107 983 1175 27 59 1006 1401 1 2 1018 1036 1 12 1129 1162 21 115 1238 1598 14 122 1244 1504 1 1 1535 1539 2 13 1582 1629 9 56 1600 1802 18 124 1624 1964 1 6 1671 1699 6 46 1680 1812 7 76 1714 1827 8 64 1772 1903 5 41 1877 1970 3 13 1960 2015 
23 29 142 78 480 10 154 95 422 10 63 149 319 2 16 193 248 21 163 232 590 5 38 268 403 3 21 272 341 18 154 400 734 17 96 607 933 5 104 751 1008 2 18 767 802 6 34 782 911 18 186 880 1293 13 115 1041 1322 2 32 1093 1178 10 86 1373 1560 12 131 1449 1738 1 1 1496 1502 2 17 1677 1735 6 121 1767 1998 1 3 1874 1886 1 11 1981 2007 1 9 2032 2066 
