10 451
40 8 127 40 308 1 17 49 91 13 88 51 316 8 70 271 445 4 22 323 397 16 104 439 695 1 2 473 478 18 186 514 852 10 91 554 818 17 146 762 1097 11 48 962 1103 1 6 965 983 15 128 987 1248 23 161 988 1376 9 52 1002 1144 23 266 1019 1444 14 83 1053 1425 5 44 1147 1255 11 142 1172 1511 1 1 1281 1284 23 87 1283 1603 24 186 1342 1762 14 44 1345 1673 1 17 1365 1401 17 202 1382 1791 23 136 1445 1782 13 113 1502 1879 22 150 1513 1936 9 87 1515 1769 8 67 1582 1727 9 153 1629 2029 2 21 1632 1687 10 92 1681 1921 8 93 1832 2002 3 20 1949 2013 5 63 2005 2200 1 18 2024 2058 7 43 2093 2234 1 2 2243 2250 1 1 2250 2253 
44 15 157 207 534 11 100 237 462 8 84 252 455 11 110 259 517 1 2 268 273 5 31 434 535 2 21 447 487 13 102 448 806 2 23 473 529 1 14 509 547 24 190 690 1103 15 110 707 966 11 66 783 1005 18 159 872 1239 11 56 885 1223 19 76 907 1263 5 61 933 1050 12 96 941 1151 22 183 946 1332 13 64 953 1333 10 134 989 1321 5 88 996 1158 2 36 1044 1135 9 144 1056 1253 13 179 1158 1445 11 49 1158 1332 7 90 1202 1443 6 87 1293 1434 14 103 1300 1715 17 87 1391 1728 5 69 1439 1563 10 41 1440 1614 30 97 1505 1955 8 69 1559 1710 1 3 1563 1574 5 79 1586 1735 10 159 1591 1963 1 12 1697 1736 10 73 1754 1937 1 11 1923 1947 2 24 2142 2230 1 6 2187 2207 3 13 2196 2241 1 3 2255 2262 
46 18 165 16 338 8 127 57 320 1 5 90 106 2 21 222 276 22 141 226 559 13 59 276 486 4 38 299 366 18 222 332 738 15 111 334 607 7 58 391 547 6 46 414 563 11 161 461 810 2 22 654 721 23 181 672 1043 1 1 718 721 1 16 720 758 21 126 747 1157 12 111 761 1007 14 161 764 1090 7 69 780 946 23 180 809 1208 5 38 919 1029 1 17 989 1029 1 3 1003 1011 11 90 1022 1308 15 137 1028 1392 1 9 1248 1276 1 12 1259 1290 5 54 1267 1421 7 102 1392 1668 6 82 1537 1704 18 174 1571 2014 19 118 1647 1964 12 150 1652 2081 5 42 1678 1758 5 32 1700 1822 16 142 1739 2109 10 103 1774 1990 1 11 1774 1802 13 171 1877 2162 12 89 1965 2149 6 32 2090 2227 7 17 2101 2234 4 27 2166 2235 1 18 2210 2250 1 3 2244 2256 
53 7 28 38 188 9 107 67 321 7 145 89 422 2 22 134 236 15 138 150 532 15 110 172 495 6 50 173 299 1 8 190 215 9 87 244 551 7 62 307 441 3 48 468 574 7 76 496 651 7 117 520 713 3 26 526 591 16 98 570 847 27 171 588 954 5 36 602 694 9 18 629 813 11 99 639 887 7 40 647 794 16 49 691 969 13 89 699 1038 4 53 731 841 7 59 752 917 5 31 830 956 8 160 882 1323 1 9 899 923 4 64 905 1045 2 23 1040 1086 27 130 1052 1475 2 24 1065 1120 3 20 1109 1165 7 204 1324 1718 12 101 1371 1595 2 16 1404 1444 10 44 1518 1681 5 26 1558 1659 3 13 1630 1698 6 68 1636 1860 13 143 1657 1919 2 16 1677 1736 7 102 1686 1880 1 34 1737 1828 14 194 1780 2155 24 117 1814 2108 4 43 1844 1930 9 43 1873 2047 2 35 1925 2006 12 71 2005 2187 3 29 2111 2164 2 24 2180 2227 1 10 2239 2263 1 2 2255 2264 
41 7 70 36 181 12 95 57 244 9 51 142 284 14 164 217 563 24 89 288 643 7 58 289 447 1 38 410 507 13 114 453 792 7 56 473 628 4 39 506 593 27 169 552 962 13 56 557 835 3 29 654 744 4 60 681 801 9 77 695 856 20 141 712 1104 1 3 823 830 4 9 869 968 5 41 1087 1246 9 129 1152 1427 9 110 1167 1360 18 132 1176 1591 2 23 1302 1349 2 38 1308 1380 19 86 1344 1693 19 187 1407 1783 2 13 1441 1486 10 87 1520 1756 20 125 1538 1900 15 126 1557 1931 9 74 1622 1808 17 131 1640 1931 5 18 1642 1773 13 114 1773 2061 23 183 1773 2131 13 26 1810 2028 6 61 1859 2019 3 17 1961 2015 2 15 2047 2089 1 12 2129 2155 1 9 2185 2219 
43 20 131 23 402 20 138 104 445 19 167 216 580 10 96 278 512 2 24 485 537 9 95 558 750 22 106 570 966 20 145 570 952 3 27 667 723 8 75 834 1030 2 28 884 951 21 158 904 1351 2 34 912 976 8 45 918 1096 13 102 927 1160 6 41 1039 1204 10 99 1122 1544 1 1 1163 1167 18 147 1226 1556 9 53 1227 1406 19 242 1263 1632 6 29 1308 1454 14 147 1359 1683 6 61 1363 1466 16 193 1438 1889 4 50 1469 1570 8 80 1525 1718 19 61 1529 1778 5 87 1565 1732 13 94 1588 1806 1 17 1614 1649 9 155 1668 2066 8 67 1707 1877 16 93 1807 2193 17 103 1859 2236 7 50 1906 2044 2 22 1912 1986 2 22 1912 1957 1 9 1933 1948 6 75 2041 2248 4 25 2083 2200 1 1 2201 2204 1 3 2248 2256 
48 1 2 14 24 15 123 56 398 11 100 85 399 1 21 131 193 21 133 179 525 1 14 313 344 7 55 417 662 2 13 475 525 9 66 553 735 16 168 562 903 5 49 573 712 1 5 596 613 6 57 766 933 14 126 768 1094 11 117 769 1009 6 50 805 922 22 218 847 1236 18 147 867 1151 12 60 905 1102 1 9 984 1004 2 26 1024 1113 5 48 1045 1147 6 33 1053 1161 16 147 1097 1473 4 40 1101 1191 17 123 1150 1572 7 84 1163 1382 11 196 1249 1540 6 97 1273 1515 8 51 1286 1466 14 122 1370 1800 13 69 1409 1621 20 101 1427 1715 1 20 1458 1519 17 124 1495 1787 6 55 1502 1636 6 58 1519 1695 7 106 1523 1738 19 89 1592 1919 6 188 1609 1984 4 42 1646 1778 5 36 1654 1749 3 45 1700 1819 5 34 1910 1998 10 67 2085 2241 3 31 2125 2199 1 7 2198 2214 1 17 2226 2258 
41 6 33 168 257 14 139 190 503 12 99 343 602 4 45 352 430 8 120 462 761 15 186 503 827 26 111 537 871 12 58 580 784 7 39 590 741 20 145 762 1181 10 75 766 922 9 35 808 954 20 135 817 1269 7 71 837 994 10 142 866 1130 13 115 890 1257 10 71 907 1125 23 172 930 1314 1 2 956 962 1 8 1048 1065 4 34 1072 1154 7 91 1119 1294 8 54 1158 1293 1 17 1173 1238 5 53 1197 1300 19 99 1246 1538 2 26 1266 1318 5 45 1280 1385 2 11 1370 1411 6 39 1543 1695 2 19 1707 1765 24 164 1817 2231 20 106 1820 2165 15 99 1900 2206 14 96 1918 2200 10 89 1932 2154 17 61 1937 2244 9 47 2015 2211 1 18 2109 2143 1 3 2172 2183 1 4 2217 2238 
43 7 51 1 113 9 83 2 183 5 63 102 246 12 60 109 335 7 77 147 390 23 225 199 635 24 181 216 618 32 157 248 693 18 174 303 727 16 74 385 639 9 44 386 524 1 26 460 517 15 78 496 817 2 20 503 559 2 6 503 542 6 60 551 756 2 40 798 891 15 137 831 1148 9 81 837 990 16 196 891 1329 13 145 902 1245 3 19 930 988 9 72 954 1150 5 20 961 1061 6 36 982 1227 13 99 1024 1342 7 75 1044 1238 2 35 1058 1121 10 160 1281 1684 1 4 1404 1421 7 86 1499 1670 17 163 1530 1927 2 14 1538 1573 11 86 1546 1724 25 88 1664 2053 13 74 1848 2094 7 117 1865 2098 11 46 1867 2103 1 11 1936 1957 5 64 2050 2240 6 25 2071 2191 1 15 2184 2208 1 1 2262 2265 
52 2 20 18 58 4 55 27 151 4 56 49 189 15 127 54 392 16 132 79 384 6 62 138 293 5 35 178 257 15 139 221 639 2 30 274 338 13 87 281 522 16 146 339 602 10 85 356 565 7 117 371 561 17 177 401 711 2 15 425 452 5 62 449 583 4 16 489 559 5 36 767 858 4 29 783 869 4 34 842 940 6 74 926 1201 1 9 995 1017 7 66 1082 1201 28 172 1162 1593 5 73 1336 1464 13 118 1416 1652 1 7 1430 1451 6 60 1455 1600 8 89 1463 1672 14 103 1474 1751 23 155 1483 1785 13 113 1562 1957 16 146 1565 1908 2 24 1635 1719 2 49 1697 1853 1 2 1703 1707 6 43 1733 1845 14 151 1739 2085 23 225 1748 2154 15 176 1809 2229 1 3 1892 1902 3 59 1900 2024 6 25 1909 2050 14 54 1938 2138 2 19 1962 2006 3 73 2012 2176 2 23 2085 2150 7 62 2091 2239 4 34 2097 2199 6 26 2104 2192 1 7 2105 2133 1 22 2192 2234 
