10 59
6 117 117 524 781 91 117 772 1025 145 145 857 1223 18 18 1348 1396 59 59 1356 1508 50 73 1713 1910 
7 227 227 104 534 78 80 291 549 41 41 563 701 14 32 896 952 53 107 1671 1867 31 31 1756 1859 1 1 2153 2157 
5 163 163 707 1077 134 134 1168 1479 22 30 1261 1328 169 169 1385 1778 36 38 1838 1947 
6 121 208 217 600 87 119 957 1245 183 194 1556 1966 64 181 1905 2200 99 120 1994 2264 4 4 2179 2191 
6 72 72 78 232 104 130 213 464 63 80 1349 1518 82 104 1484 1777 97 110 1616 1975 65 117 1889 2118 
5 89 89 67 320 23 32 119 200 106 169 560 866 124 237 806 1203 120 120 1969 2248 
5 178 178 287 702 107 108 423 679 89 89 878 1059 116 126 980 1339 9 20 1756 1795 
4 81 134 28 316 66 123 243 517 124 236 930 1372 206 206 1562 2004 
11 60 60 540 666 1 2 547 552 95 102 1004 1298 75 75 1115 1295 46 79 1199 1411 52 52 1339 1467 40 104 1521 1701 22 22 1766 1837 11 11 1858 1881 31 36 2171 2243 5 5 2248 2262 
4 152 152 332 703 128 168 1302 1598 107 124 1859 2123 109 176 1861 2248 
