10 167
13 71 109 84 465 58 115 504 889 126 126 628 1057 20 55 968 1206 8 27 1088 1166 60 111 1091 1458 116 116 1200 1650 9 9 1414 1461 99 99 1645 1997 11 15 1667 1722 90 123 1689 2163 37 37 2266 2426 7 7 2402 2446 
17 93 93 198 524 22 22 218 349 25 25 664 778 82 121 680 1067 27 65 1071 1272 51 90 1178 1494 7 46 1222 1467 64 94 1255 1527 14 19 1284 1373 33 45 1341 1498 7 8 1397 1425 70 106 1471 1833 58 58 1839 2039 108 108 1894 2323 21 34 1939 2068 15 19 2072 2144 55 78 2177 2412 
23 40 94 217 628 44 44 337 557 4 7 566 590 28 48 645 786 19 83 688 1043 28 28 776 900 45 123 975 1350 86 86 990 1349 11 25 1248 1345 13 24 1294 1382 46 93 1441 1753 92 155 1539 1984 77 85 1572 1857 30 38 1717 1891 43 83 1946 2312 53 69 2000 2254 5 7 2083 2108 17 30 2087 2218 15 20 2098 2186 47 47 2230 2381 4 4 2341 2363 16 18 2346 2449 7 12 2360 2398 
14 52 125 227 614 21 32 309 424 83 84 383 828 8 11 517 573 42 86 587 1026 55 78 621 1003 61 61 717 1065 58 109 1018 1418 77 77 1060 1468 65 65 1167 1495 35 89 1255 1564 33 41 1551 1680 103 109 1673 2104 32 32 1920 2042 
19 66 93 130 486 47 93 152 495 23 23 385 523 3 3 432 449 81 162 702 1186 71 97 839 1130 67 78 1002 1274 57 88 1166 1433 14 20 1229 1301 10 20 1277 1341 60 60 1354 1662 25 34 1875 2020 93 93 1959 2305 16 21 1961 2020 95 119 1997 2431 1 4 2174 2186 7 14 2253 2310 4 4 2343 2359 2 2 2418 2429 
17 84 99 152 559 20 36 188 356 40 68 218 627 35 83 428 771 3 3 661 673 95 95 678 1053 108 111 1269 1672 36 76 1290 1503 18 18 1366 1448 10 20 1379 1461 2 2 1438 1450 54 64 1723 1999 40 40 1803 1966 45 84 1867 2117 95 95 1921 2310 9 10 1980 2014 33 53 2169 2303 
18 72 107 115 442 52 57 244 521 52 134 447 794 41 64 878 1151 13 19 1041 1109 30 44 1202 1332 40 85 1324 1602 18 18 1352 1449 64 64 1374 1685 8 8 1406 1441 71 116 1427 1792 79 79 1482 1807 32 123 1678 2156 55 55 1761 2018 25 30 1859 1982 1 1 2082 2086 47 47 2184 2368 9 10 2230 2264 
13 81 123 409 815 64 113 618 949 85 97 634 1048 70 70 659 980 66 89 708 967 88 140 990 1445 63 108 1392 1839 7 7 1688 1718 88 94 1719 2102 39 73 1894 2170 5 9 2050 2084 9 9 2090 2130 45 82 2110 2400 
14 21 21 50 206 53 53 81 280 87 102 307 752 30 57 815 1089 32 32 1291 1418 22 33 1308 1440 79 79 1410 1886 45 57 1477 1716 100 100 1740 2121 11 16 1755 1835 98 149 1757 2244 36 42 1813 1952 60 80 1931 2289 40 64 2040 2305 
19 58 95 99 399 26 27 339 460 5 7 376 400 60 72 493 798 46 46 499 794 63 67 898 1198 18 28 1118 1214 58 58 1228 1589 84 101 1277 1741 83 87 1619 2005 33 88 1628 1873 89 89 2062 2376 21 28 2065 2172 26 37 2182 2308 15 31 2343 2454 12 12 2350 2399 4 5 2350 2374 6 9 2352 2383 1 1 2435 2438 
