15 95
6 63 129 33 267 121 121 144 385 38 76 157 314 68 68 743 898 12 12 804 842 11 11 1125 1159 
6 79 94 42 286 23 35 230 316 48 54 487 672 38 38 598 682 38 38 785 891 29 40 1129 1212 
9 10 12 163 194 66 66 216 442 4 11 229 251 4 5 325 336 3 4 418 427 98 98 827 1073 35 65 966 1082 6 7 1020 1037 22 28 1090 1141 
7 51 80 260 448 76 89 421 620 20 20 455 508 12 17 478 533 79 79 593 732 2 2 813 819 56 94 1038 1215 
3 83 83 7 234 115 115 677 915 32 38 740 825 
6 92 92 180 401 8 8 408 430 60 115 474 656 58 64 672 836 23 43 899 978 14 15 1045 1081 
7 38 76 474 642 42 75 584 773 82 107 601 805 60 89 644 858 52 71 763 909 12 12 838 877 6 9 1210 1229 
6 72 72 272 431 39 50 467 615 25 74 694 846 66 66 854 1040 76 84 931 1176 2 6 1025 1039 
9 21 30 191 268 21 37 203 314 75 75 216 389 8 27 219 276 20 26 392 475 63 90 607 799 5 9 963 990 40 58 1032 1126 12 14 1070 1109 
5 14 29 72 173 72 93 622 854 86 86 808 1003 52 81 946 1109 48 48 1092 1192 
6 50 50 113 254 6 6 318 335 53 53 620 866 63 77 724 937 36 36 882 953 36 36 1039 1143 
3 62 62 405 583 113 113 464 700 65 108 869 1059 
8 1 1 109 112 14 14 402 441 54 97 427 623 82 84 431 636 34 34 494 606 131 131 817 1029 2 2 1020 1027 5 5 1045 1056 
7 20 29 155 210 41 52 297 402 65 70 395 547 4 5 513 524 36 55 640 806 50 50 880 1027 29 56 1101 1212 
7 10 25 346 395 29 47 838 935 56 56 839 978 49 74 915 1050 98 98 956 1192 13 17 1184 1232 6 6 1206 1227 
