15 261
15 45 97 40 285 12 36 99 170 50 55 382 575 18 37 415 496 26 39 440 535 71 96 467 701 11 21 476 550 51 101 523 745 17 48 579 673 10 24 671 743 17 17 755 841 10 16 774 833 48 120 934 1142 46 92 1028 1270 7 14 1268 1300 
16 36 79 5 171 2 2 83 92 18 25 219 299 35 85 357 526 22 62 369 489 48 90 503 692 12 32 520 580 18 35 526 597 40 63 747 970 21 21 792 854 17 28 953 1029 33 106 1054 1287 59 61 1067 1292 24 38 1149 1254 27 47 1158 1283 9 15 1269 1303 
16 48 72 92 296 29 64 166 314 30 42 269 403 2 3 366 375 58 107 429 652 45 72 667 897 12 38 750 868 60 94 930 1170 8 11 966 997 8 21 1057 1130 47 65 1104 1278 2 7 1129 1143 19 53 1165 1289 22 37 1216 1336 1 2 1253 1259 14 14 1272 1326 
15 47 85 68 227 45 131 107 371 34 56 387 549 5 11 515 540 3 6 567 580 36 86 568 770 40 109 761 958 11 34 779 888 10 27 808 878 22 40 872 970 55 107 914 1174 24 41 966 1125 46 81 1093 1295 27 53 1190 1322 6 8 1224 1253 
19 12 50 91 195 57 75 136 369 3 7 521 540 1 1 568 572 36 68 579 768 28 50 671 814 50 87 690 905 23 62 807 939 50 96 819 1052 37 107 935 1147 14 28 944 1041 6 8 1043 1076 17 34 1139 1238 5 27 1173 1226 7 20 1175 1211 20 31 1177 1270 19 45 1213 1293 6 6 1290 1316 1 1 1333 1336 
18 4 8 30 55 12 31 56 156 50 69 77 279 5 9 179 203 28 49 223 381 38 60 338 515 23 55 356 498 42 140 358 617 16 34 508 599 40 63 604 827 13 41 622 773 19 53 651 769 53 63 744 967 7 10 1119 1149 8 34 1185 1275 26 55 1201 1311 10 17 1279 1335 4 6 1320 1335 
13 38 67 88 263 62 96 89 354 34 41 303 474 5 5 436 453 72 108 551 801 1 2 573 579 24 24 604 690 40 75 612 757 27 53 676 853 37 85 708 908 28 76 771 975 36 70 942 1099 1 3 1293 1302 
19 26 74 40 210 33 33 97 221 34 115 113 365 40 78 190 358 66 126 339 587 46 97 397 574 40 40 643 824 13 26 718 776 14 17 732 791 8 29 768 830 9 23 815 859 21 22 859 941 2 8 970 985 7 20 1050 1090 26 56 1148 1293 7 15 1192 1228 6 18 1290 1329 2 7 1317 1333 2 4 1326 1335 
21 8 8 6 41 7 13 39 78 16 37 308 382 59 75 529 734 10 41 530 690 8 22 562 611 22 34 567 656 44 48 665 840 35 80 669 826 23 56 739 857 22 37 820 923 23 142 839 1078 8 21 895 936 9 17 904 940 53 59 1000 1200 1 3 1070 1083 16 42 1093 1218 17 42 1106 1232 13 22 1131 1206 11 14 1267 1310 5 10 1280 1311 
13 54 79 116 351 40 109 213 460 55 78 342 572 17 20 443 516 32 78 471 692 38 89 855 1083 61 61 1023 1272 20 55 1077 1191 59 78 1089 1305 1 1 1126 1129 2 21 1204 1250 12 17 1225 1275 14 17 1234 1276 
15 63 91 18 283 3 7 78 94 55 67 156 406 23 46 199 281 33 62 275 418 28 58 376 500 29 61 411 646 60 86 411 678 15 38 542 662 37 58 776 940 21 54 858 986 7 20 936 982 9 32 1151 1238 8 19 1282 1327 1 1 1325 1330 
15 15 21 260 321 18 32 388 475 47 69 429 620 21 110 466 664 35 62 497 645 56 130 652 869 65 90 686 896 3 21 732 803 6 10 740 779 15 17 750 813 53 83 835 1075 14 76 908 1061 11 20 968 1025 36 76 969 1133 18 30 1180 1258 
23 15 77 63 190 16 33 135 214 42 102 167 381 17 61 181 291 14 32 302 380 3 10 329 350 19 40 383 482 5 11 420 444 48 100 497 731 7 8 527 553 51 87 533 792 3 9 666 684 9 15 818 868 56 129 979 1229 6 19 1013 1062 24 146 1046 1299 5 15 1071 1108 19 30 1099 1182 1 1 1112 1117 23 57 1153 1311 20 41 1202 1294 2 5 1239 1253 1 2 1278 1284 
20 41 100 149 337 4 10 195 228 12 30 213 304 5 11 339 366 17 29 345 468 22 61 484 630 40 92 692 899 12 33 805 891 57 65 806 1012 1 2 868 874 46 64 900 1076 16 41 905 981 11 16 962 1022 17 66 996 1116 23 61 1005 1143 44 104 1105 1317 9 23 1205 1263 18 43 1235 1318 1 3 1304 1311 1 5 1316 1325 
23 1 1 62 66 3 9 68 87 9 27 81 128 37 71 122 369 46 133 124 355 37 68 157 345 10 23 225 289 32 85 286 445 4 5 336 353 4 9 365 389 13 19 380 455 15 31 409 493 20 38 450 585 10 37 498 573 7 14 804 857 10 10 934 993 37 72 985 1136 27 42 997 1105 64 80 1040 1256 20 33 1135 1236 13 19 1177 1237 2 7 1256 1270 1 1 1326 1329 
