15 150
13 102 102 80 290 60 66 156 300 51 107 176 374 51 53 460 596 33 48 593 737 45 45 598 704 3 3 652 659 6 7 869 888 7 7 900 938 37 82 912 1055 21 23 954 1014 6 6 1119 1136 12 25 1269 1308 
10 2 2 94 100 27 39 272 367 15 29 293 359 63 63 504 688 100 102 703 947 35 65 729 871 67 96 801 1039 37 48 844 968 21 25 853 927 16 16 911 951 
12 17 24 128 176 42 69 251 405 47 108 315 489 18 21 363 421 6 23 438 499 30 40 476 578 48 83 535 739 27 27 698 790 56 68 858 1015 15 17 1015 1065 97 97 1085 1298 43 51 1122 1237 
9 37 44 90 187 10 15 118 152 138 138 122 382 11 11 285 307 52 54 754 912 54 54 969 1102 68 80 981 1228 18 33 1128 1208 28 28 1156 1223 
10 25 32 29 113 17 26 212 287 86 86 228 394 13 16 314 349 32 32 362 453 93 93 594 846 82 82 636 808 14 18 722 759 55 70 963 1111 28 29 1186 1278 
10 34 76 99 238 98 109 142 392 29 49 225 319 13 31 307 384 40 65 403 546 13 13 468 495 90 103 497 723 32 70 694 807 32 48 1070 1177 7 7 1202 1224 
9 89 89 193 369 46 63 208 333 43 50 446 563 26 26 560 623 23 33 569 652 57 105 710 938 4 6 804 815 96 105 896 1161 20 31 1128 1197 
8 25 43 47 155 116 116 56 269 54 54 142 387 38 72 183 310 67 87 384 575 2 2 440 446 26 26 831 899 75 75 948 1136 
10 29 60 86 226 41 74 178 338 13 25 733 806 67 106 778 986 1 2 900 908 84 84 972 1209 95 95 1086 1284 54 65 1129 1288 13 13 1210 1251 6 6 1216 1230 
7 87 87 278 529 49 49 747 889 86 86 832 1035 82 84 834 1021 27 55 932 1091 26 34 1148 1261 20 20 1283 1327 
9 46 46 51 141 102 146 116 376 24 27 193 255 53 53 477 607 6 8 560 577 1 2 661 666 90 107 889 1104 95 95 910 1131 42 42 1220 1299 
11 38 82 63 212 62 95 167 421 55 82 383 615 45 51 552 692 2 2 734 739 31 61 767 934 15 16 771 810 33 35 902 1009 36 39 943 1019 37 37 1139 1226 34 59 1198 1304 
14 2 4 415 428 48 48 442 559 97 97 499 708 26 26 506 578 90 136 534 781 31 60 675 787 13 25 747 804 10 24 824 889 30 49 904 1007 16 20 1056 1106 35 58 1127 1246 25 36 1147 1229 24 26 1234 1295 8 9 1265 1281 
7 101 123 22 281 41 50 224 341 85 102 235 435 26 26 375 421 32 35 658 732 93 93 929 1169 25 36 1230 1311 
11 8 11 48 71 52 95 108 292 87 87 350 603 52 79 591 705 20 33 683 750 19 37 921 991 52 83 991 1135 38 67 1067 1176 70 70 1085 1240 38 45 1193 1306 3 9 1286 1304 
