15 170
14 14 16 65 169 21 38 117 246 19 22 138 215 20 23 189 288 14 28 224 325 19 37 278 393 14 14 590 637 41 64 732 945 10 28 817 906 8 10 941 981 41 42 954 1188 9 10 1053 1109 24 35 1084 1218 3 6 1157 1179 
8 36 37 217 432 30 38 252 380 26 40 366 540 39 50 482 681 45 45 599 762 49 49 762 950 36 39 901 1088 4 5 974 998 
11 32 63 92 311 1 1 195 199 8 24 325 399 56 56 344 551 42 68 366 545 26 36 418 643 19 47 548 725 49 49 867 1102 23 25 884 997 1 1 1117 1122 1 1 1227 1230 
7 45 48 320 556 52 53 334 538 41 50 620 824 36 37 728 872 52 77 763 993 12 15 1099 1172 27 31 1101 1225 
14 32 39 125 272 30 59 198 384 11 11 255 311 17 31 394 545 2 4 453 465 21 21 604 705 36 41 632 808 43 48 736 915 16 49 878 1058 14 32 886 1001 19 19 976 1070 24 35 1119 1229 13 19 1133 1209 1 2 1221 1229 
14 22 38 7 144 10 16 113 179 42 47 157 317 6 12 238 283 27 69 383 556 53 53 386 608 8 14 428 470 6 7 474 502 3 3 514 528 18 20 641 735 25 67 789 989 49 73 833 1074 11 16 1007 1074 13 13 1082 1134 
9 24 24 33 143 44 44 92 264 23 54 305 486 64 64 564 769 27 34 823 936 45 45 938 1112 25 38 956 1122 1 6 1118 1146 3 4 1213 1232 
12 1 2 62 70 42 42 157 363 32 32 280 396 11 26 667 750 31 67 871 1086 18 32 871 1025 34 34 882 1009 68 68 962 1205 22 26 1119 1225 1 1 1136 1147 7 7 1138 1181 1 1 1182 1189 
12 38 46 105 335 43 43 189 400 2 3 211 222 28 47 254 429 42 63 259 485 19 19 462 533 22 22 671 759 14 24 859 932 15 34 887 974 16 29 1042 1118 6 16 1096 1153 3 4 1212 1228 
12 30 30 38 139 54 57 468 646 40 53 531 733 10 20 765 825 55 88 935 1179 13 14 1024 1087 28 49 1055 1212 12 29 1073 1197 3 6 1127 1146 11 17 1153 1231 4 4 1172 1190 2 2 1214 1224 
11 40 40 183 327 23 47 427 567 20 28 484 613 30 47 501 663 11 14 676 731 21 21 688 774 2 4 759 783 29 44 767 873 54 68 774 1015 39 40 1087 1228 29 30 1129 1233 
12 15 52 14 156 10 24 211 318 17 42 296 478 35 44 320 487 14 14 331 398 6 6 438 467 14 16 487 554 20 20 513 604 25 39 526 707 40 40 718 897 32 35 1012 1231 19 19 1071 1136 
11 14 22 146 224 36 44 379 609 24 47 496 646 17 27 610 703 17 17 617 733 12 12 843 891 31 53 866 1024 29 31 921 1036 44 70 938 1141 20 31 1069 1179 20 24 1125 1210 
13 37 86 102 316 6 6 154 183 2 3 195 210 39 59 228 420 5 5 444 469 69 69 463 689 21 23 597 684 26 26 634 748 42 42 718 937 35 56 945 1128 13 30 1090 1176 4 6 1093 1117 1 2 1122 1130 
10 34 42 115 324 26 26 128 209 19 55 490 728 32 52 688 878 2 5 757 778 20 36 779 925 22 32 967 1118 63 63 969 1211 30 40 1048 1213 20 20 1053 1140 
