15 97
8 1 1 180 186 19 20 193 288 58 58 472 666 10 11 711 758 20 47 837 1046 11 14 935 989 4 11 1077 1129 1 1 1114 1117 
7 12 17 47 120 3 4 229 247 47 68 237 447 10 11 578 621 14 15 646 716 2 2 848 858 31 31 918 1021 
8 15 15 133 203 39 39 136 284 3 3 215 227 22 22 666 760 8 19 749 808 38 42 879 1039 7 15 1017 1085 12 23 1046 1125 
4 20 31 154 253 25 25 205 325 33 38 541 698 41 41 734 912 
9 3 5 200 218 34 34 387 556 22 40 483 610 13 13 548 594 1 1 939 945 19 19 948 1036 15 27 976 1046 6 8 1005 1037 1 1 1049 1054 
4 22 22 56 153 43 43 390 576 4 4 517 536 58 58 854 1076 
4 34 42 307 498 18 31 649 770 63 63 782 1007 24 25 898 1033 
4 38 58 20 234 39 39 262 401 17 17 303 359 29 44 327 546 
8 14 17 215 282 31 31 355 552 3 4 471 490 13 34 483 640 21 21 571 649 21 24 791 873 25 33 794 954 1 2 894 902 
6 6 9 604 635 55 55 644 829 47 65 822 1046 4 10 927 955 4 5 992 1011 2 2 1110 1123 
5 34 49 371 532 35 50 617 826 33 60 653 878 16 24 751 834 5 6 1049 1124 
11 10 26 98 173 11 15 142 211 39 46 238 428 7 7 384 417 7 10 608 648 22 22 684 818 5 5 745 770 14 14 942 1000 1 1 1080 1084 1 2 1094 1100 2 3 1105 1121 
6 2 6 41 68 21 21 152 240 25 39 189 327 10 12 233 316 46 51 574 774 25 65 608 816 
5 22 30 258 421 35 35 554 761 42 66 573 791 4 5 893 911 16 17 1058 1116 
8 20 31 126 253 21 26 144 259 19 30 149 237 4 6 164 181 9 25 424 511 17 17 592 674 23 40 879 1037 1 2 1111 1121 
