15 92
7 14 26 115 181 46 67 173 374 1 3 250 258 4 6 611 636 25 84 697 862 5 7 955 978 19 26 961 1072 
7 41 128 294 504 31 37 423 542 17 40 564 655 30 94 640 822 2 8 700 715 11 18 903 956 14 60 978 1080 
9 7 15 134 174 16 43 148 233 14 15 252 329 14 28 398 462 35 96 496 687 1 3 594 600 19 54 617 715 31 91 727 915 2 5 1115 1126 
5 18 38 133 237 33 83 231 404 22 95 448 581 5 9 450 477 31 65 642 817 
8 7 16 69 109 17 29 76 146 18 75 224 397 5 6 345 368 41 60 460 625 10 17 547 600 3 6 585 603 9 20 912 971 
4 36 61 491 640 35 82 639 840 43 54 824 1007 4 10 1093 1116 
7 5 13 172 201 24 43 205 324 18 69 574 742 29 93 697 876 1 4 738 747 26 64 788 902 21 35 1039 1117 
7 46 80 330 519 30 85 337 557 4 7 418 457 8 24 773 819 16 54 783 926 22 40 941 1025 4 18 1033 1067 
6 6 24 275 324 30 95 429 608 51 82 742 945 36 54 802 1017 18 41 903 1024 11 27 959 1026 
4 36 71 234 392 44 64 636 807 45 45 726 904 3 5 884 905 
4 24 24 178 283 27 43 436 534 42 54 600 771 18 27 625 713 
5 45 52 66 247 32 63 103 241 24 44 535 692 9 17 545 607 21 30 601 670 
9 10 37 24 95 4 8 114 136 7 41 214 280 3 4 276 294 22 70 315 442 39 89 441 650 16 30 516 581 27 113 901 1105 7 11 989 1021 
6 2 2 15 22 34 110 206 407 11 23 238 318 21 93 494 662 49 107 597 823 1 2 1060 1066 
4 43 61 26 204 35 50 289 433 29 52 855 970 36 49 938 1093 
