15 392
30 4 128 69 288 6 63 99 235 5 44 115 215 9 86 157 358 1 2 160 167 2 28 182 250 2 43 185 276 5 55 240 342 4 33 256 347 10 84 303 492 2 18 317 356 3 44 464 577 7 42 465 567 3 31 483 558 3 22 583 650 2 41 615 697 2 33 628 695 10 93 656 877 1 12 683 721 1 3 746 758 2 28 751 812 7 55 774 947 3 26 788 853 3 27 842 914 5 33 954 1039 3 40 984 1076 8 74 987 1120 1 14 1046 1072 1 1 1085 1092 1 7 1102 1126 
24 4 35 80 209 4 32 125 228 11 73 174 350 8 53 310 452 12 74 382 599 8 46 393 588 11 97 395 580 11 60 439 621 2 14 451 491 1 9 511 537 1 10 514 540 1 11 611 644 9 70 655 822 4 29 818 898 5 66 836 956 6 94 843 1020 5 81 891 1102 5 41 1014 1096 1 12 1018 1053 5 40 1024 1111 2 33 1027 1106 1 24 1036 1087 1 12 1052 1084 1 5 1058 1070 
22 2 36 25 104 11 78 43 252 8 95 58 274 7 58 60 187 9 62 192 350 6 58 231 360 5 28 249 330 7 59 284 442 1 13 289 317 9 35 508 640 2 24 615 671 6 50 706 820 5 32 722 809 1 1 741 745 1 10 749 767 11 50 773 977 7 35 782 887 9 81 789 966 7 68 1001 1122 4 26 1039 1120 2 7 1056 1094 1 4 1113 1127 
30 1 3 38 51 1 15 74 113 2 22 103 157 1 4 106 120 5 50 147 246 5 36 155 248 8 51 191 303 7 78 217 400 4 26 229 307 1 2 244 252 9 84 254 425 1 9 298 321 8 102 321 501 9 62 342 491 6 51 342 484 2 11 343 373 3 33 386 459 1 18 398 440 2 33 487 561 4 21 492 545 1 5 573 596 1 8 630 658 3 47 630 708 4 52 655 740 5 46 712 806 4 40 800 879 3 20 893 950 5 25 895 994 8 70 949 1114 2 34 1053 1117 
29 5 38 4 88 1 12 6 38 1 4 101 112 10 50 118 242 3 21 127 189 2 13 171 203 8 58 175 360 4 43 214 298 4 30 288 389 8 60 295 484 7 39 499 623 9 65 504 700 7 70 544 745 8 73 584 788 1 23 587 639 4 46 676 761 7 32 769 875 1 3 785 794 1 11 798 822 9 94 879 1053 2 8 898 936 4 65 948 1074 6 47 1033 1123 1 6 1049 1063 3 21 1051 1118 1 7 1072 1092 1 6 1095 1111 1 1 1109 1116 1 5 1114 1127 
24 6 61 4 206 3 26 78 141 4 28 152 225 11 55 282 474 6 34 346 491 1 3 348 358 1 21 377 437 3 37 468 557 3 36 486 582 3 62 500 630 12 73 568 787 9 44 568 763 7 80 614 805 11 94 615 827 8 69 665 841 6 55 705 863 2 15 722 758 1 3 732 740 2 25 776 885 2 24 778 828 6 38 922 1085 9 60 928 1055 2 38 932 1042 1 13 948 984 
26 3 30 32 107 3 26 33 107 4 45 95 194 3 17 110 175 2 34 111 174 10 104 183 403 8 66 201 361 6 54 218 319 7 43 226 357 3 38 266 334 1 3 279 286 1 4 292 301 2 23 315 382 9 66 335 505 5 52 349 485 6 52 374 536 1 9 408 427 9 80 489 676 11 104 490 697 1 14 611 648 2 31 632 701 1 7 690 710 9 56 748 922 1 18 795 847 8 48 888 1047 8 46 897 1073 
21 11 48 51 221 12 74 73 259 4 49 172 279 5 61 177 278 6 64 188 325 6 28 291 386 2 35 294 379 7 80 347 558 7 56 567 710 5 57 570 715 8 108 592 792 13 89 597 818 7 62 647 823 7 88 667 892 1 7 736 769 1 9 740 772 2 17 807 865 9 74 854 1000 10 71 948 1109 3 26 992 1039 1 11 1049 1078 
27 12 56 15 170 8 42 54 204 1 4 99 112 9 66 137 336 5 68 180 326 1 13 206 226 1 5 218 230 1 5 233 245 10 49 263 451 8 51 280 411 4 52 371 457 8 79 428 584 7 45 432 546 8 59 524 687 6 57 544 662 1 1 597 601 1 4 623 633 7 74 668 893 1 14 680 706 2 47 711 793 1 9 761 785 7 84 781 977 2 18 814 890 4 27 844 912 3 47 943 1054 2 23 1031 1095 1 14 1086 1118 
28 8 78 78 261 6 46 165 298 6 51 184 294 2 20 206 255 5 75 231 416 6 42 301 412 5 39 302 394 3 21 322 385 6 57 338 475 5 51 366 479 5 60 386 536 1 34 386 466 3 26 391 451 2 15 399 432 1 8 420 450 9 37 450 594 10 69 523 723 8 62 728 849 6 65 778 939 1 1 785 802 2 29 806 865 3 28 863 927 15 101 899 1124 1 11 939 969 5 32 975 1055 2 13 997 1038 1 16 1010 1045 1 2 1075 1083 
28 5 17 18 115 6 41 64 164 1 17 94 151 4 43 103 199 4 35 166 235 3 30 196 266 3 44 208 393 2 16 225 268 8 116 241 433 3 35 274 348 9 89 357 559 7 36 366 488 4 45 380 486 2 17 390 418 1 13 410 470 3 16 503 555 3 37 586 675 6 96 609 799 3 27 609 683 1 23 610 666 4 60 626 753 3 13 703 762 8 60 716 884 1 14 719 747 13 82 772 985 1 6 841 853 9 69 843 1021 1 25 1000 1062 
26 3 22 6 79 12 48 148 344 5 42 203 346 2 26 208 264 6 64 223 444 5 56 265 379 2 11 268 301 1 7 288 301 1 14 315 348 7 81 365 541 6 95 525 748 1 25 541 580 1 14 581 609 6 82 600 757 8 63 608 752 11 61 645 849 8 52 660 861 15 94 725 941 7 48 811 964 3 18 823 895 4 27 955 1015 1 1 992 1000 1 13 1022 1052 2 20 1035 1084 3 42 1038 1121 2 14 1056 1092 
22 2 36 80 134 3 23 129 221 4 71 147 294 7 48 197 341 2 23 200 272 12 106 273 496 2 25 280 372 11 79 340 544 6 77 498 651 11 72 512 718 5 37 557 663 4 25 560 636 5 16 587 668 12 87 633 808 2 21 681 724 5 84 714 848 11 73 820 1032 2 14 833 873 9 56 897 1042 1 2 921 926 8 66 960 1123 1 6 1060 1082 
32 6 9 100 240 1 5 105 115 1 5 166 182 6 87 242 418 2 31 263 320 4 20 267 341 6 60 279 374 9 103 343 558 4 33 387 478 3 43 445 526 1 14 503 530 8 52 526 693 10 70 560 730 1 1 594 624 2 24 623 673 1 1 635 639 1 6 660 687 7 84 662 821 3 21 669 743 8 72 705 889 2 30 740 853 5 50 778 929 5 48 792 904 5 76 806 946 1 5 878 896 4 39 957 1043 5 34 1028 1127 3 31 1031 1107 3 19 1066 1111 1 12 1087 1117 1 3 1103 1112 1 8 1106 1126 
23 1 1 111 114 4 25 156 237 8 45 176 270 8 69 231 419 11 63 261 422 9 62 468 627 5 43 477 580 9 84 484 670 3 36 523 607 10 73 541 722 4 38 586 681 2 16 647 702 2 11 669 707 10 93 709 922 4 66 730 861 9 76 796 967 1 2 903 911 9 66 927 1114 2 26 956 1003 1 22 1007 1044 1 14 1023 1059 2 11 1074 1119 1 11 1099 1127 
