15 61
4 25 27 238 302 16 16 418 461 57 57 970 1113 48 48 993 1115 
4 22 40 411 506 118 118 553 765 51 66 988 1121 1 2 1116 1122 
6 64 64 366 503 40 40 421 524 12 12 627 662 4 7 705 729 6 6 959 976 37 38 995 1069 
3 54 82 315 466 54 54 744 884 23 24 999 1069 
4 31 40 96 182 31 31 367 478 41 77 906 1056 14 18 1022 1065 
4 118 118 197 423 53 78 256 402 21 21 1023 1066 1 2 1124 1129 
4 52 87 323 455 9 9 627 646 33 34 888 966 49 109 900 1079 
3 57 70 643 828 34 48 667 778 59 78 852 997 
4 5 5 38 50 61 61 41 242 44 64 200 322 32 32 934 1060 
4 54 71 169 311 48 48 441 548 26 26 717 791 2 3 1100 1107 
5 66 66 165 308 25 31 525 592 76 86 666 831 11 21 806 852 2 2 1121 1128 
4 36 54 78 211 22 34 81 191 8 9 617 643 59 59 722 857 
4 59 59 315 469 23 34 683 760 100 100 802 996 9 13 1051 1100 
3 4 8 150 175 75 82 478 677 52 52 1007 1126 
5 28 28 52 169 18 26 175 223 30 43 285 383 35 35 478 571 7 7 998 1016 
