15 220
13 22 44 9 217 13 13 18 66 23 26 35 197 37 59 54 266 35 60 64 232 16 24 82 167 24 44 169 282 49 49 230 429 78 78 288 521 20 28 323 420 20 73 877 1117 29 29 921 1077 8 8 1201 1257 
10 54 71 45 270 69 69 111 368 39 45 156 340 43 43 739 976 33 81 798 1001 13 22 811 881 49 49 911 1136 35 61 993 1210 36 36 1112 1290 4 6 1290 1313 
20 6 6 76 104 24 38 234 355 4 8 420 452 12 16 603 657 40 40 656 813 40 78 700 936 1 1 709 716 17 17 723 838 12 22 746 830 7 11 864 899 39 39 923 1083 42 58 990 1254 49 49 1000 1224 11 16 1061 1122 12 18 1112 1181 39 39 1141 1283 4 16 1198 1258 7 9 1225 1264 1 1 1242 1252 6 7 1263 1294 
14 55 55 6 257 5 41 46 210 27 35 68 201 35 35 90 236 9 10 179 215 37 37 662 818 27 61 704 845 42 72 719 952 34 34 928 1071 26 42 990 1107 39 39 1107 1310 5 7 1224 1251 11 25 1225 1300 8 14 1244 1290 
12 42 59 2 235 70 70 49 307 17 26 213 316 53 82 350 609 15 18 435 539 34 58 556 755 43 87 684 926 49 73 889 1128 39 39 954 1150 8 8 1261 1300 7 9 1275 1318 5 5 1311 1336 
18 54 65 66 324 15 17 88 199 10 11 242 297 9 16 252 317 3 4 275 294 13 13 330 398 28 44 357 546 19 51 379 544 8 8 541 583 62 86 601 838 27 27 669 830 33 59 678 870 44 44 727 905 28 28 862 1022 8 9 1221 1255 5 8 1278 1302 2 2 1300 1314 1 1 1314 1320 
14 41 45 187 352 23 24 385 490 59 59 487 704 49 49 527 710 22 38 574 712 56 67 826 1039 48 48 1006 1192 30 45 1017 1163 28 42 1168 1315 28 37 1198 1321 11 11 1259 1329 1 1 1268 1272 5 5 1312 1331 1 1 1333 1336 
16 51 51 4 220 33 63 160 343 4 4 176 195 16 26 180 271 31 31 354 554 37 37 479 650 3 3 498 516 32 51 533 735 35 40 543 729 13 13 571 652 36 43 607 815 19 58 654 895 1 1 730 733 35 41 767 948 14 14 985 1055 9 10 1234 1288 
19 25 25 20 127 55 61 179 386 12 20 212 318 7 18 359 420 22 25 371 531 37 75 375 598 32 41 409 554 1 1 465 473 27 46 758 962 14 20 805 862 7 7 856 887 46 53 864 1088 10 10 940 986 28 46 1039 1206 14 23 1254 1334 16 16 1254 1319 4 4 1288 1305 2 3 1308 1321 1 1 1317 1321 
13 67 67 65 284 34 70 75 300 21 42 152 282 18 28 474 571 21 33 515 642 42 69 517 735 58 58 620 880 8 11 710 755 15 15 771 837 29 29 803 996 35 49 949 1184 14 17 1078 1150 3 3 1323 1336 
17 7 10 27 64 19 20 230 321 32 38 276 403 6 6 367 396 64 64 432 664 6 8 475 510 21 45 476 695 12 12 483 537 18 18 582 666 16 16 630 686 20 51 680 805 9 14 889 926 54 61 891 1136 60 60 1012 1247 17 17 1226 1288 1 4 1271 1287 3 5 1306 1325 
16 23 23 30 108 1 2 77 87 38 44 131 305 66 66 254 472 26 34 264 372 34 35 318 450 16 21 347 441 5 7 423 463 16 33 494 660 17 37 508 639 27 30 678 784 21 32 715 822 29 31 808 934 8 10 880 924 3 4 894 909 33 33 1046 1170 
12 48 61 42 267 44 44 88 250 41 43 196 362 33 72 236 429 27 66 302 462 56 57 398 662 35 63 448 713 38 40 480 660 25 53 489 652 15 15 835 910 20 22 979 1064 18 30 1225 1309 
10 46 77 25 288 22 52 101 295 41 41 112 310 55 58 284 497 39 61 383 613 35 63 387 593 57 72 837 1082 38 60 990 1235 3 4 1131 1150 31 41 1166 1331 
16 22 51 28 174 13 23 149 271 7 24 205 270 4 4 478 498 52 52 499 733 4 11 543 579 49 79 715 961 42 47 731 929 38 42 782 946 37 37 814 959 11 11 983 1054 43 80 1069 1327 6 13 1114 1163 30 30 1130 1248 10 26 1151 1247 8 11 1161 1199 
