15 164
9 42 66 285 476 32 94 290 531 13 24 312 375 32 32 319 446 23 44 455 685 6 11 572 601 16 16 884 952 32 67 903 1067 52 79 979 1197 
13 7 15 2 72 10 40 18 100 39 129 45 271 27 48 92 208 16 46 233 398 15 45 366 487 48 89 525 741 3 4 597 614 46 61 672 901 1 1 834 837 45 62 873 1110 11 33 990 1051 2 6 1208 1223 
8 38 52 94 284 36 70 355 569 38 89 447 615 58 73 616 836 39 72 732 913 25 47 869 1042 18 47 1079 1166 4 9 1136 1159 
12 42 86 277 456 37 42 399 553 36 67 409 549 1 5 529 538 24 52 607 715 37 47 642 755 7 13 777 815 3 7 872 888 42 68 938 1116 9 22 1038 1085 8 8 1180 1216 1 1 1227 1230 
12 3 7 18 35 54 82 26 243 13 32 58 141 17 31 60 163 1 2 228 238 51 128 284 526 15 56 415 554 42 97 530 734 16 43 569 679 8 12 674 707 15 31 870 943 13 27 1008 1067 
9 58 58 65 247 42 42 75 261 40 84 387 582 25 38 454 577 14 40 777 873 39 88 817 1015 15 29 1042 1116 20 71 1047 1228 1 3 1189 1198 
13 19 63 79 299 13 32 343 414 41 62 404 557 15 45 554 655 24 41 626 781 28 70 636 810 29 44 679 787 11 22 792 850 1 1 880 889 1 1 896 901 22 69 978 1107 18 42 1042 1144 21 40 1140 1216 
11 3 9 163 180 19 21 178 283 28 29 244 347 64 79 479 719 22 31 588 673 15 41 811 893 36 36 848 1011 54 68 870 1101 23 24 1021 1122 2 3 1031 1046 3 3 1184 1207 
13 35 72 267 468 22 63 283 388 6 9 431 459 9 23 536 589 49 133 548 793 41 97 615 824 14 21 675 750 23 63 679 831 51 100 720 936 8 17 795 846 3 11 829 855 22 60 988 1134 2 5 1176 1199 
11 15 29 44 129 24 48 96 199 3 9 170 201 28 114 305 524 12 16 416 464 9 19 439 512 49 88 671 866 15 30 683 768 32 77 832 1002 47 57 1029 1177 10 14 1092 1137 
9 41 85 29 251 37 60 148 327 38 55 459 691 35 48 544 678 32 50 626 771 30 52 746 883 24 96 870 1061 19 34 1055 1117 6 12 1170 1213 
14 14 21 47 102 35 73 51 296 3 6 206 222 17 28 344 451 29 45 360 496 38 77 370 536 1 1 693 698 4 16 740 774 22 80 808 984 48 56 1011 1194 1 1 1062 1071 22 48 1107 1213 4 5 1159 1177 2 3 1209 1222 
10 52 72 59 277 9 12 423 466 40 104 454 679 23 43 457 542 10 23 492 549 25 56 593 742 28 57 741 881 43 120 891 1105 9 13 969 1007 28 92 1047 1193 
9 46 98 161 402 19 49 171 282 51 51 248 435 19 38 285 385 40 77 311 525 13 15 436 507 10 18 499 570 38 101 554 784 29 63 706 875 
11 47 68 38 224 20 45 162 293 15 45 237 369 27 95 297 513 26 87 404 570 3 5 456 468 57 120 493 738 15 23 501 585 32 74 755 974 32 44 1086 1200 2 2 1181 1193 
