15 363
27 5 63 6 155 1 13 75 100 2 19 127 177 1 6 135 150 1 17 139 185 7 98 144 330 5 40 147 246 2 28 263 320 3 31 290 371 3 32 424 503 7 89 437 626 8 80 446 633 9 64 483 696 5 47 528 665 2 22 579 631 5 25 579 674 1 3 618 627 6 105 624 817 1 5 689 701 7 81 703 841 3 15 720 772 4 36 731 815 5 63 748 869 2 11 911 956 1 19 916 991 1 8 958 981 1 2 1057 1064 
22 1 27 40 131 1 12 117 148 11 79 165 368 1 14 234 262 6 66 323 456 11 89 333 533 1 1 335 338 1 8 357 374 5 41 401 514 9 56 461 668 1 18 538 589 6 26 574 692 5 31 574 674 6 46 577 674 7 41 627 740 1 24 728 789 7 75 760 936 3 38 763 852 13 92 840 1055 5 38 878 975 1 11 897 924 1 3 1025 1031 
26 1 14 64 103 3 23 330 406 1 7 349 372 4 36 364 455 11 36 376 591 5 20 392 471 3 25 402 469 1 2 420 426 10 70 561 742 6 34 577 678 2 45 610 724 5 64 669 821 11 54 692 863 8 99 767 937 9 49 771 964 2 30 782 846 6 37 811 949 7 78 821 982 1 5 833 853 1 1 933 938 1 6 983 1002 2 15 995 1033 1 3 1004 1013 2 28 1017 1078 1 2 1040 1050 1 1 1073 1076 
22 5 86 300 471 5 40 429 540 2 23 450 503 12 75 497 690 2 19 513 564 9 56 520 672 7 76 667 800 2 26 673 735 5 46 689 786 2 27 704 769 2 18 738 795 6 65 755 953 3 25 771 838 11 109 820 1011 5 38 845 941 1 6 872 901 5 68 873 999 4 20 923 989 5 16 929 1039 3 29 948 1022 1 5 989 1000 1 14 999 1040 
27 1 4 19 30 4 27 50 125 5 78 125 259 1 4 188 198 3 21 188 256 9 47 192 387 1 10 347 382 7 66 378 517 5 74 389 528 1 1 410 418 1 6 424 460 2 33 425 504 3 19 448 503 10 51 455 652 5 46 474 579 1 1 652 657 4 71 658 788 1 2 779 785 10 50 785 955 9 67 810 983 6 37 847 956 1 2 863 872 2 34 900 1002 3 19 998 1059 1 12 1023 1052 1 6 1044 1058 1 2 1064 1072 
21 3 28 36 105 11 67 169 341 4 27 302 371 9 75 339 515 8 116 567 761 7 52 579 733 6 44 647 755 1 3 664 671 4 44 671 752 6 57 692 814 3 42 698 772 2 20 702 750 1 37 723 786 5 37 754 869 7 68 779 915 1 2 797 804 4 49 830 949 7 48 863 982 7 46 940 1057 2 21 995 1040 1 1 1060 1064 
25 6 53 146 278 1 12 175 207 5 46 214 321 1 3 225 233 4 41 290 393 3 20 291 354 3 45 295 375 6 50 322 434 3 25 353 404 3 30 459 531 5 27 481 603 5 45 500 599 5 61 513 652 12 78 653 811 1 14 667 708 8 44 690 863 3 19 708 779 5 52 818 934 5 41 848 958 7 50 900 1050 2 31 908 968 2 20 911 965 2 14 946 989 1 8 998 1019 2 19 1006 1052 
25 5 71 79 263 4 53 81 171 4 61 113 230 9 75 129 321 1 10 135 153 4 42 219 314 6 27 219 318 9 65 250 429 6 61 252 418 2 20 432 493 7 88 526 741 4 77 566 716 6 45 623 767 5 47 635 759 1 7 639 661 2 45 685 809 6 27 722 842 4 38 773 862 1 14 801 833 5 23 811 894 3 26 892 964 3 26 900 977 4 19 937 1005 1 11 940 966 2 26 1004 1076 
26 8 74 155 332 6 61 156 314 3 33 301 385 11 100 318 522 2 21 413 482 1 20 446 488 5 74 472 644 1 10 484 514 6 58 521 688 3 14 548 592 4 22 552 655 5 68 564 773 5 22 580 687 7 46 626 754 3 75 668 817 1 15 687 720 2 39 700 792 6 31 730 844 8 65 778 954 2 26 805 897 8 83 842 1033 1 30 974 1029 2 19 990 1036 1 14 997 1033 1 5 1047 1064 1 2 1073 1078 
25 4 42 24 125 5 47 87 198 3 20 88 137 1 5 232 247 6 66 268 406 2 21 275 324 1 2 285 290 12 92 295 492 3 25 312 371 1 4 338 347 1 9 386 406 3 31 492 558 9 55 567 713 5 45 633 733 3 24 666 734 9 42 675 816 3 10 681 766 3 13 776 837 7 68 834 1010 5 36 904 1002 5 70 904 1071 2 21 906 992 4 34 930 1040 1 4 1055 1068 1 5 1061 1077 
23 10 63 20 232 3 19 22 79 8 69 90 246 2 19 151 213 2 22 173 212 1 8 206 224 13 109 228 443 1 6 245 263 7 116 302 474 1 6 323 344 3 28 389 471 9 66 396 596 1 20 444 488 5 37 467 562 3 27 492 555 5 27 512 623 10 44 716 872 8 98 740 918 2 39 822 918 1 2 852 858 4 34 912 1003 3 18 945 989 1 3 995 1003 
20 9 64 25 198 1 1 102 106 5 37 175 273 11 60 190 387 7 59 285 415 5 82 328 449 6 51 360 468 3 76 378 521 6 24 384 519 3 21 431 526 13 91 610 803 1 6 760 776 1 15 771 797 9 96 774 980 10 34 817 930 1 3 908 923 3 26 944 1012 2 17 1031 1071 1 5 1057 1070 1 4 1064 1074 
23 2 18 12 57 1 3 140 155 4 58 192 330 7 53 208 375 1 20 256 286 5 45 278 365 1 4 285 299 1 7 345 360 1 11 365 400 4 35 392 503 8 59 396 552 10 82 551 741 5 28 618 703 9 66 643 834 6 40 661 752 4 34 661 731 13 59 716 893 6 51 734 894 1 15 786 820 3 39 962 1059 5 23 978 1059 1 15 1004 1045 2 20 1010 1062 
26 1 6 16 38 4 35 41 118 7 68 43 190 2 17 53 98 5 31 127 269 5 49 135 268 12 74 248 434 8 53 353 500 3 83 381 552 3 33 427 510 1 10 447 479 7 42 453 561 8 69 544 733 1 2 565 605 6 48 589 692 6 29 594 785 4 38 738 825 6 53 787 893 4 45 868 968 1 14 934 994 5 23 997 1064 1 1 1030 1034 1 9 1049 1069 1 11 1053 1076 1 5 1054 1073 1 1 1070 1073 
25 8 116 16 221 13 56 30 207 6 69 33 191 2 17 66 105 5 41 117 201 5 22 124 255 4 38 206 302 5 21 290 382 4 51 308 383 5 54 351 450 3 28 415 499 2 30 469 535 1 31 560 619 5 38 637 800 2 11 661 703 1 5 792 806 4 38 809 897 4 97 833 985 1 2 833 840 9 41 886 1031 3 36 902 979 1 21 949 994 3 32 966 1044 1 1 1055 1058 1 1 1073 1077 
