15 163
13 36 56 74 281 23 24 86 196 38 38 103 246 22 46 136 298 9 16 318 367 15 29 362 444 17 28 401 494 1 1 477 481 13 15 545 603 4 5 955 978 21 21 976 1051 19 19 1077 1154 1 1 1170 1175 
12 16 16 94 214 2 2 170 180 10 14 209 255 4 11 285 348 31 49 448 636 4 4 494 522 12 15 719 766 46 49 735 945 31 43 837 973 20 26 876 978 48 48 911 1117 3 3 1158 1173 
11 18 30 114 225 12 12 141 188 18 19 293 362 32 44 399 574 5 5 400 423 29 32 771 947 21 34 849 945 32 39 880 986 32 32 890 1046 11 13 949 1030 23 41 958 1111 
11 35 49 136 339 19 34 417 550 18 25 566 649 38 58 655 854 28 28 770 886 3 9 834 865 54 54 928 1131 8 8 946 990 4 6 949 974 25 25 1037 1154 11 11 1103 1166 
13 24 24 168 269 42 49 227 409 8 9 460 520 24 24 546 643 1 2 578 588 28 45 620 762 31 66 632 842 4 8 753 785 20 20 799 897 16 41 804 969 18 36 937 1080 3 5 1064 1089 9 20 1070 1137 
12 11 21 143 213 15 30 150 230 1 1 170 173 39 40 175 337 3 6 397 418 16 23 445 514 32 32 502 650 45 50 645 793 7 12 785 828 24 45 792 924 9 9 1057 1087 9 14 1128 1169 
10 19 36 30 183 9 10 37 83 4 4 96 113 25 35 103 268 46 46 174 345 37 43 251 416 8 10 299 343 38 38 872 1029 32 32 959 1116 1 1 1172 1176 
11 2 3 17 30 9 9 232 263 37 37 263 425 16 23 403 526 29 48 432 634 9 11 486 537 42 66 513 716 19 60 619 824 16 50 636 808 31 46 874 1084 1 1 1173 1176 
9 37 37 119 285 32 40 159 295 8 18 211 273 28 48 414 602 8 19 463 521 20 22 550 623 29 29 672 785 2 4 746 761 47 47 821 1040 
7 43 43 68 245 11 13 156 197 36 72 162 378 33 39 186 324 61 61 546 727 19 21 724 826 14 15 837 897 
10 1 1 91 94 28 31 123 304 48 75 179 413 9 22 314 395 46 49 440 632 15 15 472 552 21 28 671 817 31 35 683 796 9 19 684 733 1 1 1155 1160 
11 7 11 103 155 39 58 145 309 19 25 146 224 14 16 151 217 51 57 180 403 14 14 433 511 13 14 456 515 16 21 537 613 22 32 834 949 19 19 1084 1166 6 6 1118 1155 
12 20 56 6 144 37 66 28 214 30 54 52 229 12 23 67 124 12 28 120 198 9 9 193 242 20 25 215 306 10 16 334 392 50 50 341 536 4 6 824 847 16 20 965 1040 5 9 968 1011 
12 43 67 70 271 15 27 82 248 40 51 124 335 9 17 419 478 20 28 420 548 1 1 618 629 48 86 712 944 40 59 862 1075 5 9 880 905 9 9 1066 1106 8 11 1131 1167 4 5 1150 1170 
9 18 18 35 118 22 35 86 253 33 51 266 501 45 58 269 488 21 29 335 466 21 28 376 480 14 14 392 490 39 47 602 790 20 39 1029 1162 
