15 54
3 51 54 554 704 24 24 646 697 44 63 703 837 
3 32 46 114 198 47 47 135 255 68 70 472 650 
2 55 58 46 206 68 81 53 207 
5 16 43 203 283 47 89 335 529 12 13 583 614 39 39 614 742 10 16 1003 1037 
4 43 43 301 384 38 39 413 518 9 15 429 461 32 32 710 786 
3 56 71 91 300 29 37 148 215 35 58 815 973 
2 38 43 200 309 69 69 479 623 
5 73 73 379 570 30 110 555 729 17 20 635 685 24 65 761 878 13 13 830 859 
4 57 61 633 772 6 22 673 721 34 34 843 943 8 10 1045 1073 
2 48 86 279 440 70 70 679 840 
3 76 101 132 345 21 43 248 353 66 67 766 906 
3 57 68 47 253 32 43 57 148 48 56 304 410 
5 62 62 69 229 19 19 94 149 7 9 559 590 6 11 780 823 35 35 924 1008 
4 53 61 383 529 30 72 598 791 15 19 858 899 4 5 1039 1049 
6 66 66 134 301 8 8 165 188 72 85 335 496 17 17 366 406 1 2 608 613 4 6 1053 1065 
