15 99
5 72 91 80 313 76 76 192 413 19 21 488 545 40 49 630 783 45 67 942 1124 
7 7 14 311 345 79 79 420 639 71 71 452 601 28 55 466 552 28 28 503 570 13 13 780 816 15 20 1105 1149 
6 38 38 292 380 84 115 380 609 9 15 508 542 69 69 809 1009 45 62 1034 1149 7 8 1148 1174 
9 35 47 191 260 60 75 226 401 3 5 270 284 18 26 344 393 5 18 479 525 59 83 877 1078 27 27 959 1010 15 15 1113 1161 13 19 1122 1173 
6 50 50 251 381 17 59 260 363 12 16 419 465 53 94 773 988 112 112 801 1022 9 12 1132 1160 
6 59 70 532 725 14 16 668 707 63 86 798 1009 58 110 914 1148 43 75 980 1147 9 10 1145 1172 
6 6 7 131 149 72 72 432 580 29 29 472 534 41 41 556 657 82 86 624 830 27 39 1054 1153 
10 9 10 156 190 43 50 212 344 32 75 451 674 24 27 503 576 4 16 714 741 3 3 899 911 70 70 907 1075 10 20 962 1012 24 26 1014 1083 10 10 1056 1082 
8 45 45 70 184 18 31 159 236 9 12 479 499 8 8 664 686 2 2 676 681 41 46 920 1061 55 55 988 1147 58 79 1012 1155 
5 65 69 191 381 105 105 322 542 32 40 350 418 47 47 511 651 58 58 650 788 
7 55 97 57 251 45 65 291 425 72 77 304 483 18 20 718 775 42 87 850 1046 18 43 941 1023 2 2 1172 1176 
10 42 44 5 109 18 71 55 193 17 17 87 128 20 43 220 295 47 64 257 446 35 36 313 397 19 20 662 708 12 42 682 763 18 24 790 868 2 6 892 904 
5 35 35 28 134 39 39 135 242 63 107 193 391 50 50 241 354 39 42 356 453 
6 63 64 202 370 24 41 669 745 22 25 792 864 38 38 845 969 62 100 851 1070 34 34 934 1026 
3 76 76 95 281 56 56 159 304 102 102 454 668 
