15 82
6 55 55 274 456 34 58 407 584 10 23 574 662 23 41 675 830 14 39 804 974 2 3 950 968 
4 45 56 211 424 19 44 289 433 24 35 450 642 43 44 603 785 
9 23 24 221 322 1 2 319 329 28 31 430 553 12 25 542 622 2 3 550 562 17 27 554 656 33 39 730 929 2 3 929 947 5 9 1041 1070 
7 1 1 43 49 12 28 207 303 5 15 375 477 14 14 522 573 33 34 550 692 22 29 708 798 12 28 770 861 
5 28 56 83 285 42 52 180 387 22 36 587 744 10 17 873 936 7 7 928 960 
7 19 61 338 518 9 10 586 647 27 43 736 861 19 20 891 995 12 12 906 957 13 17 1007 1066 1 1 1016 1023 
4 4 7 82 108 29 45 281 474 46 46 298 500 25 43 328 498 
5 45 46 22 223 5 5 527 547 36 61 573 780 6 6 606 640 16 17 872 960 
4 35 50 115 270 32 36 184 325 7 14 258 306 32 52 627 806 
5 23 31 204 317 16 16 242 294 25 25 752 852 41 58 872 1072 9 18 922 985 
4 29 31 4 171 44 45 243 416 14 21 307 370 22 25 968 1066 
5 28 28 13 111 16 29 135 215 20 28 261 406 5 11 547 599 40 54 718 911 
6 8 9 454 487 11 18 480 536 16 20 714 777 48 48 777 962 17 18 974 1038 4 5 1055 1077 
8 30 30 1 128 13 13 288 333 13 13 290 343 20 20 363 527 10 11 391 464 25 25 923 1021 1 1 955 963 1 1 1037 1042 
3 26 29 276 389 28 33 447 612 50 50 771 963 
