15 162
10 38 92 76 254 47 56 459 623 29 79 473 637 18 73 529 648 33 66 812 999 34 49 943 1083 11 20 978 1025 6 19 1060 1103 2 5 1067 1092 1 3 1076 1085 
12 10 21 135 197 24 32 168 285 30 40 179 320 32 37 407 560 34 72 436 579 4 9 565 594 4 13 662 687 21 27 744 871 18 31 780 939 24 58 786 898 2 5 1107 1123 3 10 1154 1172 
12 22 113 54 269 33 49 120 276 21 24 303 374 22 38 381 470 2 3 418 428 11 24 428 563 12 15 544 589 18 38 578 663 18 32 692 773 5 9 915 943 34 51 969 1110 18 64 1066 1176 
9 25 68 117 303 16 18 343 407 46 112 455 665 34 105 485 668 53 81 841 1068 28 46 981 1139 14 21 1045 1099 5 7 1147 1172 1 1 1171 1174 
9 30 48 137 265 29 68 169 282 26 80 252 410 25 54 262 382 25 69 267 400 2 7 495 510 46 74 761 951 19 32 806 887 3 10 1080 1097 
11 3 6 238 260 16 20 239 308 2 10 401 423 43 59 509 698 31 64 569 726 20 58 574 713 81 129 703 930 8 17 743 798 5 11 1030 1060 3 15 1058 1084 4 7 1142 1162 
10 37 77 59 202 30 87 176 353 28 33 206 324 22 58 484 672 12 60 649 835 25 40 668 784 32 44 722 866 3 6 971 987 27 55 1038 1157 9 16 1049 1092 
12 7 15 96 141 44 83 339 548 31 68 358 497 19 53 820 948 3 6 898 918 23 41 920 1062 38 80 977 1169 25 43 1031 1131 20 35 1052 1158 3 4 1090 1100 4 7 1097 1113 4 8 1127 1157 
15 29 84 40 227 16 23 120 199 29 79 127 263 18 31 127 209 7 7 170 207 15 34 349 437 25 37 362 497 7 25 456 521 5 6 764 783 23 121 789 1007 1 4 811 825 13 41 845 919 27 80 939 1149 2 2 1087 1101 1 3 1130 1137 
12 50 102 36 261 20 38 54 143 2 4 126 139 12 14 262 312 7 8 289 330 12 65 498 653 10 20 596 645 23 44 852 991 35 65 912 1143 9 31 1000 1061 32 55 1003 1127 9 17 1073 1109 
8 28 37 45 150 9 17 100 140 15 69 164 294 33 68 191 340 56 88 426 659 9 28 451 540 25 80 520 703 58 95 673 893 
10 46 76 112 294 19 64 479 616 17 24 624 690 21 32 638 729 28 46 672 837 23 60 797 946 14 38 940 1011 23 41 991 1087 12 45 994 1087 5 16 1061 1096 
12 27 61 24 144 19 69 148 323 17 47 187 269 31 44 449 625 1 3 456 464 29 104 628 821 10 28 758 813 20 80 803 999 12 19 812 884 30 39 1001 1146 14 26 1010 1086 1 1 1059 1065 
8 21 38 27 144 18 31 164 249 34 84 274 442 15 28 354 441 53 76 428 646 36 41 611 740 25 56 676 806 6 9 1121 1164 
12 31 48 21 133 13 36 50 131 1 1 87 90 27 50 141 286 15 46 281 434 2 7 384 401 4 6 465 479 1 3 545 554 41 53 792 955 45 119 800 966 10 14 990 1037 22 40 1015 1128 
