15 210
15 14 23 260 325 39 49 285 474 22 106 336 565 39 55 420 534 55 65 574 800 16 31 628 696 33 105 665 902 11 22 688 750 31 54 844 1047 5 13 931 962 42 67 986 1134 6 10 1124 1160 19 52 1131 1244 18 47 1152 1272 2 5 1260 1274 
12 20 46 18 131 35 76 87 308 37 98 313 512 59 91 314 529 23 62 548 688 18 57 551 674 31 80 563 739 40 93 596 809 11 32 929 1025 46 100 985 1193 13 13 1067 1108 4 9 1250 1268 
15 36 74 100 304 16 39 132 204 2 5 133 144 35 85 258 449 40 61 315 505 28 28 377 504 33 61 406 572 36 81 460 661 37 83 807 991 58 115 808 1048 14 30 827 926 33 78 851 1032 10 42 853 925 7 13 1078 1111 4 11 1182 1207 
15 26 53 123 248 31 84 191 364 38 56 253 493 12 33 259 332 30 114 447 664 17 44 471 581 42 70 508 676 21 35 554 678 17 32 647 749 40 40 735 918 35 108 763 993 10 15 879 920 18 60 1097 1191 4 16 1209 1254 1 6 1261 1274 
18 3 10 59 78 16 59 207 306 53 68 250 471 28 61 253 395 13 52 271 442 21 23 274 345 11 22 280 337 43 82 328 535 10 11 430 479 12 14 675 738 28 39 732 849 10 25 839 907 25 67 874 1039 52 99 957 1152 31 71 970 1132 1 2 1103 1109 11 32 1112 1186 5 5 1219 1243 
14 34 60 60 234 13 30 198 263 24 78 201 365 10 31 366 448 17 65 409 551 36 67 411 593 44 131 569 819 34 40 609 741 42 70 766 942 16 28 818 902 46 77 874 1119 19 34 896 1004 5 10 1194 1222 1 1 1271 1274 
13 39 55 44 219 41 80 287 513 56 97 479 722 45 45 515 693 33 111 571 773 23 57 598 749 18 38 626 733 18 74 684 834 1 1 720 723 33 78 722 944 1 3 820 829 18 33 909 1001 13 47 928 1070 
13 27 64 98 252 31 46 347 466 15 31 663 735 18 40 750 858 51 114 807 1060 13 29 912 967 42 71 970 1138 53 143 1001 1243 30 43 1043 1166 25 46 1123 1216 10 21 1152 1212 15 32 1179 1249 3 5 1252 1265 
15 18 36 95 170 28 92 97 251 48 76 160 378 33 33 274 393 18 45 344 433 32 32 399 530 18 59 567 692 5 11 584 618 40 59 605 770 19 35 805 883 57 68 890 1113 19 75 919 1072 15 57 950 1047 30 67 1018 1173 5 12 1050 1080 
16 45 55 85 274 3 26 260 320 19 53 280 389 21 45 506 601 48 76 755 997 28 84 862 1080 24 24 928 993 43 98 957 1184 27 40 964 1060 17 52 1072 1264 16 37 1102 1215 11 22 1109 1182 29 34 1121 1268 2 6 1172 1185 6 21 1227 1265 4 12 1229 1254 
12 11 18 265 326 22 81 276 475 45 50 386 565 41 115 616 842 29 65 832 959 37 50 845 983 33 46 856 981 48 95 899 1079 39 95 966 1113 33 66 1001 1214 6 11 1217 1245 1 3 1268 1274 
14 46 99 75 293 38 73 90 236 32 60 112 271 43 76 116 313 21 45 128 292 57 110 412 644 8 28 502 561 10 15 541 589 7 12 713 750 15 51 758 854 12 20 760 815 26 123 772 998 28 73 947 1079 9 28 1207 1257 
14 9 27 143 224 21 54 207 347 39 90 216 400 47 47 298 470 31 47 330 493 42 77 426 647 23 29 638 730 62 62 723 973 1 1 733 737 19 31 757 854 19 53 901 1041 25 89 1055 1247 15 29 1138 1265 1 2 1268 1272 
15 34 92 81 287 10 20 84 145 30 52 87 231 17 93 162 401 37 86 200 385 27 57 249 450 38 72 297 485 6 16 307 349 27 35 574 803 9 33 591 664 27 52 785 932 5 17 948 984 45 104 1005 1240 2 2 1068 1080 30 40 1072 1203 
9 51 61 163 410 38 98 383 611 46 90 498 746 63 92 516 746 48 84 549 752 2 7 617 634 55 118 731 967 15 35 815 936 15 55 1141 1247 
