15 681
49 12 57 17 199 1 12 21 49 9 65 51 276 2 18 99 148 1 13 140 168 6 79 144 312 6 50 165 313 1 5 236 259 2 19 240 289 3 43 274 367 8 91 281 472 2 9 289 347 6 37 301 420 6 7 391 524 3 47 409 541 2 13 419 471 1 9 516 539 6 69 519 660 6 43 527 651 6 72 542 694 4 33 566 653 9 84 648 877 4 67 655 802 2 14 694 745 11 89 704 927 6 80 725 870 3 43 753 823 1 14 769 814 13 68 790 996 6 39 797 920 6 74 809 936 6 87 818 975 1 20 820 867 12 40 841 1030 15 109 864 1097 9 90 867 1024 10 60 869 1059 3 15 944 996 6 51 962 1101 2 19 976 1025 1 1 978 986 1 11 1070 1103 3 16 1070 1133 3 26 1082 1146 1 7 1086 1109 2 19 1098 1142 1 3 1115 1127 1 10 1128 1153 1 2 1170 1175 
40 5 121 35 228 10 78 107 307 5 41 113 226 8 71 117 279 9 92 178 348 9 97 184 410 9 65 200 378 1 4 207 219 2 22 230 286 11 43 301 504 10 83 301 498 7 70 365 514 2 31 372 422 1 23 382 433 8 70 509 730 13 91 529 748 4 38 578 727 5 24 592 684 8 56 604 746 8 52 634 806 13 58 678 912 4 40 679 801 1 6 688 706 7 67 727 876 3 23 738 794 11 73 797 980 14 109 799 1020 2 32 816 883 3 25 823 876 9 109 855 1055 9 91 915 1061 5 79 922 1049 4 23 923 1019 1 9 984 1008 4 31 1033 1125 4 35 1099 1170 3 17 1104 1173 1 2 1114 1119 1 1 1132 1135 1 3 1168 1175 
40 9 88 0 194 5 32 6 114 3 27 35 130 9 81 220 419 14 40 234 457 9 47 288 469 1 3 304 310 8 68 306 433 8 55 314 450 12 96 348 554 9 92 362 559 5 80 389 554 2 21 468 520 10 64 480 630 6 58 503 708 5 37 511 626 1 5 591 608 15 43 623 833 4 29 630 718 9 76 651 847 10 68 678 869 6 36 696 807 13 63 707 893 5 42 735 825 8 48 793 962 3 14 828 882 4 49 842 950 1 8 876 894 4 33 927 1016 3 35 930 1013 6 55 932 1047 5 45 1001 1140 4 49 1020 1139 5 37 1055 1150 3 18 1074 1130 3 23 1108 1162 1 3 1123 1139 1 1 1159 1163 1 1 1163 1167 1 4 1169 1176 
47 1 7 47 62 1 10 75 92 4 38 117 216 9 69 157 313 11 81 183 370 1 3 197 203 11 79 201 413 1 7 201 223 10 57 232 393 6 39 246 352 2 19 255 312 9 96 345 540 10 101 383 602 5 53 424 560 10 101 447 654 5 107 462 671 5 26 472 565 8 129 477 688 8 50 483 620 2 20 521 571 1 11 540 569 9 102 582 771 2 34 611 678 11 57 631 806 7 47 647 760 2 18 658 712 7 92 682 870 2 25 708 759 5 47 729 885 7 83 791 981 13 109 806 1013 3 25 817 892 11 72 876 1076 5 27 935 1021 1 4 961 972 2 30 966 1023 10 111 970 1168 5 55 1013 1153 3 24 1030 1101 1 17 1036 1072 4 23 1055 1148 1 5 1065 1088 1 23 1068 1132 3 14 1088 1147 2 10 1093 1136 1 12 1142 1174 1 3 1142 1154 
49 8 57 3 147 6 98 30 248 7 51 85 266 6 34 128 227 12 108 130 363 5 58 166 316 2 13 191 248 11 84 243 478 5 69 260 425 3 19 286 332 11 61 350 533 4 28 350 427 11 117 361 586 6 84 381 587 2 28 382 459 6 97 439 638 4 43 440 538 9 70 470 621 12 58 476 696 3 36 506 592 10 84 594 768 1 7 614 629 5 52 629 739 3 30 661 718 6 49 694 833 7 82 698 873 8 87 741 963 12 66 744 959 2 22 770 817 7 97 772 915 1 12 846 873 1 1 862 866 1 25 886 937 3 39 939 1015 9 103 952 1146 1 2 967 982 1 10 987 1009 1 12 1009 1030 1 15 1017 1049 5 52 1020 1136 5 40 1046 1151 2 23 1049 1108 7 21 1066 1161 4 25 1069 1156 1 29 1113 1167 1 3 1143 1152 1 1 1146 1151 1 3 1148 1155 1 2 1152 1156 
38 6 51 42 146 10 74 94 328 2 14 106 148 4 35 109 188 11 72 131 360 7 55 143 266 14 116 152 377 12 73 174 408 6 43 244 390 4 23 249 317 6 68 254 390 19 81 279 491 10 62 317 514 1 6 338 353 1 14 353 391 12 82 468 688 4 29 475 560 4 89 498 672 3 29 536 604 9 76 605 794 10 64 615 843 9 74 638 809 5 57 654 769 7 55 663 807 1 30 706 772 7 42 739 866 5 43 763 871 7 63 806 940 8 35 864 1012 1 12 911 954 9 84 972 1126 1 29 975 1097 9 57 980 1148 1 4 993 1003 5 36 1050 1149 1 15 1096 1154 1 9 1113 1137 1 5 1143 1154 
50 8 78 48 228 3 33 66 143 7 62 79 220 4 28 103 169 1 8 131 163 1 2 161 166 6 62 178 310 6 35 194 286 11 22 198 377 9 75 221 362 3 18 227 285 8 64 249 405 6 99 253 441 4 33 259 358 2 84 274 426 6 78 280 464 4 42 280 392 4 34 282 413 16 83 299 515 1 14 326 353 5 49 338 460 5 52 352 472 10 106 447 650 2 21 462 514 5 59 472 620 1 6 479 505 2 21 485 528 2 18 526 566 3 28 547 641 7 54 564 742 2 17 587 622 1 9 616 641 1 8 751 776 3 27 765 834 7 34 845 1034 8 75 882 1048 4 91 885 1056 1 15 891 926 2 34 923 982 5 37 934 1028 7 99 978 1145 6 72 984 1132 7 58 1004 1153 8 59 1009 1144 4 57 1016 1153 2 60 1021 1133 6 26 1029 1129 2 9 1054 1087 3 37 1077 1166 1 4 1144 1151 
46 4 21 25 97 4 21 68 147 3 19 95 151 3 32 112 178 2 19 143 196 6 30 223 311 3 14 226 295 3 34 250 332 1 14 264 299 1 18 317 364 6 40 397 522 9 52 400 578 8 69 431 566 3 37 435 517 1 53 470 588 7 93 488 676 7 22 533 642 9 68 552 732 9 13 573 719 7 47 575 684 6 49 580 690 4 15 586 646 5 61 587 686 3 16 614 668 8 38 618 813 6 39 631 772 7 79 634 772 10 110 659 878 3 45 702 881 2 46 706 790 11 85 708 930 5 39 762 847 1 19 763 840 9 106 785 1013 9 101 852 1087 2 10 862 912 6 50 871 1000 7 51 883 988 11 45 921 1134 5 60 956 1094 1 17 1019 1056 6 47 1030 1119 3 28 1047 1141 4 33 1067 1165 1 6 1114 1129 1 23 1129 1176 
34 4 23 25 120 14 65 30 251 11 96 58 263 9 68 82 241 12 82 86 286 4 36 137 219 1 4 152 163 8 46 161 331 6 68 172 360 1 20 175 227 10 73 228 438 12 96 260 465 13 67 277 497 14 68 299 532 11 76 300 523 1 3 309 318 1 2 320 330 12 79 355 525 4 71 403 524 1 15 443 479 11 79 489 661 2 24 538 591 8 76 598 779 6 62 641 776 2 22 713 752 12 104 749 964 8 95 880 1102 9 67 915 1087 11 97 950 1165 9 71 958 1105 1 4 960 972 1 3 995 1009 3 32 1007 1078 1 1 1076 1080 
51 1 22 32 80 4 24 48 121 5 40 51 157 1 14 52 86 7 47 79 233 1 16 82 121 3 29 183 239 4 36 194 283 1 20 204 263 11 78 207 404 2 21 214 261 7 43 294 408 4 35 300 381 9 78 311 504 2 34 315 378 4 12 326 399 9 59 362 515 1 6 421 436 4 34 449 513 2 12 590 623 4 20 590 667 13 80 620 820 6 25 628 721 9 79 630 794 11 127 665 864 6 30 673 810 5 70 700 832 1 10 703 731 2 29 708 774 1 12 716 744 4 23 743 811 6 43 745 942 6 27 763 872 8 46 807 957 5 49 882 1016 8 52 901 1033 8 73 901 1126 10 42 923 1133 6 59 923 1042 13 72 954 1146 2 11 961 1005 7 78 964 1128 2 20 1045 1092 3 24 1066 1133 1 12 1075 1106 1 12 1125 1156 1 8 1145 1172 1 9 1151 1175 1 9 1151 1175 1 5 1151 1164 1 2 1159 1172 
49 1 11 5 30 5 31 31 136 6 52 68 220 10 81 72 262 7 87 90 244 4 19 143 219 2 32 174 244 10 75 213 390 1 10 224 255 10 52 226 398 11 78 253 458 1 32 261 324 12 73 294 505 4 89 300 466 9 54 307 459 9 41 348 519 7 69 358 529 9 94 361 573 3 26 371 494 6 108 400 619 9 110 424 647 1 5 428 438 1 4 486 499 3 28 487 572 7 61 565 718 8 89 568 718 2 20 573 632 11 47 575 761 1 3 594 604 4 42 608 745 7 86 659 834 1 10 687 708 7 80 706 885 4 27 720 803 5 30 739 879 2 13 762 818 3 17 775 833 1 2 852 867 3 54 853 963 10 55 867 1072 6 55 967 1076 3 14 975 1021 1 18 1002 1055 1 22 1057 1113 1 4 1090 1102 2 15 1099 1145 1 4 1111 1120 1 13 1131 1165 1 7 1149 1164 
43 11 89 21 255 6 32 48 187 9 76 113 332 1 5 154 173 1 15 177 209 1 8 206 222 4 41 212 305 12 103 277 508 11 83 281 487 2 13 368 403 9 61 387 558 1 14 391 420 14 52 425 639 1 16 447 483 5 46 457 578 10 53 459 626 1 5 496 512 8 101 515 749 7 57 519 711 3 28 618 704 4 33 624 722 6 38 627 826 8 71 692 838 7 27 739 857 1 4 793 812 11 100 812 1013 7 84 826 1008 8 45 832 944 10 53 852 1009 9 95 882 1076 5 49 889 1032 8 49 890 1021 8 64 895 1028 4 35 916 981 5 45 931 1052 6 48 1000 1143 5 20 1067 1169 3 19 1077 1133 1 2 1098 1107 3 10 1113 1168 1 3 1157 1167 1 3 1160 1167 1 1 1161 1167 
48 2 18 7 69 2 23 16 76 11 75 94 306 3 28 103 179 10 137 104 313 9 65 111 258 9 92 145 316 2 16 160 214 16 97 175 400 11 57 186 345 4 48 191 297 4 44 209 294 1 25 210 254 1 12 216 258 3 43 287 393 6 43 334 491 1 14 344 377 2 16 426 485 12 84 435 654 7 103 457 633 5 29 467 557 4 43 486 567 3 47 496 598 2 18 514 567 6 52 562 666 7 35 601 709 1 3 627 637 4 28 655 732 14 110 667 898 6 46 670 766 1 15 707 738 8 47 727 881 1 11 751 778 1 31 796 846 7 70 818 975 4 44 822 914 9 66 844 1050 1 19 921 958 7 27 952 1061 11 58 972 1174 1 10 984 1008 4 36 1056 1129 1 18 1097 1127 3 39 1101 1165 2 15 1106 1143 1 9 1141 1163 2 19 1142 1174 1 6 1156 1171 
50 3 27 22 70 10 88 46 261 4 52 52 165 4 32 77 192 3 38 103 176 1 3 117 124 7 78 129 319 3 20 195 269 7 37 221 329 3 46 224 345 4 87 236 453 3 32 243 322 1 8 243 262 17 83 261 470 13 92 318 530 4 51 321 430 11 57 333 530 11 109 350 547 5 36 360 451 8 54 400 568 1 10 404 428 1 2 435 441 5 93 478 646 4 67 485 617 3 8 516 585 2 25 520 575 1 10 530 552 5 33 551 669 1 11 551 574 4 38 568 675 11 42 594 804 9 74 615 765 3 17 622 674 8 55 644 817 1 6 766 785 6 35 803 952 3 28 823 896 6 81 826 1005 9 94 928 1148 6 55 935 1076 10 69 949 1106 2 15 1000 1065 5 88 1011 1174 6 22 1030 1159 1 11 1068 1102 2 24 1104 1173 1 8 1107 1133 1 11 1111 1142 1 11 1113 1132 1 2 1160 1165 
47 3 15 28 79 4 59 41 170 7 79 65 259 1 16 66 143 4 56 100 204 9 91 114 310 14 72 182 412 3 31 204 289 11 70 247 415 7 48 286 443 9 75 298 482 1 12 311 360 12 62 317 499 10 75 319 515 11 56 321 515 10 42 341 500 2 17 428 487 2 46 435 522 8 99 448 635 1 6 489 508 6 48 514 659 2 31 562 645 2 10 585 615 4 14 597 660 4 22 633 719 6 79 646 830 6 44 680 779 6 63 708 828 3 29 723 815 1 8 735 764 4 38 745 843 3 35 779 889 12 90 793 974 2 8 800 836 6 55 817 968 7 39 840 951 1 11 854 881 2 19 855 915 9 108 901 1099 7 80 937 1094 1 6 980 1001 1 11 986 1016 1 11 997 1020 3 39 1023 1130 3 27 1055 1105 3 34 1056 1138 2 14 1096 1145 
