15 249
15 1 2 20 28 8 11 30 81 39 64 89 299 63 74 118 359 35 47 139 310 38 43 176 328 30 39 255 455 27 27 550 665 15 22 708 781 35 35 1062 1221 19 19 1101 1168 21 21 1109 1190 10 13 1155 1205 1 1 1158 1165 10 10 1221 1259 
18 16 16 35 122 21 36 213 370 18 53 239 381 24 25 266 461 8 9 310 364 15 15 421 497 36 43 511 692 25 58 551 792 4 5 604 626 13 13 636 684 34 34 678 787 19 25 816 913 8 17 817 856 11 16 898 959 34 34 1006 1149 34 34 1029 1162 21 26 1044 1126 18 18 1065 1146 
15 54 76 103 313 30 33 115 260 22 36 118 250 13 21 142 221 15 18 289 351 37 44 345 548 1 2 390 398 21 36 412 563 39 49 458 664 6 24 595 668 26 40 763 925 41 41 935 1092 12 15 961 1038 35 39 969 1091 5 8 1182 1208 
19 48 76 35 282 3 5 91 109 14 38 296 401 53 53 309 562 42 42 330 470 1 3 369 383 16 18 449 545 6 18 543 602 3 4 550 567 6 8 567 598 52 52 581 763 6 15 745 788 19 33 838 945 52 65 931 1180 24 48 1072 1234 10 10 1105 1156 3 5 1211 1227 7 7 1239 1272 3 3 1252 1267 
12 37 37 158 303 39 39 193 360 2 8 252 281 50 50 279 530 48 57 477 694 1 4 688 703 43 68 783 981 48 67 794 1039 25 34 954 1083 34 34 1000 1140 8 9 1104 1148 37 37 1122 1251 
17 1 2 27 38 9 11 170 208 28 49 191 388 39 39 236 392 29 35 314 428 26 58 373 545 9 30 387 495 9 9 415 454 51 76 448 657 27 30 480 601 17 30 820 968 48 53 850 1050 7 7 851 883 8 14 894 941 23 41 984 1184 12 12 1190 1266 11 21 1194 1266 
14 19 31 18 146 42 50 122 353 28 33 128 272 51 51 312 517 39 39 542 752 32 39 542 708 14 41 823 981 23 39 836 982 40 54 891 1108 1 1 914 922 20 50 974 1219 30 55 977 1168 7 8 1154 1183 4 6 1178 1204 
16 7 18 55 123 11 11 348 396 44 76 374 580 34 43 437 584 16 28 442 524 25 26 538 689 30 39 562 689 14 26 589 667 48 48 727 957 28 37 738 868 21 35 747 915 25 50 753 924 21 21 785 860 27 30 788 929 25 25 899 1042 4 7 1220 1249 
21 45 48 93 301 1 1 145 151 28 28 149 304 44 67 158 390 3 7 181 205 9 14 263 338 18 18 350 438 20 25 352 441 32 48 566 773 26 31 589 705 19 49 634 866 16 23 701 790 4 6 785 804 6 12 855 913 25 52 950 1108 35 42 996 1147 16 24 1158 1250 12 16 1207 1261 3 19 1212 1272 9 14 1227 1269 1 1 1265 1268 
15 34 73 54 294 7 14 100 139 43 55 118 340 64 64 234 471 32 32 332 434 28 38 527 729 18 19 602 684 30 48 607 806 10 10 671 719 35 42 694 925 11 17 695 764 41 41 754 976 6 7 821 868 21 26 1149 1242 1 1 1243 1249 
16 35 35 67 244 16 52 191 374 37 66 203 446 16 31 384 506 39 50 493 683 16 23 540 604 34 50 575 798 30 30 909 1106 7 7 939 973 36 48 1065 1233 25 25 1077 1162 37 61 1094 1262 27 39 1130 1260 2 9 1224 1247 1 1 1246 1249 1 1 1267 1273 
19 11 11 95 139 37 37 96 297 24 24 160 249 3 3 407 420 20 20 483 582 8 14 523 579 24 24 539 666 30 52 648 868 12 13 664 727 1 1 812 819 32 49 857 1025 44 50 889 1095 25 46 940 1073 53 53 954 1186 2 2 974 982 4 7 1022 1049 28 28 1081 1218 14 22 1117 1205 3 4 1249 1267 
21 21 25 74 164 16 16 180 260 60 60 244 460 12 12 248 302 50 67 446 664 1 2 516 527 13 21 573 649 1 2 613 621 25 47 684 835 3 3 721 739 32 51 774 954 20 30 840 928 3 7 871 897 16 17 910 1011 41 77 922 1176 3 5 964 983 10 14 1018 1088 17 42 1051 1184 3 6 1096 1117 2 3 1255 1269 1 2 1260 1270 
16 8 11 437 488 11 16 444 523 14 14 572 628 22 49 751 937 6 16 789 832 50 77 794 1024 39 39 806 987 10 12 842 901 53 61 856 1084 16 35 887 994 30 30 902 1057 36 40 932 1087 50 60 953 1160 2 3 1052 1063 17 26 1071 1145 2 3 1256 1270 
15 26 26 39 157 18 18 127 200 4 8 139 165 8 20 283 338 15 17 360 421 38 38 392 636 15 15 461 510 44 44 483 711 5 5 505 540 52 64 634 867 19 64 665 821 29 37 672 860 27 46 854 1050 49 49 939 1116 3 3 1254 1273 
