15 86
6 49 57 56 217 9 13 77 117 16 26 177 255 19 79 877 1029 10 38 893 979 14 49 920 1023 
4 30 69 620 771 31 62 643 795 33 40 652 827 34 55 748 914 
4 36 62 10 158 21 40 277 429 43 75 346 544 16 21 954 1034 
5 28 34 279 396 19 46 469 584 27 66 644 802 39 49 812 998 1 3 1044 1055 
7 18 31 67 190 38 60 132 270 13 13 136 173 21 45 802 966 17 17 910 965 4 12 977 1003 9 17 1020 1061 
5 25 28 60 166 15 51 203 327 38 42 234 400 28 41 535 663 13 30 967 1058 
5 7 16 230 259 32 58 703 868 14 47 774 889 49 94 798 988 6 7 975 1017 
4 46 92 460 674 30 51 701 829 1 4 797 805 46 124 854 1054 
6 30 42 199 320 32 60 686 823 14 35 836 909 47 72 859 1042 12 32 862 913 3 9 1037 1057 
7 6 14 251 286 23 69 316 488 2 2 513 526 16 40 534 612 11 14 675 728 31 31 682 826 22 64 914 1040 
9 28 61 64 250 7 13 109 151 5 8 112 132 5 7 208 233 11 44 352 459 10 24 525 587 18 42 525 650 21 31 905 1027 7 16 1036 1067 
4 31 58 262 439 31 53 328 483 26 35 362 469 28 56 630 773 
5 32 83 142 326 12 17 639 707 23 51 777 914 29 49 812 944 34 55 911 1074 
10 28 52 117 237 27 72 118 295 5 11 151 188 6 14 256 289 7 14 400 433 19 32 917 1001 5 11 948 971 1 5 999 1012 9 10 1011 1051 6 19 1023 1074 
5 16 62 286 406 31 86 479 692 27 70 605 766 33 40 703 881 17 35 972 1063 
