15 121
7 61 61 99 238 23 30 99 164 36 78 675 877 74 74 778 998 34 34 1033 1122 100 100 1052 1262 28 37 1116 1246 
10 6 9 245 265 9 9 273 293 73 73 339 555 37 67 489 637 29 33 503 603 73 122 853 1098 4 7 901 922 56 64 1027 1172 60 60 1059 1215 23 23 1110 1160 
8 12 36 568 618 73 89 638 810 23 40 688 766 123 134 731 982 47 47 837 943 53 65 1007 1188 35 35 1163 1260 1 1 1215 1219 
6 68 72 34 230 63 111 490 695 56 126 516 757 19 19 695 750 74 74 738 988 74 74 931 1075 
10 26 60 49 211 19 19 125 168 10 10 641 668 71 103 678 875 44 44 745 848 57 66 873 1073 46 81 961 1118 22 22 1089 1136 42 49 1099 1227 4 4 1246 1259 
6 60 85 0 165 113 113 101 330 35 40 123 225 42 42 707 803 28 28 804 865 71 71 1056 1236 
8 23 37 6 84 39 41 101 203 122 122 109 311 38 39 288 378 46 62 598 771 16 33 612 673 18 18 1062 1108 37 40 1155 1256 
6 60 105 76 327 34 45 739 833 11 21 764 829 90 90 799 1013 89 97 950 1147 52 52 1120 1256 
7 26 26 95 152 72 72 225 413 64 64 306 481 23 32 452 545 90 90 658 879 29 37 1002 1090 49 49 1126 1272 
10 9 9 137 163 42 80 217 434 68 115 340 575 78 120 453 657 18 18 459 498 102 102 516 769 44 44 684 763 9 12 1178 1210 14 21 1208 1243 1 1 1269 1272 
7 71 71 88 263 37 47 120 255 16 18 415 460 42 49 625 742 66 70 838 1056 115 115 961 1177 7 12 1229 1250 
9 33 37 73 152 79 79 375 592 69 114 417 640 52 52 605 712 21 21 617 662 74 105 898 1117 26 40 991 1090 5 9 1235 1252 1 1 1259 1263 
9 35 37 14 106 12 23 216 277 54 54 324 479 47 54 356 493 53 53 708 827 16 20 914 964 76 112 972 1197 69 69 1060 1211 20 26 1112 1192 
10 72 90 35 245 69 93 92 298 45 45 304 420 11 11 672 710 62 62 729 880 4 4 747 758 17 24 759 813 5 7 773 791 34 52 893 1015 42 42 992 1096 
8 55 63 451 588 30 53 506 603 7 9 569 596 45 45 619 749 80 113 754 1005 26 26 780 857 42 42 817 909 64 107 892 1109 
