15 162
8 66 75 246 443 3 3 361 370 14 32 520 589 49 49 587 683 58 65 799 944 43 119 806 1025 103 103 877 1089 53 57 927 1099 
9 10 12 97 127 20 20 121 176 76 76 148 367 9 16 240 280 48 70 495 642 79 79 685 876 26 34 700 792 40 45 862 982 60 60 987 1118 
16 63 64 52 231 22 31 77 140 1 1 170 174 39 39 177 309 43 43 304 436 9 9 337 359 2 2 348 354 9 11 447 483 2 4 600 613 2 3 635 645 14 14 721 752 44 52 739 844 35 39 751 849 5 16 755 789 58 58 897 1049 6 10 1077 1103 
10 51 56 341 451 28 57 371 467 32 64 399 520 15 15 486 523 7 7 554 576 86 86 615 796 51 91 687 880 62 69 817 1033 7 7 836 863 40 41 1009 1102 
8 58 76 139 315 46 80 250 429 48 67 303 431 74 133 474 665 72 118 657 865 76 76 713 869 23 23 829 901 2 2 1061 1067 
11 69 98 60 275 32 48 232 353 29 29 238 305 28 39 387 477 64 64 517 692 53 60 676 811 24 24 872 920 11 32 978 1041 33 40 1001 1103 19 19 1085 1132 3 4 1119 1128 
10 24 37 83 217 66 68 146 369 50 59 185 339 46 87 281 506 1 1 625 628 78 85 714 917 45 45 781 906 45 45 846 984 5 7 989 1010 15 27 1085 1133 
12 13 15 18 59 37 37 30 102 52 85 49 211 70 104 208 434 31 72 429 544 38 55 467 626 10 15 620 653 36 76 662 809 67 70 749 974 9 9 993 1020 31 31 1022 1132 6 21 1045 1088 
14 37 49 19 119 10 20 155 193 87 87 232 381 7 10 235 256 9 10 254 285 19 21 314 362 28 38 391 486 16 25 454 510 19 35 514 631 26 26 550 650 44 53 705 870 27 27 816 885 24 43 991 1089 1 1 1035 1038 
8 53 55 38 172 65 65 149 300 13 15 159 199 42 79 292 433 1 1 535 539 72 72 603 758 98 98 630 852 38 47 998 1107 
9 73 95 64 250 94 94 110 318 25 40 126 220 63 70 422 553 2 3 464 470 32 56 552 681 94 94 927 1127 10 11 943 975 1 1 1012 1015 
11 62 85 77 284 30 30 96 189 54 63 268 398 24 33 393 490 43 71 432 622 52 52 574 708 59 74 627 798 34 59 905 1021 16 16 952 987 4 6 987 1004 8 10 1061 1096 
10 63 63 51 206 19 19 138 226 24 41 282 366 5 13 308 334 97 97 318 527 73 99 450 671 38 62 824 966 43 47 988 1130 1 1 1086 1091 15 15 1101 1136 
15 21 25 189 259 27 27 318 390 51 92 326 515 57 57 454 558 2 2 547 553 17 20 587 633 28 49 601 705 34 36 652 749 36 67 713 888 19 32 842 907 37 77 873 1020 3 5 1003 1018 2 2 1011 1017 17 17 1060 1110 6 8 1081 1098 
11 7 7 13 32 11 11 199 242 57 88 206 393 6 6 354 370 31 31 475 547 56 68 506 649 52 97 733 896 63 82 819 981 93 93 932 1128 4 6 1064 1076 3 3 1118 1128 
