15 108
5 56 96 29 225 56 63 346 516 53 68 655 803 47 76 842 1026 9 12 998 1025 
4 87 87 89 280 58 58 163 286 55 70 226 411 40 40 266 366 
8 14 21 185 234 45 57 219 356 8 9 559 581 21 24 734 806 3 4 824 834 78 78 865 1021 32 32 932 1009 8 8 1027 1050 
9 11 18 157 206 67 67 385 581 17 17 490 528 59 65 498 695 4 6 536 553 28 28 691 767 26 30 858 945 4 5 937 948 10 14 951 989 
10 9 14 51 86 57 57 116 273 30 31 238 333 16 16 281 317 14 20 291 332 40 40 292 383 2 2 815 821 7 9 818 833 41 41 923 1020 10 10 1009 1036 
6 32 41 236 330 33 33 443 516 66 91 574 783 55 77 605 781 22 22 957 1015 1 1 1048 1051 
7 25 54 112 225 72 72 392 560 27 27 419 506 4 5 433 448 18 25 462 522 10 10 536 559 54 54 645 772 
10 24 69 182 359 22 30 238 298 71 94 327 516 7 10 382 414 77 90 454 632 14 22 735 787 17 17 930 979 10 15 937 969 11 11 1004 1028 4 4 1036 1048 
9 1 1 17 22 8 8 286 307 50 73 322 503 8 17 342 385 20 23 382 436 9 9 385 418 29 59 574 682 48 48 669 772 25 51 934 1046 
6 32 37 309 403 18 26 351 416 52 86 425 605 53 62 453 606 44 44 467 572 21 29 881 961 
7 55 75 258 400 38 51 324 463 19 26 570 623 33 33 640 748 3 7 926 938 35 35 933 1017 12 12 963 987 
4 87 87 197 406 84 84 243 420 38 38 326 462 17 17 471 519 
6 2 7 32 48 27 37 201 279 66 66 521 705 49 77 658 845 23 29 735 840 34 34 831 942 
6 44 44 234 387 48 55 281 413 64 108 359 568 25 37 419 513 29 29 588 672 4 4 928 940 
11 1 1 137 140 8 12 362 387 3 3 373 380 38 39 400 484 54 82 416 603 23 30 585 644 5 15 622 650 61 87 766 916 5 7 804 819 29 34 917 979 14 16 994 1032 
