15 174
11 1 1 128 132 43 43 151 348 14 31 334 428 18 41 342 543 30 39 388 527 21 42 511 701 2 2 528 543 13 20 611 677 38 47 627 814 14 19 965 1047 10 15 998 1041 
16 37 40 92 261 39 52 129 276 11 12 237 296 1 1 327 333 16 39 414 543 26 46 443 559 4 4 486 500 28 39 659 835 2 3 700 717 8 8 755 789 12 12 808 869 11 13 880 933 18 25 949 1050 6 6 953 977 2 5 955 980 1 2 1042 1049 
12 13 48 98 262 6 8 182 211 4 5 270 309 5 18 297 356 3 3 537 549 10 15 588 633 48 48 610 761 34 34 630 795 19 33 719 835 6 12 719 770 26 27 870 980 31 31 883 1009 
14 13 13 156 228 17 19 211 287 1 3 306 316 14 17 327 388 19 40 390 514 25 62 436 621 34 81 483 693 24 24 708 783 11 20 748 814 15 27 755 845 15 17 774 866 5 6 798 816 23 34 841 965 1 1 1000 1003 
14 25 25 222 328 2 2 269 283 1 1 454 470 24 33 467 638 3 8 474 500 26 31 587 734 6 6 601 631 37 37 620 754 52 52 738 919 6 7 818 859 5 5 873 899 13 16 974 1040 4 10 994 1031 1 1 1012 1018 
18 16 19 11 89 5 5 42 77 8 11 126 173 16 16 202 300 1 2 357 368 11 15 548 628 8 9 571 608 39 62 635 822 3 5 660 681 26 29 730 847 20 23 766 888 26 27 805 934 13 13 871 945 17 24 930 1012 9 10 973 1022 8 11 975 1043 1 5 980 1002 6 8 1017 1050 
8 12 12 58 96 14 21 272 340 34 34 424 573 28 28 441 569 5 6 471 505 44 65 583 785 54 54 594 780 20 39 594 733 
13 6 17 148 211 33 47 177 374 2 4 198 217 12 13 235 283 5 5 278 302 34 39 354 517 9 9 374 419 20 30 419 515 28 50 420 548 26 46 445 655 23 56 687 869 22 25 730 834 7 7 892 921 
14 43 43 34 206 15 18 46 127 26 28 64 176 9 19 77 151 23 25 256 378 3 3 312 326 17 32 444 554 5 8 453 489 26 29 565 697 21 51 570 725 14 14 761 820 18 18 814 916 2 4 915 931 3 3 955 974 
10 12 14 41 107 28 34 146 271 38 61 303 489 12 19 533 646 19 19 677 759 47 47 715 888 18 18 892 986 19 19 919 998 11 13 943 1001 5 13 988 1025 
8 32 42 73 261 31 49 225 376 27 28 340 465 23 35 364 525 4 5 378 401 32 33 420 600 23 28 550 667 32 32 850 991 
7 19 33 129 234 34 34 278 419 43 43 420 619 15 23 446 546 39 45 779 973 40 56 804 999 22 44 878 1043 
9 5 8 46 78 19 19 293 380 23 37 391 518 35 41 453 606 23 29 459 577 13 18 570 630 10 25 611 703 39 52 630 840 39 39 630 796 
9 37 51 0 176 38 38 105 238 41 44 110 317 44 60 325 508 9 16 369 448 23 23 400 504 8 11 741 792 29 70 793 993 1 1 1047 1050 
11 15 35 99 205 31 40 158 294 37 37 169 347 51 51 248 438 34 34 329 489 3 4 366 382 19 38 608 758 1 1 734 739 19 19 874 953 1 1 895 899 3 3 958 972 
