15 224
10 50 61 119 328 10 18 279 349 18 38 296 452 51 71 357 570 23 37 359 507 68 68 485 689 47 47 598 790 48 48 863 1084 20 20 959 1076 8 8 1099 1134 
14 21 32 33 163 56 56 309 525 19 40 370 499 3 4 388 408 42 48 388 575 22 39 411 539 29 34 463 634 19 53 710 831 35 37 837 977 31 41 853 1004 17 26 996 1074 2 2 1050 1063 11 11 1053 1104 7 8 1054 1092 
12 16 17 62 132 50 62 121 300 35 56 293 493 33 58 344 538 31 33 414 530 40 58 550 729 38 38 567 749 16 16 666 749 11 17 723 780 35 56 814 1006 12 16 828 933 2 4 1059 1071 
15 11 11 101 147 19 21 160 273 11 11 273 332 17 18 352 453 45 45 406 591 53 72 463 659 39 39 665 823 15 17 747 826 11 21 834 979 25 43 876 1078 24 24 930 1033 28 28 953 1123 14 18 958 1018 9 9 1069 1104 1 1 1130 1133 
14 41 57 14 241 22 30 19 144 11 19 220 277 4 5 238 263 43 63 383 560 15 15 437 507 45 45 539 749 22 47 767 937 40 60 817 1041 37 61 890 1106 4 8 905 937 20 35 962 1089 3 3 1034 1048 4 6 1107 1127 
15 26 44 56 207 38 38 108 253 19 21 151 241 5 5 264 289 11 18 367 432 13 13 407 453 45 51 474 689 34 48 537 722 3 3 719 733 36 51 855 1068 29 38 938 1094 41 41 950 1108 1 1 1000 1007 13 13 1051 1095 6 8 1062 1084 
11 49 76 165 369 27 27 172 323 52 56 376 589 38 50 635 792 59 59 696 912 13 17 785 862 32 66 793 978 2 2 821 830 9 16 863 921 36 50 909 1088 2 3 1110 1125 
14 47 47 147 345 39 47 213 388 5 13 324 372 26 32 408 529 14 18 483 548 25 28 522 639 37 63 563 775 26 32 817 932 26 45 828 1010 34 38 871 1031 10 16 936 983 10 12 976 1017 22 22 1031 1119 4 5 1054 1071 
17 39 56 48 267 42 58 104 317 16 16 207 277 25 48 440 586 23 29 499 620 9 10 571 616 2 3 598 616 17 22 767 851 11 11 826 870 33 56 846 1037 28 48 851 1003 26 36 892 1047 10 11 910 966 17 33 928 1031 7 16 988 1032 5 7 1108 1136 1 1 1126 1132 
15 1 4 38 49 20 20 99 180 7 11 102 139 3 3 279 296 30 57 282 440 23 32 400 505 33 37 465 632 11 11 513 561 21 36 608 771 49 49 745 934 33 51 871 1085 43 51 874 1069 4 4 941 966 17 17 1029 1119 16 17 1033 1124 
12 38 43 175 308 24 26 216 329 35 51 225 437 43 43 272 472 25 25 438 586 30 30 474 593 24 26 550 657 44 44 624 778 31 31 712 851 4 7 735 762 6 7 994 1025 10 13 1051 1096 
17 37 37 56 212 50 55 115 332 8 9 263 297 18 19 524 609 19 33 527 614 32 48 629 817 5 5 634 662 12 16 939 989 2 3 962 972 31 31 972 1076 25 34 985 1096 37 41 990 1134 18 30 1006 1127 24 24 1053 1134 3 3 1109 1127 1 1 1110 1117 1 1 1129 1132 
22 25 25 5 98 23 47 12 188 8 11 92 127 10 16 417 487 5 5 436 460 13 18 450 506 30 35 471 592 17 29 567 654 9 9 610 675 3 5 612 636 35 36 620 797 28 55 629 786 13 26 737 850 17 42 768 933 15 20 773 854 19 31 908 1042 13 20 949 1016 2 2 962 974 17 20 1014 1108 5 7 1048 1089 3 5 1077 1099 3 3 1123 1134 
19 26 58 21 198 21 28 50 165 27 27 55 160 22 22 99 226 4 9 116 144 4 5 204 234 41 42 204 363 4 4 395 415 13 18 427 482 34 35 503 683 5 5 569 589 24 30 679 807 23 23 702 788 66 66 885 1104 10 10 976 1018 8 17 1066 1123 11 11 1084 1132 1 2 1093 1101 1 1 1131 1136 
17 7 12 20 60 8 8 44 78 25 25 47 164 30 30 82 236 17 26 97 199 8 8 101 129 6 29 102 179 45 47 390 589 27 52 444 661 32 46 626 795 1 1 716 721 3 9 730 761 33 34 745 890 5 5 782 803 41 47 901 1118 34 43 977 1103 1 1 1122 1130 
