15 695
41 5 34 22 160 1 1 28 33 3 75 39 164 9 82 45 243 4 56 89 236 1 8 95 111 1 4 126 134 4 35 143 215 9 25 153 269 9 75 192 360 8 114 219 427 2 18 273 311 6 42 315 433 3 10 334 418 11 52 349 524 5 32 354 457 8 48 439 582 3 38 464 556 10 121 477 683 5 33 495 588 11 71 501 668 1 3 511 517 1 4 575 584 3 57 599 712 12 66 654 837 4 26 656 743 2 12 702 743 8 93 730 923 13 110 734 917 2 34 744 816 9 56 779 938 8 36 810 926 9 106 825 995 3 29 851 916 8 67 862 1042 1 9 962 987 1 8 1006 1020 1 4 1011 1022 1 7 1018 1050 1 1 1035 1039 1 1 1048 1051 
39 3 28 8 84 4 37 37 109 11 75 49 247 3 36 73 179 4 40 107 245 4 30 108 198 4 18 109 186 2 24 124 201 6 39 138 269 1 14 170 205 14 75 183 388 1 1 188 192 3 25 223 287 2 71 248 369 5 34 279 372 5 46 279 384 3 44 290 369 2 16 303 346 3 26 310 363 7 65 417 568 5 32 426 532 5 60 434 552 10 90 456 663 2 33 462 531 4 15 471 551 8 56 489 657 9 43 493 644 10 53 526 699 16 102 528 725 2 16 545 591 11 37 554 735 10 54 600 792 10 84 740 920 1 32 808 869 10 61 812 976 5 38 821 901 1 1 863 866 2 17 915 959 1 13 972 1005 
41 4 44 0 122 3 40 10 118 9 99 32 217 4 32 128 246 10 69 141 332 9 89 152 356 6 45 186 293 1 5 190 205 7 36 194 320 4 31 227 294 9 77 232 397 5 45 284 394 7 67 285 436 2 23 338 408 4 30 341 435 4 47 343 430 7 69 354 496 10 66 395 561 6 42 457 607 3 38 481 571 6 46 495 608 10 105 528 721 6 41 608 762 10 90 660 838 7 50 678 796 6 55 705 859 9 55 711 875 3 19 765 822 11 83 847 1046 7 76 897 1029 3 54 906 1009 1 24 911 954 4 20 926 1007 1 7 939 955 2 19 965 1017 1 2 990 997 1 13 995 1033 1 16 999 1035 1 11 1007 1049 1 2 1009 1015 1 1 1032 1036 
47 5 25 9 91 4 39 41 137 3 65 56 195 3 34 76 144 2 22 118 199 1 7 121 142 2 14 132 184 6 53 159 288 5 47 161 260 3 26 167 229 10 82 188 384 11 50 189 373 5 84 198 346 4 53 237 373 8 47 249 406 2 15 318 363 2 16 330 380 3 46 343 469 8 53 345 479 1 11 384 417 6 39 387 564 10 31 391 560 1 13 416 446 1 12 451 497 3 40 472 569 3 32 493 592 7 58 516 670 1 27 549 608 5 21 557 650 8 59 560 703 10 48 610 784 9 56 616 807 9 66 633 800 1 6 660 680 7 82 707 915 1 1 750 753 1 4 759 769 8 77 824 999 2 20 857 927 5 33 865 976 4 65 869 1030 5 57 882 1009 4 15 889 959 1 13 967 996 3 16 979 1034 1 16 989 1028 1 6 1009 1038 
51 6 25 1 136 1 4 5 21 2 8 10 45 7 70 54 238 6 33 59 226 6 29 69 158 3 17 148 217 3 49 175 251 4 33 175 277 1 5 185 217 2 29 239 297 1 17 257 304 5 65 304 423 8 59 387 583 1 14 433 466 3 29 447 513 1 5 448 462 6 15 489 593 3 20 497 563 2 20 529 592 6 78 542 740 5 62 546 672 8 54 554 699 3 19 564 620 5 47 565 663 8 87 570 778 10 95 574 757 4 39 583 694 6 47 586 686 3 61 608 716 7 62 656 831 5 32 685 799 9 76 692 858 1 13 705 735 6 33 740 870 1 7 757 774 9 108 824 1024 7 80 858 1001 4 23 868 942 4 37 883 961 6 62 890 1035 2 26 919 981 1 8 923 940 1 1 925 929 2 17 943 987 2 27 945 1021 3 19 946 1022 1 7 953 967 3 23 973 1042 1 11 974 994 1 2 996 1004 
57 4 48 21 129 3 16 22 78 1 9 92 110 7 66 94 246 8 90 128 302 6 46 135 269 9 96 168 355 1 6 216 239 1 3 240 249 5 36 250 344 2 11 255 282 1 14 259 286 8 78 265 427 1 1 268 271 1 3 279 288 4 38 280 368 1 12 293 321 2 20 294 337 1 11 301 329 8 54 306 483 1 5 307 319 1 19 308 360 7 65 310 460 8 29 314 463 4 39 355 447 1 12 401 434 4 32 435 521 10 63 440 633 3 16 448 509 6 32 506 588 6 56 568 733 3 31 592 712 4 28 594 702 1 48 611 695 6 61 618 761 7 54 665 856 2 10 676 718 2 26 684 740 4 59 706 842 2 16 708 743 1 12 732 758 2 22 734 783 8 81 743 928 2 21 771 823 1 6 783 794 4 39 808 885 10 99 828 1020 5 64 842 975 3 42 876 945 5 19 887 980 2 27 899 958 1 7 929 947 1 10 950 979 1 5 1003 1022 1 2 1009 1015 1 2 1016 1020 1 3 1029 1039 
44 3 16 6 51 1 19 43 103 5 38 78 181 5 35 79 169 1 2 139 146 5 47 156 311 10 76 182 385 8 78 189 374 11 113 227 435 5 55 252 370 9 77 268 434 2 14 273 311 3 25 313 402 9 54 345 491 6 89 386 558 6 61 418 554 1 1 434 438 7 42 445 568 3 13 451 499 6 55 467 590 3 31 481 546 3 37 485 571 2 19 489 534 1 9 497 530 1 7 539 560 6 45 565 665 1 22 581 640 9 73 584 743 5 47 588 695 1 15 672 709 7 45 676 843 4 34 691 770 14 78 694 890 11 100 700 888 4 37 713 823 8 99 728 912 3 38 777 888 1 7 789 807 5 41 910 995 6 41 933 1027 2 17 973 1030 1 3 1027 1034 1 3 1031 1049 1 1 1043 1046 
45 4 44 15 111 8 116 91 295 1 9 97 123 4 63 112 244 1 7 114 133 2 26 143 189 4 41 228 356 4 27 229 293 7 71 258 400 1 5 261 276 8 62 290 449 7 51 317 436 9 55 338 471 6 58 353 474 1 9 358 402 3 17 437 488 1 10 444 468 4 15 452 517 7 44 486 619 4 29 490 600 4 34 518 605 1 6 519 532 5 42 536 654 4 46 540 660 8 56 556 699 7 60 560 735 8 49 582 749 6 54 612 729 9 74 661 816 5 29 662 759 10 85 671 851 3 34 698 769 14 53 704 892 1 3 710 720 7 51 719 826 4 16 802 862 2 10 803 831 1 1 829 832 11 94 835 1009 2 39 853 918 4 54 879 989 3 20 914 965 2 31 950 1031 2 31 978 1041 1 14 1006 1036 
53 1 10 47 73 1 7 81 99 1 5 96 109 3 30 102 189 1 2 164 174 2 15 191 244 12 108 224 432 3 39 231 327 9 82 254 464 5 69 270 458 6 77 289 439 9 76 300 478 5 75 326 534 1 6 346 361 9 97 372 568 11 42 387 549 4 29 407 501 4 29 436 512 1 30 471 527 1 13 510 540 1 6 513 523 10 95 531 741 6 69 557 711 3 20 562 625 3 15 598 650 7 27 600 702 4 32 611 712 1 14 637 669 8 59 650 793 10 78 655 839 1 8 693 713 1 18 744 790 1 9 749 769 1 13 757 795 10 84 788 981 1 7 794 818 10 64 803 1008 4 32 840 958 1 28 841 912 8 59 864 1051 1 4 865 876 1 5 879 894 9 59 891 1033 4 46 898 1015 1 21 919 969 2 26 941 1002 1 18 941 984 1 8 990 1016 1 9 1024 1050 1 3 1028 1037 1 2 1033 1037 1 1 1046 1050 1 1 1048 1051 
44 1 1 13 19 5 38 48 230 10 63 72 255 5 36 144 269 1 1 167 172 1 25 208 254 7 85 256 420 2 27 275 350 9 74 322 475 2 28 332 380 5 22 353 447 7 59 373 499 3 46 394 531 2 24 401 454 1 12 449 476 10 40 457 635 5 56 461 582 3 37 473 569 6 34 475 573 1 6 515 532 3 88 523 690 3 49 527 620 4 28 566 624 10 74 577 774 4 28 599 692 1 4 632 647 1 6 635 673 6 71 636 787 3 17 637 707 8 50 669 809 9 82 755 919 7 36 783 898 4 37 787 877 10 91 798 1002 14 113 801 1010 2 30 831 923 7 48 843 1019 1 5 852 880 1 7 876 895 7 37 876 991 4 34 886 982 10 58 897 1036 1 9 956 981 1 14 962 999 
42 4 26 0 83 10 100 20 221 1 13 40 72 3 23 44 101 3 25 49 104 11 92 208 387 4 41 237 344 12 80 263 454 4 71 290 410 4 49 319 441 1 5 344 354 2 17 345 398 1 17 372 406 9 96 383 547 2 22 386 447 10 45 387 589 13 57 451 656 3 19 454 514 7 90 454 618 4 44 466 601 1 13 483 530 4 32 483 572 10 54 495 650 2 29 509 601 2 18 523 572 6 47 550 759 4 51 630 748 1 17 739 777 1 12 747 783 10 40 770 933 4 34 772 865 13 74 784 986 12 67 790 974 7 64 848 1016 2 29 868 929 2 22 871 914 7 48 872 1030 7 68 881 1031 4 60 885 992 2 18 970 1012 1 12 971 995 3 25 972 1048 
46 8 71 3 144 1 2 28 34 9 74 58 232 7 39 69 206 6 42 125 284 5 39 165 248 2 17 200 245 1 10 200 228 4 34 207 303 5 45 229 336 2 11 254 312 5 61 266 377 9 94 297 454 7 92 306 451 6 78 307 456 11 49 327 537 7 82 328 483 1 8 350 365 2 18 409 448 6 44 419 533 6 50 426 520 1 1 473 477 12 65 505 677 4 29 542 615 2 10 561 594 1 21 567 601 2 21 624 698 8 58 624 795 8 67 671 806 5 61 694 828 6 62 711 887 8 69 728 865 8 112 757 939 2 16 763 806 1 2 777 784 5 37 779 870 5 32 797 864 2 14 813 885 8 81 836 1020 5 29 836 917 1 4 925 933 1 4 967 975 1 1 1010 1015 1 4 1016 1033 1 2 1033 1039 1 5 1037 1050 
48 1 10 7 36 1 15 28 54 9 46 38 171 4 45 94 181 1 10 98 118 8 28 109 233 8 36 133 274 7 39 167 293 1 3 186 196 7 143 206 405 5 39 208 329 3 37 208 267 6 61 228 332 1 1 242 245 1 18 259 302 9 108 319 524 3 24 323 384 6 68 356 504 7 47 373 491 2 22 387 432 6 43 440 582 1 5 455 466 3 34 516 589 12 55 529 726 1 8 535 570 1 15 541 578 6 38 575 733 7 35 581 690 5 60 628 760 12 90 654 864 1 9 654 689 1 5 686 702 8 79 727 905 2 25 740 795 3 21 747 842 3 15 756 795 10 56 762 971 1 18 781 825 5 60 817 940 4 27 850 934 1 9 857 892 8 75 858 1040 7 73 870 1025 5 34 885 986 1 24 938 1003 1 4 1001 1010 1 4 1031 1046 1 1 1035 1041 
45 8 32 32 201 2 20 41 83 6 50 48 173 2 10 49 99 14 83 62 238 10 95 89 294 3 31 123 210 2 24 133 193 7 86 157 315 2 49 159 279 7 76 186 373 1 2 259 275 4 42 265 336 3 28 308 401 14 76 343 549 1 10 356 388 8 67 376 537 6 55 421 602 10 95 436 631 4 75 468 670 9 43 478 642 1 6 483 499 5 14 509 588 3 10 633 703 5 78 649 815 4 20 659 765 8 92 717 903 7 43 742 849 10 79 815 995 8 74 817 998 9 46 819 1001 6 32 840 983 3 37 842 917 2 46 864 980 3 55 893 1015 5 57 895 1020 1 17 914 959 4 40 917 1015 1 13 927 952 1 24 935 978 2 30 968 1024 1 12 984 1017 1 5 1003 1027 1 12 1005 1036 1 1 1047 1050 
52 5 44 1 137 2 29 5 72 5 30 6 109 7 56 6 121 1 4 25 36 4 41 99 189 2 27 114 173 3 28 130 226 6 58 165 315 2 35 185 244 5 72 191 315 1 6 191 206 5 26 193 280 7 97 199 371 6 80 202 392 1 12 265 295 6 55 270 438 8 49 271 415 11 97 272 465 6 53 281 438 6 60 302 431 1 6 321 344 3 14 353 399 1 5 365 385 2 13 399 450 12 52 410 608 1 5 415 425 1 10 418 441 7 77 479 662 9 114 489 691 1 3 511 521 6 58 529 644 2 19 591 641 5 20 646 735 5 36 673 759 5 40 676 817 3 33 685 764 7 54 698 848 1 9 778 812 1 7 779 796 6 43 795 902 6 48 808 930 8 52 811 971 1 7 831 859 2 27 837 892 3 30 847 914 4 23 872 945 1 4 918 928 1 26 961 1036 4 28 971 1034 1 13 973 1008 1 8 1028 1046 
