15 75
4 26 59 88 274 26 41 254 377 24 26 264 382 38 64 318 471 
5 29 55 447 598 6 16 536 568 34 96 626 818 17 41 828 921 21 50 845 953 
4 24 38 161 256 34 67 377 544 13 26 387 453 27 56 693 830 
4 16 35 106 168 32 63 226 363 16 39 643 765 30 70 735 861 
7 5 9 94 112 38 67 123 283 16 46 243 324 30 31 309 415 6 16 703 756 12 16 893 941 1 2 954 959 
9 34 95 35 207 1 3 160 169 1 1 307 312 5 31 346 401 8 18 480 525 13 18 631 687 17 41 698 786 8 13 854 896 6 8 897 922 
7 1 2 178 185 28 48 358 475 29 47 493 620 2 5 721 733 1 2 741 749 31 47 819 939 3 4 922 936 
6 3 12 422 458 19 28 461 573 2 6 616 631 38 39 657 847 45 77 778 953 3 7 906 924 
3 7 23 98 170 31 69 526 700 52 58 636 806 
4 30 54 255 400 41 41 281 457 19 48 338 492 12 22 587 653 
4 27 42 47 195 58 101 83 274 14 35 470 535 8 23 560 613 
6 25 59 30 181 29 69 112 236 14 40 341 435 43 97 433 625 10 24 827 900 1 3 906 913 
3 27 42 60 197 49 56 581 762 26 67 691 829 
5 33 60 144 322 16 30 194 266 13 13 369 430 16 45 492 605 36 52 713 884 
4 24 64 76 216 40 40 81 219 12 12 250 308 26 87 336 498 
