15 171
8 32 82 36 185 15 39 45 160 45 74 124 322 47 47 171 328 37 101 303 505 36 52 368 564 2 4 710 723 4 5 922 940 
10 35 76 15 176 11 14 44 91 13 54 65 169 22 27 122 206 9 24 197 264 42 59 230 414 6 7 527 554 52 58 529 724 39 51 591 778 6 6 611 665 
12 20 43 64 205 20 76 156 297 37 37 297 463 50 50 341 510 18 26 437 542 2 3 437 451 4 9 467 485 26 74 482 638 29 66 832 984 1 1 888 893 1 5 889 903 9 21 953 1002 
12 33 59 35 200 26 40 63 174 25 45 71 184 13 28 72 152 7 7 304 338 54 66 306 516 11 25 349 423 20 76 584 713 12 48 865 984 12 27 881 954 13 31 910 983 6 9 1007 1026 
8 39 72 70 247 36 72 234 416 16 17 456 530 40 51 504 697 29 66 568 746 8 16 694 733 42 89 720 889 27 73 736 894 
12 15 29 172 239 18 18 221 298 15 31 316 420 27 67 525 681 20 29 578 662 25 50 707 905 39 49 728 896 25 49 749 885 1 2 757 766 25 62 909 1023 6 16 997 1038 1 1 1007 1011 
10 21 38 162 247 12 21 292 341 13 38 415 483 44 96 419 621 24 44 491 668 28 68 582 699 32 53 616 782 15 38 889 957 21 50 891 1006 7 19 930 968 
13 33 78 159 326 1 1 187 191 29 37 228 330 5 16 323 360 45 85 436 639 9 37 459 538 20 59 514 628 46 66 589 773 38 79 716 907 6 16 860 897 4 10 893 921 2 7 975 994 4 14 1007 1035 
15 7 27 179 246 2 4 220 231 9 9 232 280 29 29 240 400 10 13 294 354 25 64 340 501 2 9 439 460 46 90 463 639 16 62 465 579 25 43 752 900 8 22 758 808 2 8 897 914 25 62 933 1030 3 8 940 965 9 22 975 1034 
11 27 109 14 221 22 76 145 300 26 42 231 353 7 7 360 398 22 62 429 569 21 42 555 674 2 4 761 778 20 49 781 883 42 75 790 994 27 27 819 930 2 4 1035 1046 
14 23 50 387 517 34 92 418 564 7 14 496 525 9 30 501 572 52 97 526 735 1 5 538 551 19 61 702 853 5 13 843 870 32 32 862 1000 28 39 877 982 6 12 882 910 24 35 920 1017 1 3 1026 1035 1 5 1039 1046 
12 24 54 18 166 17 27 34 168 22 29 119 225 7 16 166 212 19 32 219 314 36 40 318 497 17 42 320 407 51 70 354 555 34 62 530 713 21 59 670 765 2 8 880 907 4 4 996 1011 
10 11 24 173 234 8 16 211 246 10 36 376 488 18 31 407 505 24 84 421 618 37 97 448 643 25 31 486 575 12 17 558 600 34 113 612 815 38 90 742 917 
14 5 5 179 199 2 8 258 279 9 12 622 662 33 75 689 862 8 8 721 763 20 51 737 850 21 64 737 933 25 62 744 867 7 16 750 815 18 54 808 925 28 39 938 1033 17 38 949 1040 17 46 955 1050 11 27 976 1041 
10 17 47 22 135 27 52 42 201 25 51 43 166 32 52 85 215 36 64 221 341 29 43 413 541 21 52 523 603 22 58 607 741 6 12 817 867 3 8 858 879 
