15 380
25 3 17 3 71 4 55 58 184 5 37 122 214 2 13 206 251 3 28 213 271 10 66 248 433 8 97 249 407 2 33 280 356 3 16 283 339 2 19 301 349 7 54 393 565 3 20 520 588 1 16 542 592 8 53 547 698 4 42 563 662 7 38 667 791 4 35 688 785 1 3 704 721 8 79 765 942 4 23 808 902 8 55 826 955 2 17 844 896 1 1 888 893 1 6 912 935 1 3 952 960 
25 1 5 15 35 3 39 22 111 12 59 34 216 1 17 62 103 8 57 76 200 9 62 121 287 4 73 268 407 6 26 272 393 1 17 284 334 1 5 309 319 5 79 345 527 1 10 370 388 3 40 441 543 3 27 495 586 2 33 547 629 1 13 600 633 4 34 650 756 5 40 683 826 11 85 687 857 1 1 765 772 6 45 796 892 2 20 797 838 2 36 868 947 1 12 893 915 3 25 907 958 
21 4 55 21 156 3 28 67 189 10 96 94 248 2 37 106 173 12 72 118 278 1 11 132 162 7 44 153 267 9 43 289 426 4 58 334 484 1 9 405 425 6 66 534 695 2 21 556 604 1 26 587 639 1 10 656 672 9 75 675 831 5 34 765 855 3 33 776 853 7 56 800 927 6 49 841 957 4 24 886 952 1 3 923 937 
21 8 92 41 220 9 62 53 225 6 38 86 194 5 62 144 251 1 13 156 185 1 17 163 194 6 51 184 293 5 49 254 363 4 25 294 354 7 57 316 468 6 30 321 421 6 53 378 558 2 16 393 433 3 35 522 610 1 11 570 591 4 45 660 781 2 30 672 747 11 101 703 888 5 69 723 864 4 43 796 893 1 8 928 942 
27 2 12 67 99 4 42 122 233 7 49 239 384 1 5 261 277 3 31 303 376 2 14 321 362 1 3 341 353 6 39 381 498 1 16 414 445 2 30 415 471 4 33 419 497 9 55 440 612 7 16 474 587 7 72 524 692 2 68 534 672 6 40 558 670 5 68 575 715 7 48 591 762 3 19 600 650 7 73 602 785 5 52 793 888 1 6 799 813 1 7 841 866 1 4 858 865 1 5 906 927 3 23 915 963 1 1 943 946 
28 5 81 25 154 5 53 36 154 1 7 41 63 8 52 146 289 5 16 187 283 1 91 188 337 1 3 191 202 5 46 195 317 2 15 232 287 1 11 259 281 4 55 304 434 8 63 346 497 2 30 372 433 12 55 389 576 4 46 416 532 3 31 510 573 3 25 543 595 3 33 545 610 4 31 560 640 2 25 640 710 4 22 724 788 8 56 753 912 3 36 796 905 2 21 871 924 1 4 898 909 1 8 909 944 1 9 913 939 1 1 931 935 
28 2 28 4 98 5 68 28 160 9 64 41 220 4 45 68 176 1 6 76 95 3 54 142 272 1 8 173 194 2 17 173 207 7 54 190 327 6 50 267 383 1 12 282 322 3 17 389 453 10 70 389 574 3 21 456 507 9 52 505 679 1 8 546 565 5 45 637 745 1 4 659 674 5 45 666 768 6 50 709 840 3 59 715 821 1 9 727 746 2 29 813 889 3 31 869 933 1 8 899 922 1 16 916 952 1 8 926 953 1 5 927 945 
24 2 25 36 96 3 24 63 144 11 90 128 312 1 6 216 231 9 59 366 517 1 58 397 503 4 54 417 531 4 26 435 529 6 41 437 538 2 16 471 508 6 43 498 612 7 45 572 715 6 55 573 698 3 14 577 634 1 24 629 688 5 40 656 758 6 39 676 814 6 54 739 911 2 37 748 821 5 20 775 834 5 31 777 846 2 24 783 842 1 3 786 795 1 1 960 963 
30 4 60 108 253 5 66 138 271 1 3 147 157 7 73 155 298 1 6 206 225 1 9 224 244 3 32 235 299 7 41 270 449 1 2 292 309 1 1 309 316 1 7 323 342 7 63 358 476 7 48 366 490 3 20 399 451 2 27 405 476 2 30 495 560 8 51 502 609 4 20 503 591 3 34 504 612 5 88 523 673 2 22 552 603 3 21 593 702 5 64 676 783 3 27 679 762 2 15 760 809 1 9 845 866 2 6 886 933 2 10 908 957 1 1 948 951 1 1 958 961 
35 1 12 120 141 4 16 140 225 3 34 146 223 1 12 155 180 1 4 217 232 5 35 227 318 11 81 237 425 1 12 252 284 2 14 252 325 2 52 256 343 1 3 264 272 2 33 329 406 1 10 360 379 3 21 388 455 2 16 393 441 6 48 428 609 1 15 460 517 1 29 463 523 2 17 495 533 5 44 576 714 6 77 580 757 4 37 600 691 8 85 627 790 1 2 633 641 1 11 634 658 2 15 650 694 1 9 684 709 3 28 788 859 2 27 788 837 8 42 828 955 1 16 896 934 1 5 928 942 1 7 934 953 1 4 938 957 1 5 944 957 
17 14 64 8 196 7 68 17 181 9 91 61 250 5 45 151 255 7 28 158 317 1 4 211 245 5 30 312 381 5 68 337 457 2 19 399 451 7 92 533 706 9 90 559 746 1 10 663 683 10 56 713 885 6 38 762 862 4 20 787 838 6 63 826 922 1 10 915 938 
22 1 19 37 82 6 61 38 177 8 68 71 261 4 45 118 212 8 60 120 276 1 5 145 161 7 49 165 291 1 13 225 251 6 67 303 429 7 32 308 448 1 5 444 458 2 14 445 482 5 48 447 572 9 48 457 576 4 30 472 538 7 83 559 730 4 19 563 649 6 53 574 683 1 11 630 652 1 6 642 667 4 45 795 928 3 28 882 947 
29 1 18 29 73 2 19 42 115 3 58 63 194 10 74 79 245 2 22 121 167 7 16 227 379 3 57 229 336 1 7 274 294 6 68 342 508 10 79 343 489 1 1 416 424 1 4 468 484 7 59 605 768 7 26 637 781 6 33 683 808 1 18 687 724 4 27 733 829 3 33 744 829 1 6 752 776 1 5 780 791 6 35 797 908 4 26 819 892 3 33 847 905 1 15 878 912 2 25 897 951 1 4 912 920 1 5 931 944 1 4 934 945 1 3 943 949 
27 1 5 12 58 3 25 35 90 4 62 79 197 5 37 113 200 4 47 125 221 1 16 130 167 5 40 155 289 7 62 224 358 5 67 225 355 12 102 228 406 2 28 277 362 5 103 296 482 8 53 301 489 1 7 315 332 5 13 363 476 1 2 455 460 12 87 476 642 1 11 541 571 5 54 567 715 1 33 739 793 8 68 743 875 1 3 760 766 1 7 843 866 1 9 881 905 1 9 909 934 1 9 929 946 1 3 946 958 
21 2 46 29 137 6 55 54 203 4 46 69 178 1 8 178 198 7 34 182 354 9 94 183 356 7 58 196 349 1 7 309 334 8 36 401 532 2 20 424 475 8 32 430 551 15 51 440 621 2 20 474 530 8 43 517 662 1 21 554 603 7 33 559 691 2 27 638 695 1 26 705 751 2 45 821 930 3 18 828 893 1 10 895 921 
