15 242
15 9 17 18 69 29 72 145 267 24 44 176 289 37 67 242 373 13 28 252 338 14 39 303 371 30 32 349 446 18 50 545 675 11 18 707 765 31 56 770 902 44 70 838 997 17 43 952 1043 31 40 1017 1137 1 3 1031 1039 1 3 1130 1136 
18 15 15 25 96 26 57 138 271 28 37 201 314 26 39 236 335 1 1 261 266 11 26 396 468 22 75 436 598 12 42 457 536 15 38 555 626 21 35 613 724 26 86 681 846 36 63 681 825 33 40 786 957 11 18 810 854 12 35 862 942 8 9 868 898 24 42 905 1001 16 19 1057 1119 
16 1 1 71 76 17 55 293 383 27 105 297 502 18 41 322 418 14 31 349 429 41 43 523 676 4 7 681 704 14 35 712 818 16 26 718 798 54 72 733 950 42 74 807 1028 18 34 913 1015 17 34 921 1026 24 67 991 1123 12 22 1084 1131 2 4 1114 1128 
15 33 82 6 167 29 46 58 167 4 7 102 118 1 3 139 146 3 15 230 265 13 18 235 308 5 23 352 415 18 72 516 727 42 52 616 834 10 20 728 782 53 107 815 1035 1 1 823 826 26 32 843 959 50 91 955 1126 31 32 991 1132 
11 19 75 87 203 46 99 90 280 19 41 251 343 40 79 389 583 53 55 392 578 32 81 689 906 38 99 723 937 29 58 810 940 29 29 937 1118 8 22 1034 1080 9 19 1036 1080 
18 1 5 137 151 17 20 197 259 29 46 258 461 12 22 259 332 30 48 274 439 34 97 303 507 30 53 333 474 5 9 353 382 22 71 410 566 1 4 465 474 19 52 670 780 39 75 691 847 5 14 713 740 21 42 736 825 7 16 747 777 36 64 807 937 6 15 923 957 9 18 935 983 
14 30 52 112 266 21 38 114 206 23 45 241 362 4 6 320 336 6 18 342 382 29 71 348 510 37 101 373 574 45 61 412 592 19 19 449 514 24 76 570 719 13 15 649 720 37 51 657 833 31 42 902 1053 1 1 1131 1137 
16 44 105 93 297 2 8 211 233 33 77 225 377 23 87 325 552 7 25 477 518 8 15 526 564 29 38 587 682 37 40 637 790 30 57 639 756 10 17 740 788 26 53 875 1000 21 43 907 1004 19 47 914 1041 10 57 918 1034 2 6 925 939 13 40 983 1060 
18 5 12 10 33 29 77 47 213 38 48 193 361 14 43 242 313 24 32 314 410 21 57 399 489 23 68 405 542 4 7 553 569 21 25 577 684 35 57 694 869 9 13 730 766 30 72 736 889 5 15 819 852 21 111 859 1035 7 10 897 938 13 28 922 992 14 23 1020 1085 3 4 1109 1121 
20 51 85 4 212 7 14 56 90 7 18 62 122 9 77 105 267 11 14 197 243 12 18 312 363 33 57 393 553 1 1 455 458 20 43 462 555 21 56 506 655 5 12 611 635 3 6 662 681 30 80 675 862 2 6 701 722 41 72 702 875 16 23 784 857 27 36 804 911 14 36 980 1066 11 13 1014 1060 7 10 1092 1116 
17 4 22 66 124 30 67 93 260 21 44 107 202 28 94 149 321 1 3 253 260 25 68 335 500 2 4 419 434 33 33 494 641 11 32 498 563 24 75 516 694 13 21 603 662 22 50 673 789 14 22 734 810 39 47 840 1028 38 56 921 1067 22 54 1008 1119 1 3 1036 1042 
20 17 47 6 128 32 62 35 157 3 5 114 131 35 89 241 408 20 43 247 334 12 33 284 362 39 59 321 494 2 8 344 359 1 4 367 375 7 17 372 406 33 78 526 706 8 22 547 588 20 91 591 773 1 4 610 618 22 62 812 970 23 71 824 969 14 45 889 987 20 66 961 1070 19 30 966 1060 3 6 1095 1110 
15 48 71 21 227 36 60 81 243 21 97 255 408 5 10 291 318 12 18 530 588 17 61 536 659 40 90 566 761 8 9 575 609 10 13 699 738 30 30 807 928 15 24 816 884 42 61 961 1123 11 21 997 1062 9 19 1029 1079 16 20 1077 1133 
14 32 72 302 466 70 70 380 605 45 56 483 659 35 69 496 674 38 95 571 747 3 6 586 605 6 12 600 631 35 60 629 753 30 115 685 901 23 35 807 895 18 46 870 974 1 3 934 942 1 1 979 985 3 7 1120 1137 
15 24 57 224 346 22 49 298 447 48 77 376 593 5 13 429 462 24 45 509 634 41 93 519 745 22 62 547 671 34 63 628 813 32 70 669 881 23 68 679 869 1 5 836 849 37 68 851 1024 17 56 937 1078 1 2 1061 1068 3 10 1099 1126 
