15 101
4 22 40 151 326 32 32 592 762 53 54 629 798 6 14 861 927 
6 5 9 106 134 1 2 279 287 35 35 371 515 23 23 708 795 19 19 730 808 32 32 770 910 
6 34 42 353 538 21 27 424 562 5 5 425 448 20 26 533 631 29 29 748 921 3 3 933 946 
8 27 30 228 365 11 11 247 291 2 4 421 438 13 21 460 528 12 15 604 663 44 44 709 857 16 34 806 955 12 20 819 888 
8 19 20 29 128 11 17 75 164 13 13 101 191 18 48 121 299 10 14 358 408 4 5 481 499 24 24 582 751 2 3 826 838 
12 3 8 4 31 10 24 60 149 1 1 322 326 10 10 337 395 3 3 571 583 18 32 582 685 26 47 618 754 4 5 795 815 10 12 816 853 7 7 829 862 13 13 853 919 1 1 938 947 
5 24 32 57 185 6 8 186 221 19 19 325 410 31 42 566 689 21 41 578 718 
5 18 19 169 266 39 56 173 363 23 42 466 618 9 21 798 854 11 12 899 942 
6 28 38 22 158 6 6 151 178 35 62 178 362 4 10 551 599 9 17 826 885 23 27 840 917 
10 5 6 81 108 34 34 151 276 14 20 314 385 29 56 469 656 1 3 489 499 10 21 544 605 3 4 581 596 12 15 724 770 5 10 867 901 1 2 945 953 
5 8 8 187 220 45 45 204 361 8 16 231 298 25 28 421 518 11 19 763 829 
8 20 25 75 170 22 36 359 478 19 21 464 537 10 16 568 637 22 31 643 771 8 12 847 888 3 8 852 881 9 9 886 951 
5 14 14 285 352 30 30 297 417 2 3 482 493 16 24 621 702 38 40 799 948 
6 21 27 196 340 17 25 247 333 27 32 294 434 12 12 355 411 7 15 429 469 14 24 545 613 
7 23 23 338 440 21 25 500 592 6 9 611 641 27 36 844 961 12 19 845 924 7 18 864 933 1 1 950 956 
