15 59
5 11 16 207 247 60 62 546 699 34 81 651 813 29 29 679 741 22 24 824 886 
3 94 94 452 640 3 5 728 738 25 31 824 927 
4 27 34 139 217 63 72 239 409 2 2 636 642 20 36 682 748 
4 54 56 81 214 49 52 140 282 30 52 369 481 6 6 641 660 
5 24 50 280 367 51 51 358 495 68 68 676 864 12 13 761 789 1 1 810 815 
3 17 18 146 207 70 81 488 679 52 69 725 872 
4 24 28 87 169 39 39 142 269 32 33 282 429 38 45 747 847 
4 40 66 172 311 78 78 260 437 1 2 399 405 10 13 801 834 
4 13 13 96 129 52 52 278 419 5 7 353 365 53 53 589 712 
2 47 82 169 344 74 74 553 729 
4 32 32 128 244 84 84 155 336 38 108 401 586 7 7 876 896 
5 46 55 140 327 32 43 148 230 9 11 294 326 14 16 342 383 6 6 914 928 
5 44 45 130 243 9 11 168 204 22 28 298 358 20 26 319 401 34 46 539 653 
3 45 57 301 441 26 26 590 683 40 58 670 791 
4 32 41 23 103 65 65 186 332 7 7 213 231 1 1 608 612 
