15 629
41 13 67 1 200 2 56 74 188 11 70 110 293 2 26 114 172 2 11 115 159 10 102 139 342 10 42 179 345 7 84 211 403 7 60 260 476 2 32 322 375 3 25 326 400 2 24 388 450 4 22 403 488 7 69 448 643 7 74 449 608 5 98 463 690 8 85 467 651 5 31 480 601 1 4 510 523 5 40 514 627 11 143 529 755 1 5 531 546 10 88 575 737 8 43 601 780 10 45 685 862 13 87 690 911 9 59 822 945 3 23 841 909 1 13 888 913 11 70 903 1077 6 40 919 1039 10 110 924 1161 1 6 951 968 4 40 960 1053 5 65 1030 1186 2 18 1035 1087 1 10 1142 1170 1 17 1167 1208 1 3 1184 1195 1 7 1188 1204 1 6 1200 1213 
42 15 108 57 295 11 92 101 341 2 19 136 176 8 39 175 324 9 53 292 439 4 51 298 405 6 38 344 471 10 59 348 543 15 118 381 599 2 22 406 457 3 20 415 475 17 108 453 687 4 26 472 535 1 5 478 497 3 40 527 622 7 43 530 681 11 43 538 751 8 70 543 698 3 55 582 678 6 43 588 705 4 35 595 731 8 76 653 855 11 89 750 959 12 60 767 1002 3 45 808 892 1 8 825 847 9 76 825 1050 2 48 843 971 3 35 854 931 2 16 903 945 7 93 950 1129 1 1 979 984 3 15 1021 1066 1 3 1028 1041 2 36 1052 1144 1 11 1056 1091 2 18 1105 1149 1 14 1126 1160 1 31 1161 1207 1 16 1169 1205 1 5 1194 1205 1 1 1210 1213 
39 13 121 9 249 4 48 46 132 8 109 59 249 1 6 86 98 8 34 146 272 5 72 162 364 10 94 220 413 8 93 264 436 3 20 275 400 3 42 308 411 2 17 352 401 13 100 445 680 14 62 447 679 1 8 475 491 7 34 488 656 5 54 499 598 2 27 569 678 9 82 571 735 11 79 589 791 11 84 619 825 7 29 634 744 1 7 670 714 7 42 700 837 1 13 757 785 1 16 878 909 13 64 892 1113 12 78 925 1086 1 9 949 977 6 81 951 1089 12 48 970 1123 7 30 981 1144 8 80 1017 1183 4 31 1027 1181 1 8 1032 1049 3 48 1070 1207 3 23 1093 1153 1 7 1103 1119 1 3 1108 1115 1 2 1165 1174 
52 7 54 18 121 4 47 64 172 2 11 76 114 1 15 79 102 8 89 105 289 1 11 138 179 1 3 160 168 7 39 196 300 8 79 200 425 1 3 235 245 6 36 240 360 4 44 248 327 7 98 300 487 2 17 300 359 7 131 306 548 6 47 355 474 1 2 370 378 12 69 378 592 8 72 393 543 2 18 417 464 3 18 483 532 11 73 499 704 3 18 512 586 7 42 550 665 2 26 557 601 1 5 558 568 4 23 590 670 11 137 595 821 9 134 637 842 1 2 667 672 2 19 745 820 1 4 757 772 10 99 805 1031 1 7 826 842 10 94 850 1037 12 102 862 1090 1 4 894 908 6 46 903 1010 1 8 913 945 6 57 943 1099 3 46 1070 1156 4 50 1091 1187 4 26 1094 1183 3 46 1097 1173 4 41 1112 1194 3 32 1133 1206 1 11 1153 1177 1 12 1166 1197 1 3 1189 1203 1 6 1190 1207 1 5 1198 1212 1 1 1206 1212 
29 12 79 45 242 6 66 62 215 8 35 243 389 7 53 299 413 1 11 309 336 10 71 347 526 7 48 357 500 11 76 369 576 12 81 381 583 3 34 461 527 10 72 532 667 8 80 541 756 17 36 634 872 13 100 780 1008 4 16 799 873 5 42 801 920 1 6 808 826 13 101 850 1032 15 87 880 1119 10 50 914 1105 4 40 928 1000 8 81 984 1203 7 88 991 1165 1 15 1005 1035 5 72 1024 1172 6 58 1025 1183 7 22 1035 1138 5 42 1091 1213 1 9 1103 1123 
43 3 27 3 61 1 12 86 132 7 69 122 270 7 56 137 294 10 68 189 391 3 49 196 287 9 72 227 370 4 37 235 300 11 108 246 448 3 21 305 365 5 37 328 460 3 29 334 395 10 114 342 574 13 52 363 539 15 91 386 617 1 10 461 483 4 28 500 580 5 37 525 610 2 24 552 595 1 5 592 608 7 50 595 747 3 36 625 703 3 29 638 703 4 35 639 758 11 51 669 875 4 61 675 788 2 18 715 760 2 17 719 749 4 38 771 849 7 38 788 939 4 48 804 904 9 78 833 996 9 99 838 1048 3 61 881 994 2 18 884 972 7 77 890 1056 3 31 892 981 1 1 907 914 4 46 955 1053 1 16 960 1012 7 41 977 1091 3 34 1045 1116 1 2 1191 1201 
42 7 42 1 135 7 49 21 137 12 69 26 212 4 45 68 179 4 22 83 170 3 39 107 192 10 59 110 305 4 119 113 327 1 1 195 198 4 73 214 380 6 87 319 484 6 76 327 461 1 8 401 426 1 2 409 417 6 75 414 564 3 21 445 520 9 34 445 574 11 94 487 687 12 64 487 688 1 2 499 505 4 40 516 643 6 43 558 680 14 73 565 786 7 37 592 728 2 20 592 639 16 100 595 803 1 33 662 747 3 36 699 771 6 90 708 899 11 69 732 869 1 19 798 832 7 62 875 1011 5 92 894 1097 10 91 908 1100 3 19 947 1011 1 17 1027 1070 1 11 1064 1095 4 54 1096 1194 7 45 1103 1213 1 15 1154 1192 1 14 1164 1201 1 16 1177 1213 
42 7 54 42 170 12 88 68 272 8 74 95 264 5 39 109 211 6 30 151 259 8 32 197 354 3 40 222 294 9 55 237 380 7 89 240 403 3 34 293 370 5 47 293 402 3 25 315 395 8 73 333 524 17 65 369 611 5 48 402 537 3 22 439 523 1 8 465 493 1 4 470 481 2 36 490 558 1 6 523 537 7 27 560 653 6 70 563 709 6 50 643 775 9 95 701 897 3 30 714 785 10 64 717 933 4 48 719 810 10 81 719 894 4 51 734 855 4 38 748 851 5 32 861 962 9 79 917 1128 4 39 938 1025 5 58 950 1050 1 2 985 991 4 24 996 1064 6 81 1003 1190 4 28 1051 1120 2 11 1064 1103 1 16 1179 1212 1 2 1190 1200 1 4 1191 1198 
44 3 47 14 99 6 41 80 188 7 96 108 276 3 31 122 213 5 46 139 285 3 39 160 262 1 20 175 222 14 113 181 421 3 35 184 263 4 38 209 289 2 11 224 278 6 38 233 342 2 14 295 330 6 32 319 425 9 85 385 624 11 85 420 616 6 48 429 615 2 30 434 490 8 87 448 687 15 60 526 765 3 50 532 636 7 29 584 699 1 14 592 625 7 46 602 730 1 3 609 618 9 47 627 776 6 86 630 779 3 31 636 704 11 100 658 890 5 47 689 787 2 20 714 755 1 11 732 758 4 58 808 952 3 30 863 927 7 80 867 1016 12 51 907 1110 4 94 943 1129 6 71 972 1139 1 2 1010 1018 4 52 1045 1137 2 34 1078 1149 2 19 1170 1204 1 7 1188 1206 1 2 1192 1200 
51 1 4 5 21 4 74 7 190 6 46 15 104 3 20 26 79 12 114 46 282 2 17 128 186 1 20 136 181 5 50 161 287 4 71 168 304 12 142 226 440 2 21 281 342 3 38 298 373 6 22 333 458 9 94 412 643 1 1 437 445 14 102 452 681 1 5 453 467 7 44 458 576 11 81 470 677 5 92 478 639 6 57 484 622 5 27 495 601 10 26 496 666 1 18 526 571 8 84 670 852 3 28 711 784 5 61 711 803 8 66 727 860 4 31 740 831 1 2 750 757 1 2 799 810 7 43 819 987 2 7 822 862 3 44 851 944 1 15 871 901 6 44 878 1038 5 49 901 1050 5 47 1036 1171 6 48 1041 1156 5 38 1043 1145 1 1 1054 1059 1 3 1078 1085 6 54 1082 1199 2 18 1115 1164 1 8 1116 1138 3 48 1123 1207 2 16 1125 1168 1 17 1151 1193 1 13 1166 1188 1 9 1180 1204 1 1 1211 1214 
41 2 26 1 57 3 17 6 78 10 40 25 183 6 63 62 193 5 31 66 178 2 19 75 135 3 26 177 233 9 90 179 387 8 56 195 377 1 1 210 216 1 8 233 257 6 59 239 377 7 52 255 390 6 63 263 397 9 76 286 469 14 58 307 510 11 101 355 589 6 61 374 562 8 64 421 586 6 86 433 610 7 86 473 684 9 86 512 736 14 56 515 703 1 9 539 557 10 85 607 840 2 28 641 719 1 19 706 741 3 52 727 846 8 95 751 935 4 45 754 865 9 69 778 930 11 97 825 1039 1 1 833 838 5 46 1047 1150 8 59 1051 1185 2 53 1056 1184 1 6 1119 1139 2 10 1144 1211 1 7 1170 1188 1 4 1185 1205 1 4 1186 1196 
39 7 44 23 139 2 18 68 122 9 48 72 187 3 32 109 175 9 75 143 291 1 9 177 202 2 13 188 255 3 24 244 295 1 15 254 290 6 41 305 406 8 58 337 463 10 31 442 599 10 38 465 624 3 19 526 593 7 47 568 698 13 97 620 820 7 40 638 751 12 90 678 871 3 27 688 766 2 10 693 740 4 47 698 830 13 71 761 937 12 82 767 956 12 123 773 1014 1 10 788 815 1 7 821 845 12 52 827 1034 3 62 828 973 2 15 922 959 6 84 956 1144 9 76 974 1169 5 44 1052 1151 5 35 1054 1180 3 17 1065 1121 5 46 1079 1191 3 19 1082 1143 2 14 1088 1124 3 35 1150 1214 1 1 1197 1201 
45 12 83 9 245 10 59 38 180 4 44 79 159 5 27 84 173 11 61 97 284 3 77 120 256 11 56 150 332 3 16 151 218 7 48 192 351 6 48 196 313 10 92 200 426 1 2 233 247 2 17 243 281 5 32 385 480 2 28 391 446 4 29 460 538 2 14 461 509 6 46 516 629 10 59 548 722 9 112 561 801 8 47 566 714 7 56 633 779 3 104 648 850 5 55 732 846 4 17 749 837 1 12 771 821 1 10 778 801 10 126 780 1000 1 17 789 833 5 93 830 1016 5 24 874 961 1 8 899 923 4 53 903 1038 1 5 923 937 8 85 960 1178 10 89 965 1181 7 64 966 1090 4 33 1079 1168 1 11 1089 1111 4 47 1094 1176 1 3 1140 1150 3 5 1142 1213 1 18 1162 1210 1 6 1163 1183 1 1 1211 1214 
39 13 104 36 253 5 93 61 293 1 9 61 91 1 9 96 117 2 32 151 230 4 39 201 337 1 22 248 284 3 21 261 329 5 37 271 374 8 54 342 463 9 90 371 577 7 42 394 551 12 59 416 563 7 49 419 550 1 1 449 455 15 60 502 690 7 60 540 733 8 64 605 760 3 32 612 701 4 62 701 856 10 68 730 964 14 80 749 973 4 75 790 950 11 121 824 1041 7 72 858 1072 8 56 881 1002 5 28 887 990 1 8 902 925 4 44 964 1069 8 50 973 1141 3 28 986 1060 11 95 996 1195 4 38 1004 1102 5 75 1008 1154 6 62 1020 1163 2 19 1072 1122 1 7 1088 1108 1 10 1122 1142 1 1 1206 1210 
40 9 112 12 231 5 74 49 231 6 49 81 193 2 21 146 224 3 61 152 261 9 69 164 337 5 18 190 305 11 99 212 390 10 75 219 394 8 67 237 432 6 49 264 462 10 87 276 465 3 20 315 375 5 52 340 462 10 117 378 558 11 46 412 574 7 71 420 572 1 2 427 431 12 61 460 688 7 62 463 622 7 46 571 714 3 36 576 670 11 112 642 853 4 38 770 850 3 22 821 881 5 46 875 969 12 78 887 1080 3 34 938 998 5 53 956 1123 7 87 1013 1193 4 24 1015 1084 3 29 1025 1114 3 22 1088 1139 4 21 1111 1188 3 20 1119 1204 1 1 1124 1129 1 10 1151 1178 1 1 1166 1173 1 1 1206 1210 1 1 1210 1213 
