15 106
6 60 70 44 219 37 37 352 453 51 90 356 516 16 24 480 518 15 15 529 578 57 106 885 1105 
12 54 58 22 196 15 18 75 114 21 21 237 291 2 4 407 416 35 41 418 550 12 14 463 493 63 63 729 882 1 1 737 740 34 34 1103 1180 10 10 1125 1155 1 1 1186 1189 2 4 1196 1206 
9 24 25 111 160 41 41 424 560 19 20 477 538 9 25 651 697 60 88 719 951 27 27 800 865 69 96 812 1000 3 5 1189 1201 1 2 1205 1210 
5 89 89 300 483 67 71 449 600 39 42 453 552 51 93 525 705 15 16 668 724 
10 5 6 64 85 25 25 155 224 21 38 260 336 11 26 271 321 57 68 721 890 34 72 778 928 6 6 889 914 66 77 1040 1198 2 2 1168 1173 9 9 1171 1202 
8 35 35 107 171 38 58 170 273 26 70 466 638 81 108 681 881 40 40 694 796 34 50 702 798 29 32 838 916 21 21 1099 1156 
8 6 10 91 110 12 38 227 324 82 82 244 419 60 84 345 539 29 63 398 514 49 77 404 555 14 29 521 581 7 14 1177 1202 
5 84 85 113 321 51 81 278 452 46 95 635 819 40 40 734 857 56 66 821 979 
5 53 53 28 161 98 98 86 279 46 46 641 742 2 2 789 796 34 34 799 953 
8 35 37 80 193 32 33 309 399 6 7 373 390 29 29 457 536 28 35 526 633 74 90 612 840 21 21 1046 1095 11 11 1069 1099 
7 39 52 13 115 51 51 215 350 35 51 303 419 52 52 310 429 41 46 806 903 17 17 902 936 18 23 1006 1080 
7 24 32 62 140 17 19 278 333 38 47 537 675 47 55 673 801 63 72 899 1096 63 63 963 1122 1 101 965 1172 
7 36 67 8 189 80 80 383 573 67 67 612 808 4 6 723 740 52 60 824 963 10 63 857 989 9 10 1133 1162 
4 53 70 510 691 62 92 810 1008 59 61 864 999 61 72 896 1048 
5 22 26 110 169 89 89 292 532 62 114 333 573 41 47 558 674 70 80 927 1166 
