15 127
11 12 12 72 107 58 111 77 333 10 14 111 148 43 43 146 239 84 84 160 387 62 113 325 580 10 10 461 499 62 79 586 786 1 1 791 798 73 73 1075 1252 5 5 1282 1296 
7 23 23 513 570 50 50 741 849 89 89 858 1112 59 111 879 1054 38 38 892 995 48 100 988 1158 63 76 1063 1256 
8 85 85 435 690 53 53 549 674 8 13 646 679 54 72 665 845 64 96 715 847 7 14 715 747 32 70 773 934 80 86 976 1191 
14 11 11 39 68 89 102 53 271 50 66 243 369 16 22 330 390 2 5 447 458 48 84 499 688 18 18 500 541 45 119 640 828 14 27 708 778 1 1 724 727 6 8 773 790 25 44 908 999 28 49 1031 1119 22 22 1255 1301 
7 90 90 239 472 49 53 472 583 73 73 537 745 30 77 567 717 77 112 768 1011 69 140 808 1028 41 41 1160 1263 
9 36 39 100 252 17 20 395 439 63 63 488 662 75 75 499 678 80 87 810 1039 4 8 956 976 29 47 966 1133 24 32 1031 1095 38 50 1167 1282 
6 19 24 556 628 119 119 671 933 98 98 700 930 79 93 944 1179 15 29 1010 1076 51 84 1043 1282 
6 63 64 271 532 58 64 524 748 78 78 592 757 109 109 631 869 35 58 843 975 29 38 1163 1270 
8 53 53 27 256 87 129 595 851 41 41 653 783 9 11 678 710 61 61 782 940 57 82 786 923 56 56 1140 1307 5 5 1280 1295 
7 87 87 10 266 69 92 46 285 40 40 224 325 50 52 557 692 73 73 733 950 52 101 802 954 56 56 993 1174 
9 54 82 141 304 35 70 162 333 44 64 560 683 75 75 563 760 95 95 651 862 27 35 674 759 71 80 786 1004 7 16 863 893 19 30 1130 1226 
11 15 23 69 124 31 31 185 265 8 11 186 212 8 8 328 354 29 29 446 568 51 66 541 738 2 3 579 589 23 23 586 632 113 113 611 870 59 63 702 923 122 122 895 1147 
7 111 111 298 547 67 86 329 489 25 35 527 591 27 73 535 681 28 37 793 864 76 83 845 1071 54 82 893 1119 
7 31 34 93 157 44 44 116 221 52 73 646 831 65 77 736 900 76 76 831 1066 121 121 987 1228 30 31 1130 1222 
10 22 41 8 69 28 37 479 601 99 146 590 824 65 68 818 997 4 9 869 900 22 25 892 943 29 29 945 1042 106 117 969 1222 9 12 1183 1208 34 49 1190 1287 
