15 52
5 42 57 101 226 9 29 110 187 23 23 219 299 51 72 361 541 10 17 983 1020 
2 33 55 405 529 93 93 834 1053 
4 55 86 273 471 19 19 520 583 10 10 545 570 28 33 884 955 
4 3 3 770 778 99 99 886 1068 49 50 991 1113 2 2 1068 1077 
2 58 58 922 1056 55 55 965 1078 
4 55 73 493 640 44 44 804 911 27 40 827 902 1 1 897 900 
4 46 69 253 425 24 24 462 513 34 34 817 910 4 8 1084 1098 
3 45 80 252 429 51 51 848 981 19 25 871 925 
4 71 88 90 264 42 45 556 686 22 61 568 761 5 6 1085 1099 
4 56 62 467 620 1 1 691 695 37 57 785 943 22 22 980 1053 
3 8 8 253 272 61 61 766 944 53 57 955 1095 
4 32 43 191 283 35 35 596 685 23 35 895 966 31 33 965 1055 
4 30 30 51 127 43 43 383 517 13 25 771 817 28 28 966 1032 
2 89 94 73 294 41 41 738 879 
3 4 5 111 123 79 100 339 553 49 58 630 781 
