15 305
20 10 82 19 221 12 89 89 294 11 96 178 395 14 119 191 402 10 58 271 426 5 27 310 384 1 6 411 428 2 20 512 550 7 103 569 784 6 36 602 708 1 11 640 663 6 38 675 793 4 56 772 885 5 59 814 935 8 49 924 1103 2 20 978 1032 3 44 990 1086 1 11 1010 1046 1 12 1076 1102 1 1 1094 1097 
24 1 9 142 164 11 81 152 332 2 39 177 273 1 10 357 384 3 34 374 456 7 81 410 533 12 128 426 628 4 44 477 560 1 10 478 499 3 27 507 566 8 112 533 739 1 9 533 551 3 25 548 612 8 64 550 719 7 77 702 846 2 12 759 796 7 47 791 922 3 35 842 926 1 21 855 911 3 14 858 899 5 49 870 1001 5 30 995 1089 1 12 1058 1091 1 7 1063 1086 
15 9 56 48 244 12 64 344 519 8 30 361 529 6 52 464 601 7 93 487 668 14 86 514 721 6 82 666 884 7 71 678 824 6 43 741 870 3 23 817 893 2 19 881 930 9 84 913 1107 1 2 975 981 4 28 982 1083 3 21 1047 1109 
23 14 44 94 316 5 55 107 240 1 3 111 119 11 105 169 353 2 13 243 282 3 46 305 396 1 8 336 358 1 17 395 447 4 46 502 602 4 32 513 591 1 2 528 536 5 73 621 782 6 59 690 888 1 1 759 765 5 35 775 891 6 33 793 902 6 52 795 944 6 56 813 939 6 46 844 950 6 35 923 1041 1 7 987 1009 1 8 1078 1102 1 16 1079 1111 
20 10 82 64 254 2 33 208 285 6 45 227 334 1 10 295 324 13 90 305 501 2 25 328 381 2 17 347 385 4 55 370 515 5 61 433 585 8 46 464 619 2 21 519 577 10 44 573 754 1 8 700 714 3 26 773 826 9 46 834 959 8 91 857 1056 6 74 904 1037 2 21 955 1013 8 72 955 1107 1 3 1091 1100 
24 7 33 10 129 3 44 16 110 9 58 35 209 5 29 54 135 4 82 284 491 2 8 320 388 4 33 323 399 1 5 324 340 8 35 326 461 5 55 375 491 3 59 443 556 1 1 476 481 6 86 574 777 3 41 593 669 7 85 646 824 3 18 706 759 11 79 734 953 10 77 792 954 4 31 863 947 1 29 930 990 1 45 966 1055 1 4 999 1007 1 33 1016 1087 1 7 1067 1083 
21 7 41 9 124 7 85 102 320 1 2 123 130 12 105 158 361 3 18 162 227 8 73 247 423 2 13 248 296 3 32 259 317 3 21 341 413 4 26 506 597 7 44 603 737 1 18 622 653 9 73 798 964 9 48 823 990 3 16 863 935 1 4 927 945 1 9 934 987 4 26 960 1036 7 45 974 1079 4 57 975 1084 2 21 1061 1108 
18 7 86 19 233 4 34 54 176 5 50 127 227 5 65 195 304 10 75 215 435 1 4 220 235 5 19 260 360 10 76 295 456 2 21 321 365 2 18 352 401 5 48 457 634 7 79 465 639 11 68 529 735 7 53 648 813 7 62 736 868 10 61 807 961 1 5 906 926 7 52 935 1061 
24 4 33 46 135 1 17 73 109 5 61 78 234 14 80 125 290 6 76 157 288 10 82 226 442 4 48 238 318 7 76 251 466 2 23 259 309 8 34 335 470 6 45 381 493 1 17 404 446 2 14 550 594 3 14 559 617 10 71 629 826 5 29 659 738 3 54 659 800 4 29 665 751 3 29 861 924 4 70 975 1111 1 17 984 1024 4 44 1009 1101 2 14 1031 1080 1 1 1075 1078 
17 5 50 62 201 10 62 172 329 11 84 223 398 7 51 249 407 9 72 343 555 1 14 350 378 11 95 538 742 1 4 593 601 4 33 603 750 4 28 614 680 8 81 637 820 9 76 720 886 12 75 793 1000 3 36 825 906 3 38 891 987 5 40 987 1092 1 1 997 1001 
16 10 101 25 238 3 34 134 273 8 42 184 380 10 91 201 396 9 78 245 409 10 95 311 526 8 43 347 476 2 21 352 412 9 91 354 571 3 18 560 627 2 11 657 693 11 67 660 848 10 94 844 1046 2 27 1018 1061 1 7 1038 1055 1 10 1074 1098 
24 2 22 0 51 8 90 134 291 1 10 270 296 1 19 312 358 1 18 340 371 1 12 353 395 7 78 398 530 10 66 461 680 1 12 603 636 3 15 612 677 8 54 669 828 4 40 672 765 11 83 718 917 8 59 796 999 8 73 800 963 8 66 832 1029 4 42 931 1098 2 42 944 1036 5 45 956 1035 3 26 978 1040 5 69 1002 1112 1 4 1050 1066 1 3 1082 1096 1 11 1083 1113 
20 3 21 45 111 2 16 46 74 5 31 164 262 1 12 171 206 3 34 278 345 7 62 282 464 5 35 358 455 10 73 474 641 10 56 475 667 6 71 496 638 5 34 623 722 1 21 694 735 14 77 785 976 2 20 810 851 6 32 901 997 4 32 962 1045 1 9 973 994 5 53 979 1105 6 63 1002 1110 1 1 1047 1053 
16 8 63 81 217 9 63 89 245 12 88 190 405 17 78 342 559 5 43 414 507 6 44 430 527 2 16 496 563 4 58 515 672 9 78 635 850 7 48 714 897 2 17 741 786 3 33 788 905 10 57 801 967 5 49 919 1009 1 7 1050 1072 1 3 1096 1106 
23 10 84 11 170 13 77 40 233 7 74 79 213 8 73 91 300 6 50 120 223 8 68 235 395 1 9 356 374 3 32 469 544 2 18 480 539 6 38 534 637 1 5 547 565 1 11 577 612 4 33 579 654 7 60 609 784 4 53 663 765 5 35 719 804 3 53 773 889 5 50 775 933 3 25 840 908 1 1 1044 1047 3 27 1047 1102 1 14 1055 1088 1 2 1104 1112 
