15 88
6 23 40 169 356 30 62 242 444 19 40 660 772 27 40 703 901 9 13 1052 1097 1 1 1104 1108 
9 6 8 181 207 3 10 341 370 15 17 385 442 27 27 447 537 1 1 552 559 6 8 560 591 23 30 639 764 31 43 718 903 6 13 1016 1059 
4 18 18 38 124 31 46 292 497 20 31 759 909 46 46 877 1085 
5 14 26 433 512 32 40 544 708 44 46 868 1054 37 37 885 1034 1 1 1108 1113 
8 23 29 20 133 8 28 377 483 1 2 624 630 31 41 679 805 11 30 684 777 23 39 695 851 15 15 986 1045 1 1 1090 1094 
7 7 10 39 66 55 55 144 344 25 37 291 401 26 39 382 545 18 21 883 971 21 21 963 1055 8 11 1003 1078 
8 5 8 119 155 7 8 295 335 15 43 368 492 10 18 489 555 23 24 635 770 39 50 741 945 8 13 951 986 5 5 1063 1089 
3 69 69 201 407 27 33 346 496 32 45 951 1094 
7 9 18 4 67 24 24 450 556 36 36 590 715 1 1 724 727 5 6 739 761 27 27 783 921 6 7 1034 1064 
5 41 59 154 352 43 46 540 722 10 16 618 670 14 21 808 926 10 10 945 1005 
3 44 44 188 336 22 30 318 455 44 62 449 631 
6 6 6 5 39 35 35 92 249 39 62 227 443 16 18 252 350 12 23 375 473 10 15 893 953 
5 5 5 266 292 46 46 502 664 34 49 686 851 16 22 893 1024 14 22 1008 1075 
5 14 26 488 567 23 23 510 608 33 40 778 928 35 45 850 1018 23 23 896 1010 
7 1 1 129 133 16 40 438 570 39 48 471 625 31 42 914 1112 11 11 1022 1073 10 12 1066 1113 1 1 1095 1101 
