15 158
11 36 36 9 228 23 63 133 291 48 81 135 356 7 12 300 334 2 4 469 483 18 60 697 801 22 26 807 908 54 104 826 1042 15 73 884 1034 4 11 994 1015 1 2 1197 1202 
10 10 33 1 85 11 35 82 145 28 70 177 394 17 28 216 299 39 117 436 642 34 57 557 687 29 41 718 911 31 60 1037 1174 23 53 1068 1192 13 17 1120 1180 
11 3 5 1 13 39 68 6 174 3 4 181 192 51 76 272 461 12 16 327 379 21 65 331 518 51 116 409 641 65 78 679 887 9 31 758 822 25 75 836 1004 6 10 1046 1074 
8 27 62 3 176 19 62 181 289 24 48 368 482 46 72 639 838 28 66 780 930 40 68 790 1021 51 56 1031 1209 1 3 1050 1058 
11 13 30 89 168 15 24 342 400 13 27 555 629 8 14 609 642 23 100 716 944 36 84 796 982 23 69 804 937 48 73 928 1103 30 49 1056 1176 34 68 1070 1194 4 16 1157 1185 
12 43 78 76 298 18 26 215 292 20 24 250 361 26 82 295 443 2 5 432 450 37 49 517 677 1 2 693 699 28 60 848 968 13 33 875 941 33 54 925 1071 6 11 1010 1034 3 4 1197 1209 
15 4 8 3 22 57 76 36 233 7 9 118 154 8 19 223 279 8 8 288 351 28 41 357 474 32 99 437 614 24 36 597 701 13 51 796 900 26 40 815 947 5 18 864 909 36 65 923 1072 11 19 1114 1168 4 8 1142 1166 2 4 1195 1210 
12 41 80 47 235 1 1 50 53 22 47 305 449 21 72 325 518 19 30 330 436 61 73 558 765 18 47 601 733 26 49 767 898 42 65 853 1002 11 18 1101 1168 2 5 1103 1115 1 1 1203 1206 
7 34 83 2 181 9 17 115 149 52 87 233 460 50 68 370 533 54 102 759 995 31 53 874 997 1 4 1175 1187 
10 39 82 108 254 36 60 113 304 29 72 351 492 20 65 556 652 6 33 569 666 47 47 754 945 38 82 891 1086 15 51 936 1052 1 1 1198 1201 2 3 1202 1212 
10 18 56 90 203 4 12 384 414 68 94 544 762 3 10 567 593 50 91 789 994 43 101 795 1006 26 42 813 939 6 9 916 953 4 12 927 966 13 38 936 1042 
13 32 54 119 255 15 40 129 217 5 6 180 203 42 94 450 663 43 43 613 805 19 43 717 812 20 31 718 784 9 36 807 883 19 41 850 942 3 9 965 981 31 64 1038 1148 21 25 1087 1170 2 6 1185 1198 
9 17 44 282 388 26 35 439 557 26 47 461 598 11 31 532 603 16 25 623 684 32 78 841 1032 36 90 841 1047 46 87 919 1142 21 69 1014 1153 
9 45 133 67 305 16 25 153 223 40 60 159 372 8 12 466 508 3 3 514 524 16 41 784 919 60 113 809 1049 25 57 1005 1171 35 87 1011 1150 
10 34 62 99 269 35 90 301 496 9 9 324 370 32 72 648 831 14 21 688 754 44 91 688 911 6 14 787 830 30 53 942 1058 9 18 988 1030 17 38 1074 1160 
