15 231
18 19 26 95 179 29 38 119 297 18 18 257 322 19 19 418 519 46 56 469 699 3 5 537 558 33 42 554 703 1 2 568 576 25 39 602 789 18 18 720 787 30 30 736 919 7 20 812 874 52 77 851 1093 32 48 948 1097 13 14 1027 1131 36 72 1063 1276 9 11 1242 1278 1 1 1277 1281 
15 5 5 107 134 2 3 276 294 57 57 342 569 11 39 443 587 29 43 476 634 53 94 609 870 54 54 653 852 24 26 709 915 56 71 712 949 41 77 776 1026 13 19 887 960 13 15 936 995 18 21 1082 1183 14 20 1103 1175 19 29 1154 1251 
16 16 32 215 352 50 52 245 501 16 20 245 330 35 49 329 487 57 71 359 597 41 78 425 640 3 4 494 505 28 51 615 786 33 39 936 1115 20 21 964 1054 5 8 994 1019 4 4 1057 1081 1 1 1089 1094 35 35 1102 1242 39 46 1103 1260 1 1 1305 1310 
11 9 9 9 37 50 50 35 212 46 46 197 421 50 84 198 448 23 38 328 489 39 49 526 714 53 53 582 821 43 62 907 1141 38 48 908 1055 15 25 958 1061 1 1 1311 1314 
16 43 64 79 287 42 42 175 339 1 1 184 188 10 21 298 406 40 57 316 515 20 23 331 427 26 59 487 748 34 34 561 718 5 7 665 693 52 75 684 931 9 28 739 811 7 9 878 912 34 34 901 1023 10 11 931 965 1 3 1104 1113 28 30 1172 1305 
15 20 20 32 131 23 26 74 215 25 30 284 400 29 36 367 499 9 12 385 433 18 31 407 530 23 45 410 565 56 59 689 948 47 47 1020 1225 58 58 1036 1283 30 30 1099 1245 7 12 1108 1161 15 18 1150 1244 4 4 1226 1269 2 2 1295 1308 
12 19 40 127 212 44 61 146 376 4 5 301 330 42 64 559 766 15 24 638 725 31 31 770 921 56 76 869 1122 40 40 876 1028 53 53 987 1244 31 44 1056 1216 12 17 1105 1170 42 49 1132 1312 
15 14 27 98 188 45 45 175 324 12 19 461 529 28 33 465 591 26 26 527 657 27 33 633 782 21 32 652 797 47 65 676 920 31 40 822 940 22 44 862 991 39 47 892 1109 40 45 902 1082 3 4 1202 1217 6 14 1211 1256 3 5 1246 1268 
18 19 19 8 98 34 34 33 186 57 73 220 462 5 5 357 376 10 21 391 445 39 39 500 707 7 9 619 658 20 50 640 810 21 37 761 885 30 33 806 952 2 2 888 899 1 3 1074 1085 45 81 1081 1311 7 7 1105 1131 38 49 1141 1312 18 18 1164 1228 11 12 1230 1282 6 13 1252 1287 
19 6 8 22 61 13 16 38 112 48 63 39 265 47 55 236 474 1 3 348 360 35 49 364 574 2 2 414 422 3 4 563 594 1 1 655 662 5 5 660 687 6 16 689 737 48 51 755 997 33 41 858 1009 18 41 875 1015 51 51 953 1137 9 15 1145 1214 13 16 1183 1235 19 19 1189 1261 7 7 1279 1309 
18 18 18 46 117 31 37 51 252 1 1 289 296 11 16 465 530 36 56 547 707 24 44 557 694 53 57 560 805 6 8 607 649 17 45 820 960 19 45 856 993 45 45 880 1083 25 55 881 1038 10 16 1005 1071 11 13 1041 1095 41 48 1058 1259 14 35 1099 1212 11 13 1259 1307 6 6 1282 1311 
18 45 45 18 218 30 51 211 387 40 77 272 504 11 33 276 418 18 21 298 385 11 17 443 496 61 73 471 715 1 1 474 484 7 7 515 551 43 90 574 826 12 14 673 749 11 24 752 839 40 96 852 1113 28 28 920 1009 27 69 949 1191 3 6 1114 1133 3 4 1234 1251 1 1 1308 1314 
14 54 54 35 216 31 64 136 350 55 86 205 458 10 16 220 267 2 4 230 243 24 24 344 446 25 39 628 757 33 71 903 1116 32 55 904 1148 58 91 918 1158 11 12 944 1020 22 53 1078 1259 9 9 1256 1293 1 1 1298 1302 
12 35 46 73 249 46 46 113 326 34 63 120 356 3 6 133 162 36 46 143 313 23 41 314 453 30 30 555 682 35 55 615 864 40 51 653 877 61 65 712 971 13 13 752 810 7 7 1156 1184 
14 57 57 20 231 27 29 95 214 29 29 201 310 68 78 317 567 24 24 474 608 1 1 507 511 17 35 521 644 38 38 538 695 9 9 832 890 27 48 943 1103 11 20 1019 1098 39 49 1028 1234 17 69 1046 1270 3 3 1082 1101 
