15 145
11 33 44 170 333 12 34 181 309 35 49 196 380 46 46 663 885 36 65 680 921 3 4 909 922 40 65 965 1197 13 21 1017 1085 5 8 1030 1066 1 1 1198 1205 1 1 1208 1212 
13 6 6 26 56 5 14 178 228 14 15 214 284 15 22 233 339 45 54 464 690 26 43 556 747 26 54 652 868 15 23 657 732 19 19 695 769 6 10 759 789 19 24 1029 1110 23 23 1085 1178 10 15 1091 1144 
8 56 56 88 292 9 11 112 177 49 56 141 352 19 28 475 615 52 52 558 793 25 53 705 933 17 17 1092 1160 3 3 1189 1200 
7 39 39 32 187 13 20 79 160 56 85 410 628 37 50 461 648 22 23 586 716 54 55 742 952 3 3 1200 1214 
6 21 23 61 159 55 55 294 531 33 33 492 626 36 83 749 948 67 67 793 1012 17 22 801 884 
11 11 34 287 401 6 6 333 358 27 27 764 861 22 22 776 871 29 34 778 945 4 4 820 855 25 50 823 995 27 51 892 1078 34 41 894 1090 63 63 894 1122 11 17 1000 1056 
11 38 59 137 362 30 30 339 475 5 9 347 400 10 18 388 469 2 4 503 523 2 2 640 654 7 9 720 758 39 78 775 1013 45 67 812 1025 28 28 887 1007 8 15 936 1040 
12 1 1 227 234 49 49 314 484 25 31 332 507 51 51 449 686 16 16 587 653 21 38 754 905 6 7 756 780 30 30 760 928 4 7 873 902 23 26 908 1017 4 4 1166 1186 1 1 1192 1195 
8 18 24 92 181 21 52 117 287 33 42 170 343 28 51 295 462 9 13 610 673 44 58 630 851 16 17 745 814 52 58 989 1187 
12 4 8 217 250 27 28 275 401 20 27 502 617 28 41 597 809 24 34 637 752 40 70 696 930 11 11 727 781 54 62 856 1097 5 5 923 943 1 1 1088 1094 4 4 1113 1129 1 1 1195 1199 
9 32 53 188 362 29 29 370 497 46 57 395 557 9 14 415 471 46 46 511 707 23 45 580 720 24 27 934 1050 15 15 1151 1210 1 1 1207 1211 
9 19 38 38 169 31 31 146 283 20 25 252 340 51 51 290 519 33 80 416 637 21 21 428 506 29 53 912 1054 16 28 939 1058 20 20 1002 1086 
10 1 2 86 96 42 42 217 406 37 50 246 397 24 24 410 539 22 55 471 607 25 45 473 619 5 20 555 603 40 82 846 1086 45 45 881 1068 1 1 1153 1157 
11 19 23 52 133 36 36 53 248 10 11 65 105 1 1 344 349 41 41 551 704 16 44 580 748 15 29 692 781 55 55 714 870 28 44 890 1069 1 1 909 912 2 2 1119 1129 
7 41 49 46 253 53 55 100 336 6 8 138 172 36 44 175 339 18 24 845 992 44 44 963 1132 16 37 1093 1199 
