15 254
22 3 9 39 68 2 12 110 144 39 39 165 311 18 44 236 323 9 25 325 381 5 12 397 423 19 100 416 576 11 14 446 498 47 53 452 645 14 31 509 587 32 68 558 730 40 94 652 862 5 10 670 695 15 19 748 842 12 28 871 929 1 2 893 899 28 61 931 1065 42 65 975 1135 10 20 1041 1111 7 12 1147 1177 17 25 1162 1247 7 17 1202 1252 
19 31 83 27 249 13 21 35 103 24 50 130 234 17 17 162 235 4 6 191 216 49 65 298 506 14 31 342 423 23 52 640 748 53 80 651 865 33 64 671 893 8 29 777 850 41 79 828 1029 8 16 929 968 13 40 953 1029 24 24 1050 1122 13 15 1161 1209 1 2 1263 1269 3 5 1291 1305 1 2 1303 1310 
13 24 66 4 114 40 115 11 211 13 23 44 130 47 81 162 380 39 60 270 439 54 94 405 613 16 41 536 651 47 71 618 764 16 50 722 804 31 60 829 996 23 51 900 987 49 72 901 1107 2 5 1084 1104 
18 19 36 56 159 32 82 175 373 55 67 339 556 35 57 379 533 27 64 555 712 39 62 612 796 5 11 617 645 8 25 622 691 16 85 730 904 1 7 804 820 50 123 912 1163 7 15 948 980 18 69 1069 1204 23 30 1129 1246 22 25 1173 1266 9 17 1173 1220 1 1 1277 1286 1 1 1312 1315 
20 15 37 23 187 64 64 142 356 15 49 304 388 15 81 314 467 26 38 399 526 28 121 413 643 28 49 458 631 50 139 546 809 22 70 551 743 1 1 605 609 19 51 631 738 4 8 747 767 23 69 831 971 9 16 995 1035 48 69 1102 1302 8 15 1137 1178 42 68 1154 1304 3 6 1288 1303 1 2 1293 1300 2 7 1301 1315 
16 13 30 40 114 12 27 90 141 15 20 182 246 40 145 259 518 49 49 449 629 14 36 633 720 34 91 676 836 15 51 725 819 42 104 727 971 29 96 781 1016 22 22 825 936 53 67 873 1123 11 18 879 933 37 73 906 1133 3 5 1265 1283 3 6 1300 1313 
16 54 139 139 396 59 99 175 430 60 102 210 467 3 5 281 297 1 4 364 378 51 51 622 830 9 15 689 724 44 85 753 923 35 47 780 982 13 21 907 970 37 68 979 1141 11 34 992 1047 24 35 1009 1098 12 34 1148 1219 2 2 1245 1255 2 4 1276 1290 
15 37 43 49 223 10 22 73 142 4 10 104 123 14 20 387 451 35 86 567 723 52 110 590 820 21 43 805 908 34 34 928 1070 36 79 933 1120 44 61 1056 1279 32 50 1073 1208 38 75 1078 1290 12 20 1125 1177 21 42 1180 1292 7 7 1255 1282 
15 31 68 118 295 23 43 130 217 14 17 288 372 71 121 506 768 3 3 509 523 20 81 574 730 16 57 721 835 45 58 866 1125 57 98 950 1142 38 90 961 1162 30 30 971 1096 2 19 1177 1206 12 20 1201 1250 4 5 1267 1287 1 1 1289 1294 
19 5 15 21 46 18 30 41 124 38 90 97 267 38 64 122 291 19 28 185 260 8 21 369 418 41 51 434 645 30 64 478 629 2 3 593 606 14 59 638 794 18 21 658 757 13 29 786 865 6 19 919 959 21 38 955 1038 28 108 971 1163 34 41 977 1111 58 59 1021 1253 4 11 1270 1296 3 5 1286 1301 
20 4 8 28 49 1 2 45 52 28 91 56 300 47 55 102 272 8 17 165 201 19 76 201 392 13 19 296 373 5 13 462 488 19 39 580 693 24 32 617 737 40 50 679 868 2 6 721 738 19 71 724 890 35 113 765 1010 13 27 783 838 24 50 807 946 21 28 841 937 23 62 959 1107 29 41 983 1110 1 1 1240 1244 
13 33 55 120 280 67 74 215 455 21 64 365 473 32 75 386 566 24 67 546 689 6 14 558 590 4 10 632 654 45 85 651 818 24 70 691 810 10 30 842 902 46 100 939 1194 31 71 1090 1246 37 38 1162 1298 
17 49 59 109 298 10 14 152 194 23 81 181 396 3 3 346 361 59 101 393 612 18 53 453 574 25 58 517 656 15 20 538 602 30 81 655 890 30 68 697 900 32 50 789 900 16 67 841 958 13 29 857 919 4 13 1013 1055 32 66 1050 1232 16 46 1099 1218 10 22 1228 1281 
13 34 54 61 212 17 29 79 178 1 1 279 282 26 26 304 449 17 41 555 673 41 75 644 792 64 126 681 929 12 22 723 784 23 45 830 965 58 106 899 1144 33 103 1037 1249 37 122 1057 1281 4 8 1207 1234 
18 36 51 5 165 14 66 137 289 15 27 164 259 32 58 170 349 23 69 227 358 21 45 264 393 87 87 503 744 32 83 607 862 17 22 696 774 2 12 738 762 6 15 885 919 55 55 1013 1240 7 10 1028 1051 6 18 1140 1175 3 7 1222 1241 5 11 1263 1289 1 1 1288 1291 1 1 1311 1314 
