15 71
5 25 25 126 277 39 88 179 374 6 18 426 462 24 42 897 1015 15 29 934 1018 
5 35 44 43 172 37 66 110 272 36 59 725 873 1 3 758 766 15 36 1012 1070 
6 16 22 104 170 12 21 512 581 21 54 618 721 36 71 635 787 16 26 845 913 21 41 932 1042 
4 14 25 137 191 38 108 229 422 34 59 264 402 47 82 564 760 
7 28 60 212 362 30 45 264 381 30 54 600 734 10 22 718 761 6 18 1046 1077 1 4 1100 1110 1 1 1109 1113 
4 13 32 432 501 49 77 448 651 27 49 795 908 16 32 878 942 
4 24 24 177 270 18 25 319 448 4 8 420 443 61 75 576 774 
5 30 93 58 219 17 17 262 319 20 38 521 638 29 62 857 978 29 36 922 1051 
4 40 79 75 287 3 8 286 308 49 66 727 898 12 22 991 1087 
5 25 46 730 856 18 29 773 903 47 110 839 1052 1 2 925 934 26 44 999 1093 
5 6 26 23 92 50 71 138 326 18 43 383 509 29 41 939 1051 4 16 1009 1048 
3 24 100 430 589 24 39 734 853 67 76 789 984 
4 2 5 63 80 50 66 97 317 32 32 364 527 32 54 570 734 
5 27 31 126 274 35 68 668 811 32 46 865 1004 8 23 1016 1067 3 8 1052 1070 
5 41 90 267 480 48 79 305 518 21 51 404 544 11 21 741 784 4 13 800 827 
