15 161
11 10 11 93 144 22 69 241 396 13 16 334 387 3 10 366 388 47 80 507 747 2 6 573 586 5 20 605 659 28 96 747 965 65 135 844 1090 30 50 872 1001 1 3 1222 1230 
11 48 68 57 251 12 23 85 181 14 25 131 196 19 85 167 296 4 9 260 281 41 89 382 572 30 33 402 533 13 41 532 646 16 33 582 666 8 10 1026 1063 17 17 1170 1232 
13 44 145 32 273 20 67 93 209 5 9 100 121 26 40 335 447 41 98 431 644 20 30 446 530 27 48 447 577 23 36 526 620 28 46 762 892 3 4 932 944 6 9 1176 1220 2 14 1189 1217 1 1 1197 1201 
12 20 72 4 198 26 58 139 300 22 35 233 326 5 8 298 325 6 18 439 477 10 31 491 576 27 59 620 754 31 47 709 812 37 67 736 891 19 38 841 929 30 48 1012 1166 3 11 1162 1182 
8 43 90 95 267 25 66 136 353 58 74 723 961 56 78 940 1124 26 35 947 1066 3 9 1028 1048 38 57 1073 1208 1 4 1205 1217 
10 58 67 108 337 34 40 223 362 30 45 366 488 3 4 401 418 38 65 601 753 32 57 882 1048 6 14 883 921 20 54 949 1046 22 40 1027 1121 1 1 1215 1221 
13 42 89 34 260 3 7 57 72 22 35 67 166 32 48 138 279 18 30 442 544 21 47 478 595 12 22 485 541 20 45 542 644 3 5 695 707 14 31 736 833 25 27 924 1055 7 12 1192 1225 1 3 1212 1221 
9 9 14 132 161 9 13 206 252 33 63 443 605 50 86 506 742 29 33 509 644 25 105 662 867 4 42 814 917 18 28 926 994 36 89 984 1182 
15 13 15 3 58 5 6 151 182 43 75 232 380 11 30 377 441 26 65 627 741 25 60 646 785 1 1 817 822 30 30 830 965 1 7 988 1005 15 45 1019 1112 26 87 1034 1222 14 16 1113 1182 2 7 1129 1143 2 3 1182 1191 4 7 1202 1225 
16 7 7 113 136 4 7 154 170 10 27 192 245 3 5 221 239 46 46 399 596 15 34 432 522 27 78 504 730 13 30 557 619 13 22 612 693 39 70 638 822 17 27 890 953 40 78 981 1199 2 8 1045 1063 4 5 1117 1134 2 4 1185 1198 1 1 1222 1226 
8 53 67 97 300 1 3 131 137 20 36 397 478 34 82 501 688 19 19 632 714 57 96 709 934 22 75 773 948 19 54 896 1032 
10 28 43 4 137 34 57 192 377 45 78 685 872 8 20 830 877 40 94 881 1087 22 52 940 1073 13 13 1027 1089 9 34 1115 1187 14 34 1140 1214 1 10 1192 1226 
8 17 31 246 324 12 31 273 351 35 48 542 751 21 40 701 816 45 104 768 980 47 88 793 1028 37 49 837 1021 2 4 981 995 
9 6 10 74 107 31 49 76 236 65 93 129 331 25 81 296 540 47 47 782 994 5 14 834 863 12 37 926 1065 18 31 1005 1099 4 8 1200 1224 
8 15 23 38 111 43 54 66 283 22 29 160 251 44 61 521 700 33 33 557 744 25 38 706 807 11 16 746 807 39 79 798 961 
