15 160
14 32 51 87 280 30 30 130 209 21 32 339 406 19 51 649 811 55 59 678 854 49 86 739 908 7 7 769 786 61 85 825 1026 23 23 870 934 51 52 978 1146 30 38 1035 1137 3 3 1246 1258 32 32 1261 1329 1 1 1332 1335 
9 112 112 42 251 82 103 91 347 31 45 110 193 19 19 342 384 74 74 349 515 13 17 602 649 72 87 994 1258 1 2 1220 1226 23 34 1243 1314 
12 54 54 63 204 43 43 113 217 6 13 234 261 16 16 266 304 69 83 344 541 67 67 587 720 56 76 631 768 3 5 693 704 1 1 743 747 33 35 876 961 49 49 1091 1232 19 33 1164 1229 
11 59 59 47 186 48 64 383 517 50 56 500 635 87 123 577 817 26 40 654 753 127 127 679 944 25 30 893 944 7 7 951 971 18 18 1133 1182 23 23 1228 1292 6 10 1277 1299 
12 91 131 306 551 52 67 369 492 28 28 430 518 23 59 559 666 5 5 589 606 26 45 625 708 23 57 940 1066 57 57 980 1101 23 47 990 1070 63 63 1121 1265 39 39 1146 1222 10 10 1293 1311 
12 4 4 20 32 39 48 66 280 15 18 316 363 30 30 435 520 18 30 645 717 2 4 832 843 67 67 864 1025 81 93 889 1132 94 94 993 1254 37 40 1008 1117 28 28 1060 1156 27 27 1215 1314 
11 2 2 25 30 59 59 68 205 35 115 247 471 17 19 319 375 85 95 422 673 25 35 493 574 20 39 525 604 40 57 746 855 21 26 811 891 72 133 909 1160 43 63 1115 1229 
10 74 95 153 379 37 51 242 350 63 63 330 462 76 106 508 714 52 95 559 752 40 87 599 771 24 34 1086 1178 1 2 1195 1202 1 2 1205 1211 20 31 1267 1334 
10 58 77 33 247 77 99 39 276 6 16 66 95 35 38 178 314 46 46 208 285 30 30 289 360 43 77 386 549 31 32 739 840 28 28 920 986 58 90 1087 1249 
12 36 65 56 173 26 42 83 253 1 2 188 194 72 114 297 529 29 35 404 486 42 76 445 618 101 119 470 724 15 28 799 863 48 48 845 965 52 59 882 1039 7 7 1153 1182 4 6 1275 1287 
9 2 2 283 289 87 89 287 511 48 48 312 437 103 119 356 592 76 82 453 670 4 4 742 754 16 16 1100 1152 86 86 1134 1307 21 23 1216 1280 
9 30 40 113 206 111 111 251 515 51 52 362 488 16 16 639 680 11 24 769 826 44 44 788 898 37 37 799 890 77 77 1062 1259 9 17 1217 1251 
10 46 49 289 435 10 15 324 369 22 24 652 716 107 107 782 1015 74 74 891 1061 67 67 964 1133 52 52 1144 1256 24 24 1167 1217 7 9 1285 1309 2 3 1319 1327 
9 62 108 110 351 47 47 354 472 97 97 388 573 30 30 578 665 114 114 821 1057 9 9 988 1015 76 78 1025 1206 31 58 1119 1217 19 22 1221 1276 
10 99 99 236 451 10 10 259 286 37 38 377 457 60 65 608 785 49 61 666 772 41 68 762 915 82 82 974 1172 59 109 1064 1309 33 33 1180 1276 5 6 1240 1257 
