15 85
6 53 61 38 232 5 9 43 90 10 10 92 146 21 35 101 240 13 13 170 229 3 3 536 557 
8 15 17 86 159 21 21 253 372 44 44 369 509 13 13 460 519 5 5 506 533 15 15 615 667 6 8 886 928 2 3 1065 1078 
6 41 63 101 273 12 12 313 370 48 51 388 544 3 4 888 901 9 9 904 951 1 1 1064 1071 
6 25 35 148 317 10 14 238 294 31 31 309 450 23 23 509 585 9 9 781 815 23 50 860 1032 
5 10 10 70 113 16 16 546 611 27 34 591 797 44 49 900 1076 6 9 994 1032 
4 47 47 372 574 17 17 754 810 42 42 852 1071 9 19 925 1017 
5 2 2 197 216 27 27 401 515 41 51 441 657 31 31 548 659 4 7 996 1019 
7 16 18 91 167 12 16 327 377 41 41 565 739 9 15 1016 1076 13 13 1043 1125 9 13 1056 1113 5 5 1067 1123 
5 14 16 77 147 36 36 493 648 2 2 610 625 36 38 724 903 12 15 940 1018 
5 42 69 282 500 7 8 294 326 20 27 448 548 27 27 892 1000 9 12 1052 1091 
6 30 37 24 175 14 17 248 322 25 35 297 421 16 25 517 635 2 2 960 972 20 20 1020 1112 
7 19 22 98 194 2 3 178 195 23 32 181 317 31 31 251 361 20 41 355 479 12 19 859 945 1 2 1115 1124 
4 19 20 78 156 67 67 479 696 25 25 559 733 32 41 917 1106 
6 20 47 565 724 40 40 581 750 10 22 760 853 27 27 941 1038 9 19 977 1057 1 1 1017 1023 
5 43 43 140 333 23 30 190 290 1 1 548 552 42 52 650 819 12 37 681 845 
