15 193
12 14 17 13 74 4 4 45 61 13 13 172 245 56 56 358 583 22 39 443 620 17 21 703 788 29 35 714 863 28 28 908 1081 36 43 919 1090 41 47 975 1170 4 4 977 994 1 1 1155 1158 
10 4 14 7 55 39 39 179 337 23 58 253 415 40 89 505 732 3 3 694 706 12 23 711 793 57 87 769 1003 46 56 821 1027 9 11 1105 1144 10 12 1133 1180 
11 12 25 67 147 10 14 356 417 22 28 384 515 57 57 424 670 36 49 593 754 7 34 713 839 49 49 756 912 26 38 1017 1168 19 36 1080 1205 13 15 1088 1152 4 4 1193 1211 
11 28 37 23 188 15 15 175 250 18 26 280 390 14 24 672 756 17 33 694 841 16 16 717 813 14 23 751 826 46 63 790 975 19 19 916 1011 11 27 941 1047 43 48 1006 1228 
12 42 54 1 194 35 50 47 248 47 47 170 373 1 1 218 221 38 54 259 462 5 5 456 488 33 33 494 607 4 4 586 609 4 4 690 717 18 18 797 872 7 12 848 893 9 18 991 1046 
15 6 8 61 99 24 33 117 249 29 64 130 343 16 18 144 234 43 43 311 506 8 8 312 344 29 31 334 465 1 1 383 388 3 7 398 426 13 22 435 502 5 9 443 479 49 65 500 745 8 15 595 638 38 38 604 748 1 1 800 805 
13 43 43 24 193 41 41 196 369 12 27 201 287 31 31 324 501 10 13 397 464 10 12 551 597 16 16 878 945 38 42 889 1114 18 21 993 1103 19 26 1037 1121 7 7 1098 1131 5 6 1200 1228 1 1 1204 1210 
12 1 2 0 10 16 35 119 260 4 11 195 236 31 45 242 385 13 13 407 474 16 26 561 689 12 12 667 741 44 49 736 916 40 56 787 968 31 31 812 952 45 49 1011 1212 21 30 1054 1154 
15 29 29 128 348 1 2 139 147 2 3 249 258 10 44 335 490 9 9 390 447 63 63 577 811 17 43 588 729 21 26 639 786 1 3 649 658 3 4 698 712 29 30 868 984 17 26 968 1054 4 4 1026 1055 29 43 1035 1199 29 29 1102 1232 
14 23 43 32 157 15 23 204 288 11 11 207 251 45 79 333 543 53 53 347 555 36 50 445 663 5 10 702 742 10 10 857 905 30 35 927 1055 3 3 1009 1025 5 7 1057 1090 19 29 1074 1176 4 13 1096 1145 9 30 1102 1185 
11 39 44 87 276 24 38 132 250 42 42 153 373 14 15 222 305 32 90 319 556 17 29 441 518 16 28 514 613 1 1 622 630 35 35 762 914 1 1 879 888 34 47 965 1102 
12 5 6 1 30 2 2 40 51 5 7 69 94 15 22 159 241 15 37 305 461 35 51 408 595 9 20 655 710 50 50 712 869 46 59 722 935 1 1 782 786 33 89 818 1038 34 46 977 1197 
13 1 3 227 242 5 5 353 387 28 29 603 735 41 41 604 850 21 33 643 762 32 38 752 945 28 28 867 955 27 28 1022 1141 20 27 1054 1193 1 2 1054 1064 14 22 1074 1159 20 22 1130 1212 3 3 1155 1167 
18 8 23 19 81 41 41 169 349 4 11 365 401 23 28 417 549 2 5 532 545 23 31 561 709 14 18 691 764 44 44 729 895 16 17 766 865 12 12 824 865 10 15 895 950 17 60 940 1150 9 16 995 1052 8 15 1121 1176 13 13 1140 1191 16 24 1146 1232 11 16 1162 1222 2 2 1189 1204 
14 26 34 29 188 4 7 79 103 4 21 86 162 2 4 103 122 43 47 254 452 1 2 524 532 40 40 532 682 43 43 555 698 32 35 897 1041 1 1 919 928 12 24 924 1034 23 43 945 1103 4 5 1020 1046 21 35 1058 1169 
