15 716
48 7 82 27 259 1 5 82 95 1 2 169 177 4 26 192 283 7 56 207 302 1 3 229 240 4 48 234 337 3 44 330 431 5 70 350 561 11 77 379 575 1 5 383 397 9 104 393 589 1 4 395 407 4 38 431 503 2 15 449 502 13 78 500 715 8 51 506 744 16 94 508 751 4 55 549 665 9 80 567 765 4 42 650 750 3 36 663 731 12 43 669 870 11 69 674 849 1 3 744 756 1 1 755 758 15 98 757 980 8 66 759 955 1 37 763 836 3 23 803 863 1 11 827 853 4 31 843 931 1 10 859 884 1 1 880 883 13 100 884 1107 1 4 906 918 15 64 926 1104 1 4 968 980 5 81 1005 1154 3 17 1008 1066 14 125 1023 1225 2 31 1032 1096 12 81 1038 1228 4 55 1045 1161 5 35 1083 1172 1 13 1119 1166 1 2 1150 1155 1 2 1195 1203 
53 2 16 44 89 8 65 70 251 2 29 99 217 8 29 141 352 3 32 154 235 1 11 160 189 2 20 160 210 5 65 165 302 5 105 266 470 5 62 278 384 10 79 286 502 1 6 287 316 5 28 291 392 2 24 305 374 16 86 360 597 7 55 391 517 5 52 428 539 4 47 496 636 7 43 526 658 5 55 537 656 6 48 546 683 4 28 584 658 10 116 590 797 5 82 595 758 2 24 669 734 8 75 673 860 3 40 676 768 13 60 691 932 6 39 700 803 1 30 707 762 2 32 720 779 2 11 726 772 9 65 746 971 4 46 787 901 1 9 806 826 8 52 806 975 1 10 831 867 6 66 900 1063 7 87 956 1152 10 82 989 1193 4 66 998 1176 3 51 999 1103 6 22 1000 1145 1 2 1023 1028 11 56 1027 1221 1 11 1052 1073 3 15 1062 1125 2 21 1083 1126 1 3 1129 1141 1 3 1139 1145 1 8 1154 1178 1 2 1204 1209 1 3 1219 1229 
46 2 26 4 60 4 50 6 115 1 17 24 57 7 63 28 176 2 20 46 98 5 73 66 260 7 78 70 273 7 54 86 197 11 86 153 346 11 126 167 380 1 9 168 186 3 24 184 244 12 92 309 512 1 5 311 323 10 96 323 533 12 37 369 557 5 47 372 494 3 22 374 442 8 57 420 583 1 12 437 472 2 18 469 514 9 42 581 770 2 78 583 745 11 78 594 766 6 59 614 772 7 48 619 744 8 95 655 891 9 62 705 848 8 95 729 937 5 34 759 854 5 28 800 892 11 90 831 1017 2 21 860 901 9 64 873 1015 7 41 889 1006 1 8 907 946 4 30 908 997 4 41 940 1029 1 8 1035 1082 5 35 1038 1216 9 65 1051 1222 6 39 1077 1204 1 4 1108 1118 3 18 1130 1204 2 13 1134 1171 1 4 1220 1232 
53 2 19 1 46 2 22 40 110 3 37 116 233 5 67 119 306 1 5 138 153 6 63 145 317 1 11 161 200 6 36 172 282 5 40 180 302 1 8 200 232 6 47 232 379 1 6 246 263 4 40 254 360 4 25 274 349 4 30 284 360 1 6 292 313 7 113 295 511 4 21 324 388 10 61 342 558 3 12 357 434 2 26 380 451 9 73 384 610 4 21 402 486 3 46 417 512 4 43 422 517 2 41 424 516 8 64 426 562 11 114 471 703 6 70 478 610 2 19 544 595 7 34 579 708 4 60 580 705 3 33 582 658 5 122 622 856 11 91 632 839 7 41 664 811 2 53 683 800 6 66 745 963 5 66 748 898 10 102 749 976 8 64 777 974 6 68 800 922 3 24 803 860 6 52 860 1025 7 81 870 1048 1 9 979 1008 9 58 990 1209 1 3 1041 1054 7 61 1080 1229 5 30 1094 1198 2 18 1134 1189 2 13 1162 1199 1 4 1213 1226 
44 1 3 108 120 4 41 111 256 8 55 230 392 5 54 248 344 9 85 250 434 1 5 255 268 4 42 257 341 2 35 309 395 11 96 341 518 3 23 342 401 6 81 343 524 3 33 345 415 10 67 353 521 5 67 386 536 1 18 387 428 6 88 413 606 11 155 434 668 4 31 451 524 3 35 470 554 2 22 482 542 4 51 496 620 7 42 532 642 10 63 541 774 10 33 622 767 2 28 674 757 8 90 731 976 10 105 780 1006 1 13 784 813 11 73 792 1015 7 74 810 987 14 96 859 1073 10 95 873 1067 9 97 879 1057 10 31 881 1068 9 71 937 1119 8 31 950 1065 1 9 952 970 5 48 973 1083 3 49 1027 1148 5 47 1113 1211 4 36 1128 1221 2 13 1147 1196 1 1 1198 1202 1 1 1227 1232 
45 2 24 31 98 1 13 55 89 10 17 73 222 1 12 80 110 3 15 121 181 3 19 127 180 11 93 154 338 9 98 191 380 11 75 195 354 4 73 229 382 5 35 237 343 17 108 255 483 5 105 345 537 3 40 353 443 1 15 355 389 1 13 356 383 14 69 358 585 12 95 519 728 10 67 526 749 4 39 542 656 1 23 586 636 2 24 671 735 4 65 693 804 5 13 717 810 3 30 731 799 3 27 750 812 8 86 787 966 10 71 821 990 7 48 835 1054 12 111 835 1056 14 109 836 1055 1 11 848 874 1 1 865 869 6 90 888 1101 16 118 969 1215 6 76 1021 1194 5 20 1043 1135 3 33 1109 1183 1 2 1117 1122 1 9 1122 1141 4 50 1131 1219 1 11 1132 1163 5 20 1133 1222 2 16 1197 1231 1 3 1222 1230 
47 6 95 48 262 5 69 48 226 7 39 109 241 13 108 122 330 1 18 139 177 7 89 190 405 2 21 234 295 6 45 262 337 7 84 271 476 6 39 282 396 4 39 345 441 3 16 354 442 8 89 361 544 7 50 433 563 10 61 478 678 9 72 479 661 1 10 483 517 1 11 505 531 10 91 562 748 9 50 576 729 14 111 585 806 2 25 587 656 3 70 603 770 6 44 609 748 12 78 612 806 4 38 632 716 2 32 722 793 2 25 759 827 9 87 793 968 1 8 813 832 4 44 861 977 18 110 865 1110 1 13 896 940 10 73 900 1077 7 89 966 1197 9 27 996 1198 3 26 1002 1067 5 30 1007 1106 2 22 1067 1118 1 12 1075 1103 3 27 1112 1204 3 30 1125 1194 1 4 1179 1193 1 4 1183 1201 1 3 1197 1224 1 4 1202 1216 1 6 1206 1228 
48 2 27 18 73 6 82 46 215 11 63 92 282 9 97 129 356 1 12 203 234 1 8 227 258 2 40 229 309 4 31 233 370 12 83 271 479 6 56 282 403 5 35 283 385 2 17 310 351 4 40 318 406 1 16 343 379 2 31 353 419 7 67 365 520 5 63 368 484 3 51 387 476 2 31 389 459 9 67 403 594 5 63 460 580 13 83 510 744 6 28 539 632 1 1 581 587 1 13 583 620 1 6 597 629 9 42 643 758 6 65 644 767 10 77 719 929 1 11 763 794 9 76 779 955 6 62 806 964 11 115 815 1050 2 20 866 910 12 105 877 1112 5 50 879 1000 4 47 940 1023 11 76 962 1179 4 37 964 1044 3 22 1032 1097 9 53 1040 1176 4 26 1057 1138 8 69 1089 1213 5 27 1098 1195 2 44 1129 1231 1 5 1147 1159 1 4 1179 1192 1 1 1204 1207 
56 5 21 13 109 6 76 18 245 8 29 22 163 1 8 30 52 3 62 48 174 8 68 81 229 8 78 82 233 4 40 121 221 9 125 145 390 3 52 165 301 8 57 230 349 2 27 270 331 8 81 299 449 1 32 324 389 11 65 377 612 10 81 401 592 1 18 427 473 7 90 430 612 3 29 477 563 1 10 483 511 4 49 484 607 3 21 516 579 8 85 579 795 3 51 595 700 9 51 601 778 3 35 631 695 6 35 636 731 4 36 651 766 1 6 698 716 19 95 705 938 1 2 734 738 1 1 757 760 3 31 759 822 10 76 781 989 2 14 813 855 10 71 822 1033 5 101 840 1045 3 21 854 926 5 71 875 1056 1 13 953 982 8 44 960 1127 10 69 973 1151 3 36 985 1103 1 3 989 998 1 8 1012 1031 1 23 1038 1115 3 32 1056 1137 5 35 1073 1181 1 11 1078 1104 6 42 1110 1221 2 22 1161 1212 1 5 1165 1187 1 7 1197 1221 1 5 1198 1217 1 1 1208 1212 1 1 1209 1212 
53 13 17 21 188 8 73 73 287 7 32 92 221 5 71 93 280 1 11 98 120 1 10 104 125 8 52 106 297 1 12 163 192 12 70 210 450 1 1 232 242 4 42 286 408 6 16 287 394 1 3 289 306 4 28 294 365 6 73 315 455 1 8 390 411 3 8 418 518 9 85 507 711 1 2 526 533 1 14 556 603 12 87 558 758 7 61 577 722 1 7 579 592 4 22 586 671 10 95 589 760 5 49 629 761 8 86 629 864 1 6 673 693 3 52 685 818 12 132 691 916 12 57 696 884 5 30 760 859 13 88 763 1001 1 2 768 779 3 34 774 843 10 54 793 991 1 18 796 849 1 1 801 805 10 68 823 971 2 33 841 918 8 104 859 1066 2 15 909 963 1 4 914 925 2 22 1011 1063 3 17 1037 1112 1 12 1041 1078 1 4 1059 1072 3 24 1071 1163 5 39 1079 1189 5 30 1135 1217 2 19 1175 1220 1 7 1212 1232 1 2 1224 1229 
50 13 140 4 219 5 29 5 88 2 16 111 154 3 24 144 209 2 17 144 191 1 7 145 158 1 8 150 172 6 77 164 331 12 91 175 362 5 38 175 300 4 35 210 309 3 52 277 363 9 56 278 463 1 6 292 304 1 2 293 299 5 41 404 494 9 42 464 650 4 41 467 543 2 15 506 540 10 141 513 747 3 41 543 609 4 19 547 611 6 65 588 714 11 85 593 830 5 31 621 710 5 66 629 725 1 8 634 656 5 28 698 845 7 73 699 866 5 42 719 811 7 72 745 933 4 59 792 959 6 88 856 1015 7 66 861 1039 8 131 864 1110 7 94 874 1119 8 61 886 1055 2 27 906 975 1 7 908 924 7 68 928 1071 6 58 933 1047 8 84 972 1189 6 43 1046 1216 9 61 1071 1226 5 37 1073 1160 1 10 1090 1123 1 10 1100 1128 2 11 1109 1156 1 14 1145 1182 1 4 1207 1217 
46 14 89 13 258 10 78 51 283 6 34 58 172 9 86 81 289 5 21 136 211 15 81 261 467 5 44 312 435 7 80 328 533 8 106 330 527 7 47 351 496 6 45 352 467 7 50 397 543 2 13 400 432 10 101 404 616 2 34 418 494 1 20 511 561 6 61 534 721 13 64 534 764 11 67 588 781 1 12 630 669 7 44 647 778 2 8 648 681 9 126 676 914 11 79 686 918 5 74 697 872 10 55 701 907 3 33 704 771 10 78 783 928 2 27 861 921 5 67 882 1012 7 47 888 1053 7 82 931 1104 2 15 933 979 1 9 942 974 4 32 1045 1145 4 61 1049 1173 3 18 1050 1130 5 39 1071 1211 3 23 1081 1139 2 18 1089 1130 3 35 1126 1220 1 7 1133 1149 2 34 1147 1214 2 20 1183 1231 1 2 1188 1195 1 1 1217 1221 
44 10 106 4 216 7 41 28 202 9 55 84 220 8 67 86 285 2 24 133 186 7 62 136 303 2 23 150 207 2 55 167 270 14 130 187 407 7 60 193 386 1 10 220 236 5 57 239 372 4 35 258 363 14 92 280 470 8 83 292 451 14 107 316 533 9 106 362 548 1 14 377 404 4 77 400 569 4 55 433 547 10 76 496 684 3 24 516 580 7 43 532 670 15 135 541 769 8 82 576 723 6 49 643 773 4 36 702 852 2 25 733 781 6 45 771 953 6 89 842 1045 7 37 858 1009 4 39 897 1029 4 33 901 968 2 19 922 956 1 9 926 950 3 25 930 987 3 22 970 1020 10 75 975 1176 7 96 976 1205 2 42 1004 1123 5 21 1129 1221 1 2 1131 1138 1 1 1200 1204 1 3 1219 1230 
44 7 59 5 158 11 81 50 221 11 127 93 317 15 107 165 406 4 46 189 288 5 38 189 276 10 86 214 435 2 16 217 262 8 79 242 468 5 26 264 372 10 80 301 458 6 85 312 460 4 67 326 429 11 160 354 598 4 21 357 420 1 11 544 579 3 55 551 700 2 29 559 620 5 17 559 638 4 25 566 646 9 88 577 766 6 63 609 726 2 23 616 669 3 23 697 766 13 128 723 968 5 47 724 872 12 80 742 967 1 11 797 821 1 4 813 838 7 61 852 970 3 29 942 1010 13 102 961 1197 5 40 968 1063 2 24 968 1025 1 4 980 990 10 71 997 1200 5 47 1004 1107 5 31 1074 1178 2 34 1077 1142 3 28 1080 1179 2 11 1102 1145 5 48 1119 1216 2 31 1155 1223 1 1 1212 1216 
39 3 57 0 109 7 53 67 200 6 63 89 220 11 70 126 281 6 60 157 377 1 1 187 192 12 91 226 429 9 67 238 385 13 87 252 459 1 7 278 305 6 36 282 397 4 20 291 354 7 47 292 393 7 42 294 442 13 58 320 564 6 48 326 448 1 3 427 432 12 101 464 650 7 51 520 655 10 85 536 743 7 73 576 718 10 95 651 860 5 37 668 743 13 111 719 942 1 3 749 758 11 116 780 1010 7 48 802 976 4 27 817 899 8 105 828 1009 11 92 831 1077 5 65 859 1004 6 44 905 1042 1 6 937 959 7 101 951 1188 2 26 1038 1131 2 19 1101 1152 1 15 1116 1150 3 21 1184 1228 1 1 1225 1231 
