15 261
20 18 18 6 88 40 42 20 204 17 47 69 195 4 8 105 139 40 51 129 354 14 36 251 389 25 29 265 401 53 81 420 676 14 14 467 532 47 60 521 762 7 21 669 765 9 17 734 791 37 40 764 940 16 24 783 873 12 23 855 917 40 71 886 1108 29 29 1070 1202 4 7 1266 1292 5 9 1300 1328 1 1 1327 1332 
17 2 4 15 40 23 38 157 343 48 65 185 445 44 49 204 409 19 19 265 367 37 37 343 524 17 22 386 464 43 43 488 653 19 37 585 692 2 2 923 935 35 35 1041 1161 25 25 1123 1247 46 55 1138 1320 14 14 1167 1240 19 30 1178 1295 5 8 1231 1261 11 16 1259 1314 
17 68 68 49 314 29 30 200 339 15 24 319 451 10 14 406 465 16 18 466 547 53 53 478 714 19 31 628 740 38 71 709 905 54 59 746 936 1 1 768 775 1 1 803 810 19 26 807 912 19 23 1102 1190 22 36 1142 1293 21 21 1154 1289 22 22 1177 1248 3 3 1183 1197 
21 15 15 14 100 17 17 84 178 1 1 347 357 13 13 440 529 28 28 485 589 18 18 528 605 25 36 567 814 31 36 647 849 61 67 668 895 71 71 697 914 34 38 926 1090 14 17 1085 1150 4 6 1144 1175 22 28 1159 1267 11 15 1169 1223 22 31 1175 1301 23 24 1213 1315 2 9 1224 1258 12 15 1241 1312 1 1 1257 1261 5 5 1314 1335 
15 65 86 46 305 29 37 50 207 50 55 70 316 3 3 87 102 44 64 127 367 65 70 140 404 42 56 449 661 18 19 474 548 8 10 576 637 42 55 606 776 9 13 738 789 9 15 912 980 24 49 954 1119 31 31 1014 1115 12 12 1224 1265 
17 51 51 24 222 34 35 69 219 20 27 85 185 43 43 111 317 3 4 253 273 17 36 375 474 29 65 395 604 28 33 465 592 5 23 665 751 17 20 724 803 16 16 754 838 2 2 779 790 28 28 789 890 67 82 805 1066 4 6 916 943 46 46 1102 1290 1 1 1215 1219 
21 23 28 95 197 11 11 110 158 12 24 171 254 25 35 308 429 29 42 314 484 6 12 322 364 10 12 376 422 23 37 377 508 30 47 383 569 17 41 573 662 27 35 681 853 9 12 806 866 27 27 830 940 38 40 834 1024 30 30 888 1059 5 16 1025 1074 72 72 1072 1329 19 19 1230 1320 1 4 1251 1263 2 4 1259 1277 1 2 1267 1274 
15 24 24 225 314 1 3 337 351 34 34 360 551 28 35 398 503 45 45 506 737 40 59 654 903 24 33 675 784 31 31 688 826 9 14 718 764 20 31 745 848 55 68 785 1022 37 58 847 1096 28 42 853 1006 38 38 1002 1192 12 12 1233 1291 
22 6 13 110 193 1 1 194 202 22 22 213 329 22 34 347 501 27 70 478 700 10 13 532 584 15 22 550 662 54 70 579 814 1 2 586 596 33 33 602 747 15 15 612 674 20 20 777 887 29 34 789 898 31 37 823 989 28 41 867 998 3 4 940 963 23 49 984 1125 17 30 987 1100 23 60 1023 1179 27 27 1063 1160 24 24 1065 1184 3 4 1164 1179 
20 2 3 127 139 24 40 173 410 28 33 257 404 48 74 282 511 21 35 369 514 41 54 398 618 15 15 423 489 16 20 468 557 2 3 516 529 2 2 527 542 4 6 597 619 39 56 720 943 5 5 732 752 52 55 938 1148 53 70 1032 1287 33 42 1076 1260 11 12 1128 1186 3 4 1144 1165 19 31 1206 1304 2 4 1303 1319 
17 31 57 69 280 3 5 80 97 66 66 193 434 24 27 282 390 35 36 326 505 40 40 372 543 61 61 454 680 15 18 473 557 4 9 516 550 53 53 573 838 34 35 632 839 17 21 816 885 2 2 1009 1019 20 20 1176 1260 8 13 1177 1212 2 2 1224 1234 3 5 1292 1315 
17 34 34 327 453 46 59 338 573 31 51 342 556 24 29 459 594 9 13 526 578 1 1 553 558 42 42 660 860 12 12 781 829 37 37 789 982 31 57 809 1022 34 34 819 951 43 58 826 1001 23 23 866 970 6 7 1119 1151 22 28 1148 1330 16 18 1236 1321 2 4 1293 1307 
14 49 49 259 487 43 43 279 415 27 39 281 438 38 66 294 508 17 31 367 468 45 48 803 1001 48 73 825 1091 29 37 958 1090 39 39 985 1153 8 14 1013 1076 42 71 1061 1295 32 32 1206 1326 7 8 1217 1254 1 2 1326 1334 
12 8 13 3 57 19 35 25 126 48 48 229 482 36 61 320 519 51 51 464 664 44 81 507 758 45 65 534 752 13 13 584 631 60 60 764 1023 49 73 971 1222 45 62 1084 1285 32 57 1106 1314 
16 43 52 54 270 67 68 111 370 14 14 146 203 2 3 200 213 20 20 230 305 14 32 292 425 45 45 341 558 50 50 391 598 33 41 461 639 21 23 624 735 27 31 701 843 2 4 751 765 9 22 795 870 32 54 855 1041 17 23 1188 1295 13 27 1198 1291 
