15 98
5 74 85 129 303 36 100 192 393 76 76 440 607 44 44 900 1000 20 29 972 1034 
7 29 84 85 218 104 106 93 297 33 33 202 273 14 19 318 358 8 25 844 882 43 48 1058 1198 2 2 1226 1232 
6 37 67 251 347 1 1 417 421 68 114 627 863 74 74 777 938 39 41 1010 1133 3 7 1054 1074 
7 44 53 24 135 12 12 132 158 16 16 306 350 53 82 597 790 71 71 745 937 29 29 904 989 8 8 934 953 
10 24 29 277 352 23 23 367 420 23 24 496 599 72 81 685 844 1 2 965 970 30 42 1038 1123 17 24 1144 1201 5 8 1159 1175 12 14 1171 1212 4 4 1218 1231 
5 81 86 447 677 55 81 561 761 8 14 602 642 57 116 621 835 60 104 933 1168 
5 1 1 277 280 66 117 281 489 100 100 306 523 50 57 685 829 23 23 1001 1052 
7 26 45 49 151 49 75 55 295 17 17 77 117 69 69 290 462 23 23 475 532 17 28 570 643 24 38 694 804 
5 41 41 142 232 73 118 433 661 14 18 797 847 26 29 971 1057 80 92 988 1216 
6 18 18 262 305 68 90 472 661 47 136 504 723 36 53 737 853 113 113 978 1188 27 38 1096 1203 
7 55 112 136 380 34 87 189 418 30 48 242 354 15 21 489 535 37 42 880 987 26 26 1028 1099 17 20 1064 1115 
11 11 12 289 320 70 70 437 661 9 9 794 822 16 27 809 861 18 28 992 1050 34 45 1006 1095 12 12 1035 1064 1 1 1048 1051 37 55 1122 1225 6 17 1185 1213 3 5 1194 1208 
6 14 35 17 79 35 35 272 353 74 95 341 553 40 102 850 1054 28 52 935 1073 44 51 1096 1227 
6 45 45 11 89 32 51 19 188 18 31 93 168 25 29 370 447 55 55 653 784 70 89 731 945 
5 58 58 135 331 24 30 278 366 51 51 573 788 48 48 1019 1127 43 46 1065 1155 
