15 250
14 29 94 5 160 54 75 221 430 23 112 245 426 33 99 252 457 33 70 295 445 48 48 388 608 53 87 647 863 4 10 749 773 60 105 1023 1258 22 46 1094 1200 30 78 1096 1270 10 18 1098 1180 14 30 1170 1252 1 1 1254 1258 
17 30 44 38 181 7 16 160 212 1 1 175 179 40 101 208 401 22 40 216 346 5 23 229 283 44 86 231 405 38 109 275 458 39 55 306 458 45 108 365 618 2 7 469 483 52 98 706 969 1 74 980 1200 30 107 1047 1273 19 29 1060 1142 37 81 1127 1287 1 1 1321 1327 
20 8 13 13 53 26 68 50 206 13 28 154 222 40 108 284 520 4 9 342 361 20 42 428 524 2 5 441 453 20 41 600 717 48 113 651 826 43 128 688 954 6 12 716 753 22 32 725 828 28 61 986 1125 30 93 1070 1239 6 12 1117 1145 42 105 1157 1327 11 50 1179 1301 5 26 1266 1324 9 14 1306 1333 1 5 1323 1332 
12 44 84 208 410 37 70 248 478 36 53 298 483 61 127 321 557 51 69 407 643 49 91 584 776 63 106 803 1059 18 33 998 1093 1 3 1073 1079 22 25 1205 1329 1 2 1299 1306 2 3 1307 1318 
20 14 35 15 103 47 115 25 271 14 45 42 159 32 52 120 264 44 66 123 256 16 20 386 461 18 41 389 517 38 71 494 637 22 31 513 674 7 15 577 618 13 21 595 669 6 16 657 695 40 72 677 812 3 11 720 744 6 10 859 893 13 18 860 918 19 48 922 1012 34 96 965 1172 6 15 1286 1319 5 17 1287 1327 
16 22 49 28 128 5 21 66 107 56 100 163 420 6 19 189 230 25 48 257 426 18 34 441 529 23 41 442 556 16 32 457 538 61 112 654 907 13 25 699 768 14 48 918 1037 29 71 947 1139 65 92 1018 1258 12 15 1240 1300 9 15 1281 1334 1 2 1306 1312 
15 69 124 24 274 12 19 138 201 62 91 167 406 2 5 321 333 1 1 409 414 35 74 727 887 43 73 728 888 42 56 835 988 17 67 960 1068 10 31 1023 1091 8 30 1064 1126 28 54 1107 1237 15 32 1120 1222 17 33 1163 1247 9 15 1267 1309 
18 32 97 12 251 7 26 137 199 18 65 161 326 14 37 256 347 11 22 296 353 36 64 344 548 29 38 396 494 20 29 532 636 46 96 556 761 14 28 730 788 26 59 755 896 21 57 890 1056 62 62 911 1158 11 25 987 1053 15 50 1103 1249 13 29 1164 1218 1 3 1320 1328 1 1 1325 1333 
16 41 74 80 212 15 22 117 184 29 67 136 263 14 42 240 313 21 54 320 445 16 52 426 530 41 99 460 662 33 39 467 659 10 42 490 565 6 11 527 563 36 79 716 877 50 57 753 897 17 36 922 1050 31 81 1004 1192 20 33 1124 1202 6 23 1257 1295 
14 4 13 93 131 43 92 143 346 2 10 249 270 9 61 351 480 56 75 415 644 49 98 475 699 34 69 590 763 12 22 590 647 47 114 761 1004 24 34 767 846 13 26 773 849 43 63 794 1029 59 97 850 1108 4 7 1205 1220 
14 54 120 82 312 32 116 134 378 45 91 146 384 1 3 250 259 7 10 405 441 70 101 428 675 8 14 590 629 63 125 690 924 9 14 1032 1075 32 43 1128 1308 21 44 1167 1285 22 48 1172 1301 4 16 1288 1321 2 3 1293 1304 
19 32 62 3 154 14 40 123 218 22 50 161 280 27 29 280 415 29 57 293 417 8 10 452 494 34 48 529 726 6 9 531 557 1 4 617 627 32 64 655 818 45 91 777 1032 19 36 898 1000 28 41 901 1044 34 57 1067 1318 31 34 1109 1246 9 27 1144 1200 14 51 1170 1295 17 47 1221 1292 2 4 1259 1269 
18 21 89 0 163 43 53 187 355 15 31 204 262 27 36 223 322 30 115 248 455 28 100 292 470 10 10 356 397 53 72 389 603 21 42 408 508 6 20 496 551 29 46 550 688 9 20 734 778 7 11 735 764 5 13 749 793 58 80 913 1123 1 1 1089 1093 1 5 1178 1193 5 9 1289 1316 
20 26 48 93 209 35 134 101 340 3 7 114 133 3 7 172 193 40 124 234 443 1 2 303 309 12 17 396 467 46 76 413 673 6 9 432 462 17 58 529 667 22 34 573 680 23 38 708 799 39 109 765 981 4 13 873 916 21 88 931 1107 25 51 941 1062 8 12 970 1008 41 77 1090 1233 6 8 1096 1124 29 54 1142 1275 
17 12 12 141 193 20 20 198 276 2 2 396 406 31 65 420 623 33 49 570 693 17 45 664 749 42 63 703 859 60 104 706 952 44 99 812 1024 38 64 861 1022 41 102 920 1120 30 61 926 1072 24 52 941 1063 4 5 1086 1100 1 2 1134 1144 6 8 1248 1278 2 6 1309 1321 
