15 51
2 21 22 455 509 90 108 915 1126 
2 37 79 145 296 76 76 791 985 
3 23 26 200 269 50 51 508 654 37 49 1005 1102 
4 27 56 404 603 96 96 571 747 27 27 919 990 9 9 1100 1119 
5 11 11 105 139 62 81 198 403 28 54 266 363 52 67 417 564 6 11 466 487 
4 59 72 339 553 64 72 770 921 9 9 1053 1073 1 1 1125 1128 
3 65 82 545 728 28 47 813 897 84 84 859 1010 
2 76 76 660 846 53 53 839 994 
3 45 58 28 162 74 74 232 398 20 59 289 384 
3 65 65 675 845 68 68 720 881 13 14 744 791 
3 21 23 790 844 75 78 868 1082 37 62 966 1067 
6 12 14 358 405 3 3 447 454 64 64 687 853 56 61 831 1017 15 19 849 887 21 21 938 991 
3 23 39 70 168 73 95 143 326 35 64 599 736 
5 66 80 551 713 93 93 619 835 3 5 943 960 7 7 1081 1100 1 1 1125 1128 
3 7 7 413 431 38 51 507 642 65 79 923 1119 
