15 317
26 10 89 2 220 9 29 74 219 2 21 188 225 1 10 274 300 9 73 290 437 2 22 336 388 1 5 355 366 4 25 363 441 5 46 365 554 2 28 372 425 7 80 402 548 4 37 455 608 2 24 472 542 10 39 522 657 1 17 553 593 1 1 568 572 5 64 612 767 9 87 885 1100 6 53 907 1064 1 9 945 972 1 7 974 992 5 45 985 1087 1 25 990 1040 5 30 1024 1091 3 28 1038 1118 1 7 1082 1098 
27 10 106 48 264 3 47 54 158 3 31 73 157 5 46 101 208 3 74 171 353 6 83 225 362 1 21 228 268 1 9 234 256 5 49 267 413 2 25 386 447 6 45 444 552 16 69 469 693 2 25 513 597 2 20 516 564 3 20 567 617 1 10 591 614 1 17 629 690 3 25 748 820 7 53 760 900 4 32 790 879 4 14 859 973 9 91 863 1032 2 46 886 1004 6 53 929 1056 2 20 997 1046 1 9 1101 1129 1 2 1104 1111 
22 7 45 91 224 7 85 168 372 3 44 201 340 2 32 256 313 5 68 283 416 1 7 357 377 4 49 450 550 1 1 550 554 7 70 615 758 2 26 699 752 5 46 719 809 10 76 755 895 6 43 759 903 4 34 820 898 11 97 867 1029 6 72 885 1080 11 98 899 1118 1 1 938 941 2 22 993 1046 4 24 999 1058 5 43 1000 1101 1 5 1078 1087 
17 4 95 28 185 9 45 93 222 4 41 334 413 6 49 469 584 3 32 504 575 3 26 541 627 1 12 595 628 9 98 604 811 10 121 610 813 7 27 648 785 15 15 801 1021 3 25 831 885 13 54 895 1094 5 55 898 1016 10 81 905 1091 5 32 1017 1103 1 15 1038 1068 
22 8 78 9 162 1 18 17 52 1 9 102 127 6 61 143 289 11 109 146 365 1 11 212 240 5 32 338 433 2 16 409 446 8 45 514 650 9 62 647 833 6 55 651 788 5 49 716 831 11 115 748 965 1 12 748 767 1 1 784 787 12 114 784 978 9 54 798 977 4 18 960 1027 2 9 1011 1042 3 27 1040 1104 3 26 1042 1091 1 1 1087 1090 
21 5 91 101 272 3 67 134 290 5 67 264 374 14 81 282 489 6 50 347 476 3 22 362 421 12 69 370 567 6 80 498 639 6 48 571 689 1 10 595 621 6 55 627 723 6 105 669 842 4 21 695 780 9 68 715 871 7 76 753 962 5 83 792 987 1 7 903 923 10 97 924 1129 3 25 1019 1081 3 19 1032 1091 1 2 1119 1128 
17 10 58 57 213 11 133 171 386 6 67 369 502 2 34 387 450 9 70 390 562 9 39 478 604 2 21 495 547 10 61 563 708 6 69 583 756 11 90 674 829 7 59 675 802 3 57 696 818 11 62 701 910 5 91 720 905 5 34 835 958 2 23 1011 1075 1 3 1112 1119 
23 5 53 42 163 1 14 151 182 9 53 170 338 12 111 199 422 5 43 221 319 6 70 233 399 1 5 295 310 3 29 327 400 7 62 336 488 8 78 366 563 1 2 416 421 7 45 432 566 1 6 461 479 7 38 496 606 14 64 576 788 2 21 589 644 4 51 738 833 1 7 763 789 1 5 764 786 7 95 777 995 1 11 798 828 5 45 1007 1113 1 10 1093 1123 
22 1 12 208 248 2 10 267 294 9 52 306 473 2 20 356 424 7 35 392 482 7 41 572 679 6 62 623 759 5 75 630 820 10 101 665 864 6 106 732 905 8 75 740 951 7 91 783 980 9 66 861 1037 4 36 866 973 10 82 920 1072 6 43 925 1085 7 53 954 1098 1 22 1042 1081 4 22 1065 1125 1 9 1095 1128 1 2 1114 1119 1 1 1125 1128 
21 5 52 77 198 1 20 202 246 3 34 279 381 12 86 294 499 7 60 351 554 1 1 378 383 10 57 454 601 1 3 467 478 2 44 504 648 1 7 531 545 5 68 549 694 4 45 622 710 7 54 625 767 13 90 693 902 9 56 823 1020 11 58 841 1034 5 44 902 1034 3 21 937 1004 4 41 946 1057 1 1 980 989 1 3 1118 1124 
18 4 33 24 115 9 53 83 238 10 82 112 264 1 31 185 246 9 62 204 365 1 2 217 223 1 9 469 502 6 60 615 778 13 57 626 774 4 47 637 728 10 56 655 871 11 90 730 949 6 68 766 890 12 110 777 999 1 4 857 872 13 129 912 1125 2 14 992 1041 3 30 1030 1117 
20 4 39 35 150 3 42 37 148 1 10 66 96 5 32 171 280 3 60 180 294 9 116 216 431 8 63 262 432 6 38 299 417 7 50 397 554 8 32 425 627 2 48 534 634 10 56 710 877 4 48 721 834 7 64 726 866 1 5 750 762 2 34 804 882 9 62 805 969 6 62 863 1016 4 39 889 967 7 42 984 1117 
17 4 21 46 146 9 65 75 279 10 71 85 219 5 30 123 217 1 3 159 171 13 77 258 447 5 38 309 470 2 24 317 364 11 107 363 572 6 26 449 535 12 117 529 747 5 37 678 768 8 65 771 960 1 8 795 815 9 54 884 1084 1 9 938 963 3 17 1003 1073 
22 1 32 56 117 6 65 76 221 5 54 136 293 2 24 177 231 14 78 185 362 5 25 270 379 4 46 295 400 12 113 312 530 3 38 312 395 3 20 338 399 3 14 360 417 5 82 368 569 2 44 471 578 9 54 517 714 7 55 541 734 1 28 707 765 7 73 720 901 6 57 801 993 4 75 854 1016 5 37 955 1066 2 21 1043 1107 1 3 1077 1088 
22 9 77 1 185 2 9 3 32 1 1 37 59 5 27 65 159 10 75 195 403 3 19 355 427 11 70 360 563 1 2 518 529 8 84 524 699 5 74 537 666 12 71 577 798 2 11 639 674 6 140 655 861 5 52 663 826 4 46 753 849 6 101 839 1057 1 16 870 908 8 60 892 1025 4 54 962 1080 2 18 971 1027 1 5 994 1007 1 3 1091 1097 
