15 93
7 35 54 155 291 12 47 430 521 17 35 590 674 3 10 608 627 10 22 787 844 16 59 840 949 41 96 890 1096 
5 14 16 119 191 66 66 438 651 40 81 564 733 6 13 1012 1050 1 3 1076 1083 
6 34 91 43 254 30 65 255 398 38 105 387 593 5 17 408 462 7 24 756 848 23 57 891 1005 
6 1 2 124 130 24 53 187 277 22 54 319 433 10 36 593 663 34 55 728 915 30 74 947 1127 
7 32 49 289 440 12 55 310 435 19 57 395 502 33 73 522 747 8 11 625 663 37 64 700 839 4 10 1100 1124 
8 7 26 327 377 28 64 389 564 10 23 475 534 13 19 492 552 56 80 840 1034 2 4 893 905 13 13 1063 1112 5 6 1080 1110 
7 21 58 16 150 52 61 88 301 6 15 329 361 33 74 527 711 38 118 667 858 12 12 692 743 3 7 1098 1124 
3 33 48 270 425 49 69 428 615 43 64 818 963 
11 19 49 172 293 11 42 191 269 7 10 398 433 25 49 611 742 12 19 682 722 2 4 829 842 9 21 896 950 15 32 961 1076 11 13 1052 1104 4 9 1095 1117 1 1 1122 1125 
6 32 70 82 218 28 77 451 651 20 64 739 961 22 22 951 1077 11 17 1013 1051 6 7 1101 1126 
5 30 39 30 146 43 68 449 674 36 70 474 670 35 84 480 656 4 6 1108 1127 
6 4 9 130 155 5 9 184 205 55 65 550 761 52 96 662 872 11 30 810 875 29 43 882 1007 
6 35 80 97 265 45 70 121 283 22 36 316 416 15 51 366 474 1 1 522 527 11 17 911 957 
6 25 58 220 367 32 85 334 544 12 37 378 452 20 49 381 481 28 74 490 682 13 33 778 834 
4 38 40 215 384 29 51 290 441 30 58 452 609 33 64 737 904 
