10 181
13 35 61 31 186 51 51 34 197 29 34 83 172 8 13 120 164 14 24 122 175 15 15 357 412 30 67 382 544 27 54 416 566 2 8 489 515 6 11 551 586 22 34 636 728 4 7 661 682 22 35 720 824 
19 19 24 35 131 14 41 82 174 19 57 169 312 4 14 195 225 22 66 234 346 33 40 354 506 11 21 404 455 2 3 414 423 27 58 422 555 20 64 509 641 11 40 545 627 12 22 551 603 24 76 568 709 12 30 703 766 9 26 710 758 16 34 749 817 7 9 764 792 1 5 830 846 1 1 851 855 
18 39 72 59 210 25 42 123 240 3 8 166 181 36 61 184 327 10 16 238 290 23 54 251 368 5 17 259 302 13 49 329 422 3 7 346 365 23 38 350 469 27 54 584 707 17 34 721 797 7 17 729 766 10 22 747 803 20 42 760 849 2 4 806 817 4 4 810 829 4 7 833 859 
19 12 25 40 122 13 33 130 214 18 52 265 389 22 40 292 427 20 35 339 431 1 5 345 356 3 8 348 365 26 47 373 476 4 15 386 416 28 65 391 560 13 25 397 441 1 3 489 496 19 39 534 620 30 56 639 788 40 69 673 835 10 41 736 849 6 15 771 808 2 7 796 811 1 1 812 815 
19 24 85 92 242 43 71 184 348 12 21 185 255 13 15 254 321 5 9 256 283 12 17 260 324 7 19 297 349 11 21 344 395 7 15 351 384 8 15 426 465 46 64 488 637 13 30 574 645 18 49 580 736 27 66 589 741 1 3 678 686 4 10 723 751 3 10 723 758 6 9 764 790 6 15 796 833 
20 31 73 60 198 13 19 85 136 4 15 125 155 26 50 164 303 22 40 201 294 4 12 236 271 1 3 248 259 18 64 294 422 30 30 332 462 28 36 332 480 3 50 447 553 6 8 470 499 15 35 496 570 13 41 649 770 31 31 682 806 7 22 692 736 7 17 723 773 5 12 789 820 2 5 841 854 1 1 855 859 
17 21 47 7 125 23 42 89 203 29 58 90 251 13 23 154 214 26 65 226 355 12 24 303 371 12 45 404 501 24 67 404 574 18 50 438 522 8 28 480 533 11 22 546 606 33 39 600 731 10 17 606 658 8 36 620 695 30 42 676 825 5 8 679 699 2 3 717 728 
17 13 23 16 85 20 44 71 179 4 11 81 107 25 53 99 233 12 22 309 368 29 58 319 443 11 24 364 420 22 60 386 508 13 29 387 500 26 53 512 676 6 18 565 613 14 50 585 699 9 15 620 657 23 55 670 776 17 32 715 788 11 14 793 843 10 33 797 850 
20 10 24 82 137 8 18 87 140 5 14 90 116 1 1 90 94 14 55 131 244 19 37 311 402 3 4 374 389 15 24 385 473 14 31 414 505 52 52 431 592 2 2 437 447 15 82 440 603 16 31 478 562 23 41 479 576 33 55 600 736 20 33 610 679 10 26 739 814 1 1 809 812 4 7 832 853 1 2 843 847 
19 27 76 154 306 14 38 178 299 29 30 221 370 14 41 304 374 23 53 367 522 18 45 398 491 7 17 406 444 5 21 473 517 32 57 478 648 6 32 498 576 3 7 513 528 21 36 541 650 18 45 544 686 24 62 639 746 12 16 676 735 8 20 756 806 6 6 805 834 2 3 839 852 1 1 855 859 
