10 110
13 11 14 13 65 1 2 22 29 4 7 53 82 17 17 79 141 5 12 137 183 8 8 169 214 7 12 191 233 1 2 224 232 2 3 257 270 4 7 261 289 3 6 285 308 1 1 309 315 3 8 318 341 
7 11 14 0 59 11 12 29 79 5 5 67 89 5 12 145 180 16 16 204 267 8 8 209 240 13 18 271 331 
12 3 6 10 29 12 12 31 78 5 6 110 133 5 5 133 155 8 13 164 212 7 7 165 196 12 18 179 233 6 14 194 251 3 3 207 228 2 3 252 263 1 4 269 281 8 8 276 310 
9 3 6 11 31 9 9 48 89 12 18 51 119 3 5 78 96 11 18 107 171 8 12 184 240 10 12 192 246 3 4 219 236 10 19 226 276 
12 6 12 23 79 15 15 46 109 9 16 89 150 6 7 111 140 5 6 124 151 9 13 179 236 9 14 200 260 2 5 217 234 9 19 251 316 2 2 313 325 2 2 320 332 1 3 320 332 
11 4 7 5 33 3 3 12 24 2 4 51 67 11 11 93 146 15 16 168 223 3 3 183 199 3 3 195 213 7 8 218 258 2 3 239 250 15 18 261 314 2 3 328 337 
12 13 13 16 68 2 5 30 51 1 1 34 39 6 6 73 98 6 7 125 163 17 17 202 265 9 10 209 261 7 7 227 257 5 6 283 311 2 6 284 305 1 1 290 293 2 3 309 325 
9 4 8 71 97 14 14 111 172 15 15 179 237 2 5 212 238 13 13 241 287 9 17 262 311 1 1 282 287 8 8 295 326 7 7 301 335 
12 8 16 5 63 1 2 15 28 2 2 42 56 3 3 93 108 9 13 116 165 5 6 150 189 1 1 173 180 7 10 175 210 8 15 178 233 9 11 183 240 11 14 228 277 3 3 323 339 
13 6 8 7 45 1 1 37 40 2 7 45 69 11 18 61 124 11 16 163 216 15 15 197 247 2 2 203 214 1 1 225 233 6 14 232 283 9 9 234 283 1 2 243 254 2 2 310 323 1 1 340 343 
