10 130
14 2 4 78 89 20 36 85 181 28 43 155 285 35 48 211 336 21 44 235 325 2 5 405 416 1 3 456 464 12 19 475 538 20 40 502 587 17 33 569 629 2 11 671 697 1 2 694 703 3 7 714 733 1 1 738 741 
14 1 3 57 65 14 32 73 137 4 7 103 119 2 6 147 161 26 31 166 261 26 52 179 287 6 6 293 322 10 29 333 409 26 75 398 523 8 12 432 468 7 19 475 507 5 13 556 587 16 33 628 718 2 4 682 693 
17 12 19 26 96 6 10 94 120 2 4 118 131 27 42 136 262 16 61 163 301 6 13 196 238 9 16 197 241 16 35 369 438 7 23 384 426 5 7 407 431 18 34 480 577 24 60 491 617 1 1 539 544 13 90 560 702 3 20 653 689 6 9 676 706 1 4 699 707 
11 5 12 81 115 37 62 223 370 20 35 261 381 20 31 492 575 8 11 549 590 17 41 572 664 14 34 608 694 12 20 649 728 9 37 654 723 12 25 659 713 1 1 721 725 
13 15 24 88 140 6 13 121 174 30 63 210 348 15 36 216 308 9 24 268 333 7 17 369 407 15 28 479 566 5 13 527 553 17 41 614 694 16 37 615 696 6 13 662 700 8 13 696 734 2 3 723 732 
10 9 20 113 158 26 73 267 391 14 34 278 373 23 29 344 426 28 48 440 577 24 47 554 641 4 10 581 602 11 25 616 674 5 9 693 728 8 21 696 744 
15 25 37 33 137 7 24 63 107 2 6 111 124 5 13 225 255 4 8 293 321 5 10 379 426 16 43 469 569 20 43 517 639 17 34 569 677 18 18 579 648 15 31 580 704 2 3 583 592 10 22 617 655 6 6 679 716 1 1 728 731 
13 26 47 136 276 27 36 176 281 25 49 186 300 8 25 230 300 9 18 331 381 8 34 332 409 11 46 347 463 14 28 388 462 5 10 396 419 21 49 513 605 2 9 627 644 1 1 644 648 18 23 674 740 
14 13 33 92 164 27 27 100 181 14 52 170 298 3 3 196 208 15 46 263 375 2 5 302 315 1 2 419 428 19 24 485 560 15 22 638 707 26 67 639 738 9 12 671 718 9 25 688 739 3 8 725 744 1 5 736 747 
9 15 54 56 196 15 17 85 142 26 58 98 246 31 49 273 421 21 37 307 401 10 41 326 434 29 30 364 449 7 15 564 600 2 6 713 724 
