10 140
17 26 26 4 109 2 4 13 25 25 25 115 234 6 7 137 160 22 32 139 253 9 18 216 278 19 19 224 295 1 1 328 331 7 9 330 370 14 14 395 446 9 11 425 520 5 5 461 491 7 10 481 521 21 21 619 722 4 4 691 715 10 13 698 762 1 1 794 797 
15 3 3 35 51 3 12 42 90 30 46 69 194 15 27 167 263 14 23 225 321 2 2 347 358 19 36 364 467 19 19 378 453 15 17 454 515 12 13 475 533 15 25 615 703 3 5 615 644 6 13 653 698 9 9 740 790 4 5 747 771 
7 44 44 49 192 29 29 188 291 28 30 271 410 5 16 315 369 35 35 349 487 9 22 574 653 24 31 613 728 
16 26 38 41 178 16 19 157 228 11 19 259 354 1 2 319 331 2 3 356 371 36 36 363 510 13 15 386 446 1 2 423 433 2 4 455 474 3 6 503 526 2 2 505 515 32 36 616 770 20 25 661 754 18 22 695 775 3 4 750 766 5 8 768 799 
12 1 2 1 24 18 18 6 80 4 6 29 50 14 24 53 139 19 24 135 219 30 34 172 280 22 22 283 366 5 8 315 356 23 23 599 720 28 28 633 763 11 11 724 788 1 2 789 796 
14 2 2 39 48 12 12 51 134 38 50 148 289 2 2 175 185 20 35 193 289 8 14 202 257 4 11 250 293 22 27 269 387 27 36 396 529 10 14 400 466 29 40 571 727 2 3 650 663 5 5 727 755 7 7 760 790 
19 6 7 0 22 3 5 25 43 6 6 162 186 1 1 179 186 8 14 197 255 6 12 205 252 13 26 218 305 28 40 238 374 22 40 324 451 13 18 379 443 7 10 503 543 16 36 529 654 14 14 554 604 2 8 565 598 3 4 596 615 14 22 704 785 17 19 721 795 1 1 760 767 5 9 767 802 
13 26 26 138 231 13 32 148 257 8 12 192 237 27 44 398 555 10 12 429 481 36 36 443 580 8 10 561 609 27 27 639 762 9 9 685 731 2 5 716 732 12 12 734 796 1 1 765 768 1 1 793 798 
12 24 36 47 199 10 19 150 206 27 35 183 330 10 17 214 281 12 13 259 326 2 16 304 368 11 12 414 458 2 4 456 470 35 35 497 653 13 25 630 728 19 20 640 722 21 48 657 786 
15 6 6 1 44 16 22 1 61 26 27 102 222 16 18 132 211 1 1 208 212 23 25 214 306 10 13 330 379 28 37 403 558 18 30 405 504 10 10 429 471 20 28 646 755 2 2 668 676 1 3 764 777 5 5 769 797 1 1 782 787 
