10 70
6 9 9 251 301 6 13 253 303 29 62 422 551 26 26 498 638 9 14 511 564 1 1 566 571 
7 5 6 53 83 5 5 220 238 19 24 400 498 13 15 424 494 12 21 519 607 10 10 578 620 5 6 675 702 
10 2 4 264 286 12 12 356 422 2 3 358 371 1 3 404 415 19 20 408 491 15 18 454 543 4 5 544 569 2 3 546 557 9 22 609 680 3 3 678 699 
6 27 31 87 219 14 24 137 241 5 7 389 418 18 30 522 629 5 7 657 689 1 1 703 706 
8 14 25 25 111 16 17 59 151 22 22 129 238 17 36 361 488 1 1 514 522 1 1 551 558 1 1 581 584 1 3 619 630 
9 8 8 63 105 2 2 154 168 13 14 254 331 11 18 453 521 2 2 519 530 22 33 525 657 3 19 532 601 6 6 645 670 1 2 653 664 
3 26 26 131 247 40 40 141 282 22 22 468 568 
5 16 18 369 439 14 16 410 470 24 30 479 588 17 23 532 636 4 4 675 694 
7 2 3 117 132 3 3 197 211 28 44 218 351 23 26 425 516 18 18 499 571 9 21 602 673 3 3 669 683 
9 9 21 140 205 1 2 212 220 24 24 266 379 9 12 292 361 4 15 331 386 9 13 381 426 15 21 506 574 1 3 616 628 1 1 701 707 
