10 35
3 24 24 18 70 33 50 57 194 29 29 480 552 
6 10 10 284 311 17 46 332 417 17 17 420 469 6 8 451 468 13 13 509 539 6 11 652 671 
3 30 32 198 283 58 58 361 498 33 37 523 617 
2 46 53 34 138 27 45 321 414 
5 21 31 174 288 31 31 204 293 1 1 371 375 35 51 495 612 3 3 653 662 
2 43 43 42 170 22 22 323 401 
5 28 37 78 171 10 12 268 301 16 17 327 378 17 19 480 532 2 2 609 613 
4 1 1 170 174 75 75 216 346 7 8 414 439 33 38 502 582 
2 59 73 2 130 24 29 518 606 
3 30 54 255 391 33 53 491 589 6 24 539 583 
