10 508
45 1 2 6 12 6 55 12 140 1 3 32 40 12 73 34 210 5 39 36 156 1 5 64 76 1 11 95 117 10 52 102 274 6 43 117 243 1 12 124 151 1 1 149 154 7 41 170 296 10 77 174 322 7 55 181 336 9 50 287 438 1 11 291 313 2 23 294 371 2 55 298 448 10 69 317 486 2 32 317 385 3 23 318 374 1 15 340 377 6 52 414 530 7 48 419 564 9 73 468 617 1 6 511 527 4 18 519 591 8 39 570 714 4 59 571 733 1 7 573 595 6 42 589 700 2 23 625 668 10 50 629 808 7 51 687 826 8 57 703 822 3 21 712 753 4 45 761 854 1 9 763 785 1 3 800 811 3 22 822 894 1 1 840 845 1 5 857 871 1 2 897 901 1 1 898 902 1 1 906 909 
55 5 46 12 111 1 12 17 41 1 11 30 55 8 93 34 197 1 7 39 58 1 19 56 103 2 10 97 134 1 20 108 138 8 68 110 281 6 34 120 274 7 45 127 259 8 51 131 310 5 47 132 247 7 59 178 320 1 12 185 217 2 20 213 270 7 67 260 415 5 25 267 337 2 16 321 368 6 30 334 468 1 1 397 401 1 5 432 454 6 19 447 544 3 15 471 548 10 80 472 622 8 56 504 657 4 80 535 686 2 9 536 587 1 4 565 577 7 48 576 724 1 3 585 594 2 16 596 639 1 7 598 615 4 25 608 672 8 47 650 773 1 10 670 695 3 10 673 718 10 55 685 840 6 53 704 843 3 21 719 773 6 46 725 880 1 8 747 770 4 50 749 833 1 9 799 820 1 11 810 837 1 1 814 817 1 12 831 856 1 3 848 855 1 2 868 877 2 8 869 908 1 10 880 903 1 2 887 893 1 3 889 904 1 1 901 905 1 1 907 910 
45 4 44 57 217 6 68 65 221 5 29 76 154 5 47 97 213 7 83 117 278 1 7 122 148 2 75 129 309 3 27 135 222 11 69 174 340 1 6 184 198 4 39 190 372 1 1 201 206 3 23 207 253 8 89 255 414 3 27 257 327 6 37 258 359 1 3 281 295 8 46 297 387 3 20 301 356 3 31 328 401 3 35 345 417 7 52 360 483 1 4 366 381 2 50 413 531 5 26 465 571 3 25 472 539 7 74 476 632 1 2 498 508 1 16 505 535 3 40 533 604 9 69 536 700 1 13 543 578 7 35 553 666 6 54 579 725 4 40 618 701 3 47 633 707 6 35 641 761 6 48 650 773 7 43 719 851 5 8 725 823 9 94 730 898 2 15 807 858 2 22 814 865 3 33 822 883 1 5 863 879 
49 9 40 16 163 3 29 58 121 5 68 67 223 9 56 83 257 4 49 109 233 1 1 111 116 1 14 187 216 2 21 188 231 2 14 249 285 5 48 270 384 6 60 271 421 9 78 280 447 6 26 319 416 1 1 332 336 2 13 353 395 8 45 354 518 8 57 371 519 3 25 393 455 2 17 418 458 2 28 449 518 7 40 469 599 7 48 484 627 5 63 501 631 7 46 529 686 4 20 535 601 6 39 560 678 4 64 562 701 2 13 563 607 4 36 600 685 6 83 605 782 1 12 619 656 6 35 623 752 1 14 647 673 6 68 675 834 1 4 694 701 4 31 696 781 3 26 732 796 5 26 732 841 4 24 749 806 2 15 751 788 3 40 776 874 3 30 779 840 1 18 779 818 2 21 802 859 2 38 811 879 3 22 834 888 1 6 842 856 1 8 856 883 1 14 866 900 
44 1 9 18 46 2 32 20 91 7 45 34 174 5 47 35 154 4 26 48 140 1 11 75 100 5 18 77 157 1 10 80 105 2 7 91 125 4 32 114 228 5 35 130 245 2 23 175 266 5 44 253 366 8 66 269 429 9 53 274 396 9 27 277 415 7 43 312 412 5 25 316 421 8 51 351 477 10 50 370 527 5 40 396 495 4 63 419 568 3 23 476 545 2 21 517 577 6 56 529 681 4 44 539 654 9 62 571 710 2 24 575 660 8 60 613 795 2 15 649 699 7 56 654 772 3 46 660 760 10 71 675 856 5 39 676 772 1 1 725 731 1 16 742 776 6 36 749 905 1 6 791 806 1 14 807 839 1 3 817 829 3 33 831 898 2 19 831 884 1 2 865 871 1 2 896 901 
48 2 32 35 97 5 35 50 144 4 18 61 169 9 62 78 201 6 84 81 241 6 67 94 244 2 37 116 181 4 35 131 262 5 27 142 216 6 45 187 289 2 17 190 221 8 47 199 367 8 44 207 350 2 12 211 242 3 25 245 312 2 23 250 303 4 35 270 378 4 50 317 458 1 24 325 378 1 28 339 388 3 16 348 405 1 9 374 395 4 34 379 472 10 105 388 555 5 36 397 536 2 39 404 462 2 16 410 441 1 15 473 523 6 44 494 598 6 61 498 633 3 22 505 569 7 66 541 676 7 33 541 646 2 12 580 632 2 21 617 666 7 53 685 813 1 9 702 721 7 62 707 855 10 61 736 898 3 37 769 849 5 33 779 886 4 42 808 905 3 38 838 909 1 14 862 889 1 5 880 898 1 1 892 895 1 5 892 907 1 1 901 908 
57 9 61 93 232 2 17 102 158 2 20 109 148 1 5 117 131 7 38 148 313 6 69 171 325 1 12 190 220 3 74 194 348 1 19 207 250 3 12 252 320 1 17 284 334 4 32 300 378 5 50 310 402 7 85 315 497 9 70 329 488 4 39 338 432 5 59 346 480 6 47 347 493 5 51 367 480 1 12 378 410 1 7 380 400 4 28 390 467 7 75 411 557 3 17 421 465 1 1 427 431 1 4 452 469 3 55 474 591 5 48 526 654 7 55 538 692 3 29 546 648 1 5 547 564 2 18 552 631 6 67 570 695 4 32 585 673 1 4 589 606 1 7 594 616 1 11 594 624 3 37 608 674 11 111 617 798 4 27 631 726 10 76 644 819 1 10 657 673 1 9 664 692 2 33 678 743 3 10 684 723 1 2 728 735 1 3 745 755 3 20 764 808 1 18 766 810 4 70 778 910 4 27 779 836 1 6 831 845 1 13 834 858 2 22 861 910 1 5 862 873 1 1 875 878 1 1 882 885 
58 6 31 6 101 6 35 15 130 1 9 42 71 1 10 46 90 4 40 72 158 1 17 90 129 1 6 94 108 8 60 96 235 3 41 99 179 1 18 101 135 3 23 103 169 1 2 145 151 5 58 158 278 6 37 166 292 1 1 192 198 4 28 202 285 4 31 203 265 2 23 213 279 7 51 224 347 1 10 288 327 3 21 306 349 5 51 322 489 4 51 357 488 7 37 362 471 3 20 372 441 8 39 398 539 1 3 412 419 1 26 442 493 2 21 442 492 3 43 455 564 7 60 463 642 8 48 481 604 1 11 493 522 8 52 511 643 3 22 541 594 2 46 567 661 3 32 593 648 11 78 624 760 1 6 647 659 3 32 675 759 1 8 679 700 3 24 695 752 4 50 697 871 5 49 701 837 4 48 715 855 3 30 715 768 6 58 715 880 2 9 729 773 1 20 739 781 4 29 759 825 5 44 764 874 4 40 769 886 1 10 770 801 1 7 777 797 1 10 863 886 1 8 878 893 1 2 888 897 1 3 896 904 
54 3 26 3 84 6 63 38 208 4 17 40 103 2 16 40 79 6 45 58 182 2 28 60 111 10 47 127 279 2 24 156 226 1 3 182 192 10 90 199 380 5 43 200 354 3 15 209 292 2 24 233 295 1 6 298 326 4 43 305 404 1 11 324 353 5 35 342 467 6 41 350 472 1 5 352 374 5 47 359 457 9 78 361 541 6 45 409 509 9 47 445 585 1 10 466 495 2 32 470 541 1 6 525 539 7 70 549 693 3 27 559 635 2 13 559 591 6 77 573 734 9 55 591 738 8 32 604 761 3 18 616 685 1 2 631 638 4 57 648 735 3 22 655 745 2 32 697 785 3 44 700 820 2 12 712 752 1 30 729 788 2 6 740 772 8 40 748 877 4 12 767 836 1 8 771 796 2 17 775 811 3 16 813 858 3 37 820 909 2 29 824 887 1 3 836 845 2 14 843 883 4 27 843 905 1 13 849 883 1 8 878 896 1 5 884 896 
53 4 20 29 113 3 23 30 88 6 30 56 192 4 68 111 238 7 67 172 351 1 19 188 222 5 31 208 316 6 38 215 329 5 52 218 335 7 68 223 376 4 48 237 347 2 9 241 278 3 30 279 356 1 7 285 304 2 34 328 419 11 73 356 536 1 3 369 375 1 13 379 418 7 60 395 526 6 54 425 584 4 32 442 547 1 19 456 499 3 18 472 552 6 45 479 577 4 48 504 667 10 66 526 700 3 37 542 646 4 43 556 673 2 21 562 612 2 18 563 604 10 64 597 759 2 22 626 672 1 17 665 703 3 30 670 735 1 4 670 679 4 37 674 777 3 30 700 764 10 43 712 876 1 1 717 723 3 28 717 770 1 12 731 766 1 11 735 777 4 35 757 832 3 43 796 871 4 43 809 901 3 37 809 882 1 4 815 826 3 20 823 881 1 6 829 841 1 15 832 864 1 4 836 847 2 17 838 873 1 7 853 868 
