10 68
5 8 12 178 207 58 58 295 441 21 21 457 510 22 33 564 649 59 59 594 711 
11 6 7 40 55 10 10 138 180 46 63 235 362 16 18 373 414 14 14 506 538 28 35 607 682 3 5 618 634 14 14 682 727 10 12 727 751 5 5 749 766 2 2 762 769 
6 2 2 181 187 26 62 387 541 51 61 495 609 28 47 519 627 39 70 587 721 9 21 669 719 
5 47 47 116 207 37 49 314 437 43 43 338 480 2 2 455 460 41 41 517 647 
7 11 13 145 172 52 52 146 263 34 47 330 434 25 25 364 418 14 24 582 639 24 24 656 750 2 2 753 759 
7 1 1 48 51 16 21 390 430 46 46 423 515 47 47 552 650 36 36 557 643 15 16 667 724 21 21 685 749 
5 52 52 158 258 8 11 195 219 54 60 467 603 50 53 474 593 31 57 616 751 
5 33 50 24 144 49 69 70 210 24 28 202 301 34 57 217 331 14 14 476 514 
8 60 62 11 162 24 31 124 189 23 31 365 437 29 37 370 471 4 7 375 390 12 17 475 522 45 58 593 745 6 9 628 647 
9 31 63 61 214 4 4 110 121 32 32 198 276 8 20 280 329 51 56 387 526 7 7 498 514 24 30 523 604 22 22 666 717 2 4 743 750 
