10 163
19 1 3 0 10 17 17 20 97 1 1 55 65 8 8 103 142 16 20 141 204 12 15 202 262 3 6 207 236 24 28 208 332 11 21 283 342 2 4 395 408 30 41 421 560 36 36 424 563 8 14 511 551 11 16 550 607 21 31 566 690 6 8 673 709 7 7 677 699 2 2 679 686 1 1 757 760 
11 15 15 44 94 16 16 179 254 31 54 267 406 22 22 269 347 24 38 411 562 27 30 424 552 30 30 504 617 12 18 575 654 9 9 575 617 19 19 579 671 23 27 583 714 
13 31 45 3 150 1 4 26 43 21 40 131 256 17 31 224 334 4 8 231 259 28 36 301 424 27 27 316 456 5 5 355 379 26 26 361 490 28 33 538 680 12 12 589 641 15 18 626 705 1 1 634 637 
19 27 42 35 162 12 18 46 119 2 9 148 183 20 38 193 315 1 1 195 202 2 4 225 245 21 30 227 324 1 2 260 269 24 24 282 386 8 15 314 373 18 21 470 569 20 26 506 611 18 25 517 599 14 20 561 628 17 33 623 714 6 6 698 727 2 2 744 755 1 2 751 760 1 1 751 756 
17 17 22 53 151 17 36 67 197 1 1 78 86 21 21 81 157 24 30 160 302 14 14 246 371 11 14 276 333 14 27 315 404 3 3 355 370 15 18 412 493 14 29 414 484 14 14 432 491 23 23 500 585 11 11 642 688 7 12 677 717 11 19 686 744 4 4 734 753 
14 3 3 225 237 9 12 250 289 29 39 262 407 1 1 281 287 22 35 329 439 21 23 333 447 18 28 344 442 9 9 361 403 19 47 380 513 16 21 383 466 19 19 409 511 1 1 448 453 38 38 561 695 14 17 570 635 
21 1 1 49 55 7 25 67 161 23 37 97 248 22 29 209 325 21 21 212 288 2 3 222 239 7 14 355 405 15 21 362 452 13 22 383 446 23 30 416 541 11 18 593 673 4 5 598 620 5 7 644 677 12 14 645 694 24 32 646 738 13 13 690 748 1 1 713 721 11 14 713 751 6 9 720 757 2 3 737 749 2 2 742 750 
17 1 1 78 87 21 21 113 228 19 22 126 230 22 22 126 223 14 16 130 207 18 35 171 282 14 27 193 314 28 28 223 340 13 34 229 310 1 1 244 251 1 1 247 251 1 1 360 365 12 12 512 561 17 26 582 686 20 21 599 706 18 30 602 713 10 10 690 736 
17 23 24 29 114 8 8 74 111 16 16 153 212 8 15 158 207 4 5 221 249 17 41 309 461 14 18 334 408 19 35 521 634 30 30 542 654 19 24 577 665 1 1 591 594 31 31 611 743 3 6 614 656 19 26 633 739 11 11 690 747 1 1 703 706 1 1 751 756 
15 3 6 8 30 17 30 39 144 1 1 95 103 4 6 96 122 26 26 144 272 13 13 170 232 15 15 300 384 19 30 340 445 30 30 388 517 11 34 437 544 24 24 440 555 41 41 463 600 4 4 577 613 14 24 629 722 4 5 685 708 
