10 110
15 3 3 34 41 7 9 61 89 23 28 83 138 2 3 85 92 4 5 107 121 19 24 139 200 21 28 146 201 8 15 155 182 1 1 173 176 1 1 181 185 2 2 185 191 7 8 188 207 6 7 347 368 3 3 352 359 6 7 356 371 
10 19 20 103 152 23 32 141 196 11 11 174 213 8 8 175 191 15 15 182 228 6 6 185 199 21 30 236 293 13 22 306 350 3 7 341 365 3 3 358 368 
13 24 24 14 83 27 27 70 129 5 5 129 142 22 22 144 193 10 14 152 183 2 2 180 187 7 10 235 255 4 5 242 256 1 2 267 273 4 4 272 289 7 12 331 358 7 11 333 357 2 3 357 365 
8 23 29 49 111 19 24 50 107 15 18 169 209 37 37 256 328 6 12 270 292 4 6 279 297 9 10 312 336 2 4 327 338 
11 10 25 10 50 2 3 14 27 21 21 29 82 12 12 56 87 23 23 124 183 4 4 133 152 14 14 133 165 9 15 245 269 14 14 284 313 1 1 306 309 10 21 325 361 
13 6 10 21 42 12 15 78 120 15 15 85 128 14 14 163 195 3 4 175 186 1 1 179 183 11 15 230 269 5 5 236 255 8 8 236 261 23 25 249 307 9 10 257 292 5 14 331 360 2 2 357 363 
8 25 25 31 79 23 34 38 112 6 8 48 65 20 20 55 105 1 2 66 71 23 23 99 155 8 8 175 194 5 6 252 276 
8 16 20 42 89 29 33 93 163 10 28 146 210 5 5 162 179 23 28 172 240 20 21 227 283 5 5 280 292 2 5 349 359 
12 24 24 34 106 15 31 68 130 1 1 73 77 12 12 119 147 1 2 143 150 14 19 169 215 2 3 179 185 15 15 264 307 17 25 299 348 5 6 305 318 13 13 324 364 2 5 330 339 
12 4 4 49 60 5 5 57 66 9 9 84 113 6 6 96 116 12 14 107 147 8 8 160 183 14 22 214 260 11 18 218 257 6 11 253 272 9 21 258 294 18 18 290 332 13 18 302 341 
