10 120
11 23 79 140 283 30 44 237 359 22 68 337 453 14 41 415 502 16 56 517 666 14 38 518 630 9 10 537 569 2 6 582 596 6 12 626 657 3 8 629 659 14 39 656 726 
13 8 14 18 60 30 64 58 209 25 72 96 222 13 37 97 177 7 20 140 194 3 5 205 222 27 60 320 461 9 12 353 399 20 43 413 514 17 41 427 500 1 3 597 612 4 10 628 657 4 11 697 718 
13 11 21 18 67 24 24 57 163 19 57 73 176 3 7 84 107 9 24 170 232 19 58 215 338 2 2 341 349 30 51 391 517 9 20 502 573 1 2 505 511 1 6 599 612 36 66 604 752 2 5 740 756 
10 24 61 74 210 17 26 208 289 19 41 227 310 10 27 322 384 6 7 332 358 19 38 393 504 40 45 413 553 1 3 463 471 20 38 548 640 6 17 567 620 
11 19 19 16 105 25 55 53 174 3 4 136 148 7 26 139 204 21 54 214 355 22 39 257 371 27 67 293 424 3 13 323 361 16 41 553 633 28 74 589 730 2 6 682 695 
13 24 42 43 144 3 10 144 166 11 27 177 249 32 92 200 338 6 11 317 345 31 52 362 506 3 13 365 392 6 17 444 479 12 31 464 547 18 52 483 603 1 3 534 545 14 16 574 624 2 2 651 661 
10 10 23 48 91 23 85 85 227 10 48 349 463 3 10 422 440 23 33 427 552 30 40 440 574 18 53 510 623 19 35 553 694 27 59 555 685 9 15 634 680 
13 31 31 10 156 23 23 156 244 6 11 259 288 17 19 358 424 9 27 455 514 5 8 492 521 14 21 503 576 32 52 575 715 9 38 605 701 2 3 607 615 15 64 618 755 2 4 654 666 10 15 660 697 
13 11 21 72 115 2 3 216 226 2 11 245 266 7 7 345 374 2 3 355 377 20 36 436 521 21 59 494 607 17 28 527 625 31 66 574 719 16 43 590 665 10 21 681 747 13 23 698 756 4 8 718 740 
13 31 37 42 193 38 63 98 247 20 25 138 208 22 47 247 362 1 1 298 302 9 22 309 376 8 30 347 462 13 23 385 496 9 27 496 573 1 1 499 503 24 48 531 654 6 17 587 621 5 11 742 768 
