10 227
22 1 17 37 80 4 42 67 145 4 51 68 194 5 31 73 170 3 26 92 166 1 6 137 153 6 34 166 266 2 27 193 253 1 2 278 285 4 41 278 381 1 5 348 363 5 54 390 510 3 46 428 528 1 6 434 455 2 16 458 494 4 43 469 571 4 39 494 582 3 52 503 620 1 16 547 578 1 16 552 592 1 12 558 590 1 17 601 633 
20 1 7 82 96 4 30 129 211 3 22 192 248 2 16 195 249 3 33 233 305 5 45 238 342 1 18 262 303 1 3 276 285 1 8 296 312 3 36 311 371 5 54 314 429 4 20 340 407 4 29 352 461 7 42 356 475 5 42 371 485 1 8 523 542 3 39 536 611 3 21 567 628 1 3 625 639 1 4 628 641 
20 3 41 70 154 5 41 79 159 6 32 112 213 1 14 137 168 5 34 162 259 2 39 172 245 4 23 189 260 6 57 202 327 1 7 245 267 4 30 279 383 2 43 295 384 4 40 319 421 2 17 327 389 2 23 340 400 2 40 381 446 2 14 392 429 4 32 397 462 1 3 499 507 1 7 609 636 1 12 611 640 
29 3 39 6 91 3 43 60 151 5 21 73 188 2 17 164 210 1 11 186 217 3 39 209 303 1 7 218 245 1 6 222 236 1 14 226 263 2 21 236 289 2 15 263 302 1 8 266 291 1 12 295 337 3 31 296 362 7 42 314 434 4 21 337 403 2 21 342 389 1 12 345 368 2 20 379 431 2 17 453 502 5 53 457 548 1 4 461 471 2 30 463 540 1 3 501 512 1 18 520 553 2 18 526 589 1 16 537 575 1 15 541 589 1 2 620 625 
25 3 56 56 172 4 29 65 143 1 21 80 117 3 16 80 145 2 24 85 130 1 6 133 157 3 42 144 238 1 1 260 263 3 27 288 381 6 40 311 413 1 18 373 410 3 34 390 464 7 23 397 525 1 9 411 434 4 35 423 516 2 20 447 513 1 12 454 494 4 36 496 571 1 13 543 570 2 18 564 610 1 4 568 579 1 14 592 629 1 1 599 605 1 3 618 633 1 1 627 631 
21 4 24 35 114 9 54 170 292 4 39 192 281 4 36 220 303 5 41 275 365 2 16 280 319 5 44 281 401 1 15 314 359 1 10 336 366 7 50 374 490 2 31 378 446 1 9 446 470 2 15 469 512 4 24 502 603 1 6 575 601 1 6 575 594 1 5 608 623 1 8 610 633 1 5 619 630 1 7 623 640 1 3 623 640 
20 2 43 28 130 6 58 31 156 5 39 34 130 3 45 43 158 1 6 70 86 2 15 105 154 2 38 132 226 2 18 139 185 2 35 169 238 9 36 213 330 4 31 236 355 1 4 252 271 1 19 295 341 8 55 296 417 4 40 367 473 1 14 379 406 3 22 483 556 1 4 498 510 1 2 556 560 1 1 626 631 
25 1 5 14 31 4 46 16 121 5 32 70 183 2 14 75 114 1 7 136 150 4 33 145 245 3 31 156 243 4 52 226 351 1 10 229 259 3 25 259 325 2 20 287 332 1 10 308 337 3 26 437 496 4 26 485 556 1 7 493 511 1 9 513 537 2 35 514 588 3 23 516 611 1 15 551 597 1 8 559 573 3 13 562 611 4 33 563 640 1 14 575 605 2 19 577 627 1 3 594 601 
25 1 12 2 42 1 1 16 21 2 13 32 81 1 7 37 68 4 33 44 122 2 13 102 142 3 31 167 266 1 12 188 222 1 12 193 220 7 33 229 353 6 63 240 368 1 6 249 266 1 3 251 257 1 10 300 321 6 67 334 452 4 32 355 441 1 24 363 401 3 26 365 458 1 5 377 391 1 3 387 404 6 62 387 509 1 26 402 453 1 9 472 514 1 10 577 603 1 1 634 638 
20 6 53 1 90 4 30 5 72 1 9 8 37 1 17 114 155 1 3 116 127 8 43 129 251 7 51 247 339 4 30 254 321 1 7 263 276 3 31 284 367 2 7 310 367 1 15 326 361 3 19 362 422 5 28 400 500 4 18 413 483 1 1 456 460 2 18 487 531 2 26 490 570 4 37 530 614 1 13 604 635 
