10 123
14 29 43 15 151 11 26 98 170 15 15 104 186 10 10 105 152 13 15 173 228 1 2 182 191 9 11 201 242 4 7 210 238 9 16 337 382 3 3 345 363 9 12 556 612 6 6 566 599 19 19 595 690 2 5 616 632 
13 3 3 72 93 21 24 148 258 11 14 182 230 6 6 192 219 6 6 194 228 23 24 293 425 10 11 337 394 17 18 415 521 8 8 432 489 1 1 499 504 22 22 556 649 19 19 620 690 1 1 691 694 
15 14 31 10 100 5 5 42 70 15 38 62 182 14 20 70 146 27 34 96 224 2 8 128 155 4 15 210 260 4 4 222 239 1 1 259 263 19 35 415 548 4 4 424 443 11 13 435 498 1 3 467 480 16 16 546 612 3 5 653 678 
13 30 32 16 143 5 5 119 142 8 8 126 177 2 2 173 186 18 32 248 355 3 5 278 299 21 27 316 436 2 2 339 350 22 27 462 577 10 12 527 574 14 28 593 675 10 10 628 667 1 1 676 685 
10 21 29 3 141 42 42 220 355 33 46 288 422 3 7 330 358 6 22 339 402 7 11 397 438 1 1 398 404 14 24 423 512 10 12 588 642 1 2 589 598 
14 6 7 45 72 25 34 58 178 4 5 202 227 1 1 220 224 15 19 275 344 15 20 321 413 37 37 328 460 2 5 384 407 6 12 500 544 16 40 587 702 7 8 665 701 2 5 667 685 3 3 673 691 1 1 694 699 
10 21 30 2 138 27 40 43 175 3 5 146 168 8 8 168 197 10 14 209 261 37 37 249 381 19 30 510 612 9 21 538 598 12 12 558 611 9 13 634 698 
6 22 37 66 171 19 19 92 196 32 32 190 319 31 31 194 312 15 31 224 321 28 28 377 502 
13 7 39 15 101 14 37 23 145 17 17 147 214 17 19 160 298 9 11 319 371 3 5 385 410 6 6 419 447 5 9 420 455 14 21 491 572 26 33 496 619 12 28 614 678 7 12 636 677 1 1 689 693 
15 1 1 7 10 40 40 39 178 1 1 48 57 10 12 145 199 10 12 174 219 17 17 191 254 28 35 301 424 2 2 514 525 9 20 557 624 8 10 596 638 7 11 616 648 5 5 619 649 14 16 639 701 6 8 640 677 4 4 658 672 
