10 253
27 1 8 33 58 2 20 38 91 3 54 39 130 3 43 69 152 3 38 77 167 4 40 130 204 5 44 144 272 2 19 166 246 6 64 169 309 3 15 183 246 2 16 239 293 6 42 260 359 1 4 326 344 2 21 330 396 1 6 360 377 1 12 374 407 2 19 407 459 4 21 511 579 5 29 525 628 4 30 586 648 3 36 618 693 3 37 619 709 1 10 624 656 3 23 626 684 1 27 637 688 1 4 715 726 1 1 735 738 
29 1 1 19 24 1 2 27 36 1 7 76 103 3 40 78 155 5 45 86 206 4 37 98 173 3 28 103 168 5 43 121 232 5 61 140 271 2 23 150 195 4 28 160 250 1 3 192 202 4 48 192 285 1 8 261 294 3 30 309 372 5 57 314 452 4 27 387 458 3 27 398 451 2 20 450 506 1 6 473 489 1 5 503 533 1 19 534 593 1 4 535 547 4 45 638 737 3 22 654 713 2 14 667 702 2 14 671 711 1 3 705 732 1 10 706 731 
25 4 44 107 186 1 2 124 134 5 45 129 248 1 11 134 159 3 28 144 215 5 60 217 320 4 28 229 340 5 62 235 370 6 44 248 370 1 26 260 299 5 51 361 491 3 24 363 416 5 38 364 485 1 6 487 498 1 1 542 546 6 22 557 691 4 27 596 678 5 59 609 723 2 29 611 662 2 13 626 678 1 25 650 712 2 15 693 733 1 1 694 698 1 6 719 732 1 1 733 737 
26 2 15 16 70 1 8 42 65 3 22 70 133 2 15 74 118 3 37 89 177 1 2 113 124 3 24 116 178 9 43 141 274 5 39 147 229 3 25 233 298 6 50 238 360 6 51 279 406 1 4 286 300 1 15 452 488 1 19 489 534 5 49 495 610 2 33 499 575 2 29 515 591 5 31 527 642 3 20 556 632 3 25 652 705 1 4 674 686 1 14 686 721 1 22 691 730 1 6 700 712 1 4 714 728 
17 1 7 0 18 7 53 75 188 6 32 148 266 6 31 195 327 7 43 230 360 5 48 282 369 8 38 297 430 2 14 297 348 3 24 315 396 3 19 324 382 1 23 375 437 6 26 425 544 6 24 469 588 5 53 542 659 2 35 545 625 2 19 689 729 2 10 709 738 
28 2 16 30 77 3 43 94 173 1 11 96 132 4 42 114 239 3 24 122 197 1 1 124 130 1 9 147 172 5 45 153 273 3 26 158 217 3 42 221 301 1 1 237 240 7 61 278 415 2 16 287 335 3 23 293 340 3 44 311 411 5 68 332 460 3 26 334 410 1 3 443 455 1 7 533 548 4 31 574 677 8 44 575 693 1 13 593 635 2 25 629 727 1 1 637 640 1 11 642 667 1 8 710 731 1 4 723 737 1 1 724 728 
23 1 6 18 33 1 2 22 30 3 27 52 126 1 16 139 182 1 7 140 154 1 3 178 188 6 39 181 300 1 8 310 340 8 31 326 473 1 16 341 379 5 51 348 453 1 2 383 388 4 64 385 512 3 31 407 482 6 63 412 536 9 91 506 653 5 36 521 608 4 76 559 681 1 12 571 614 6 50 592 733 2 16 660 692 1 4 671 685 1 1 725 728 
31 4 26 34 101 7 46 100 236 4 63 125 259 1 28 137 219 2 39 159 231 1 12 209 247 2 16 229 266 1 10 245 300 5 66 253 395 1 11 265 305 1 3 290 303 1 12 318 354 1 7 335 358 1 3 339 349 1 5 399 412 4 16 414 501 5 32 434 537 3 25 440 499 3 25 476 556 2 28 508 575 3 44 514 653 1 12 516 553 8 44 524 644 1 5 539 551 1 6 545 565 1 1 552 555 1 24 579 640 3 27 650 729 1 2 716 731 1 2 730 734 1 1 734 737 
22 4 16 0 70 3 26 30 107 7 41 49 182 3 25 166 228 1 1 209 212 5 26 270 369 1 15 335 370 5 69 337 456 1 1 408 411 4 40 420 512 1 17 453 502 1 9 454 475 1 2 462 466 4 27 497 570 4 31 500 571 5 45 510 594 6 62 531 651 4 29 622 689 1 12 623 669 7 41 631 736 2 13 636 682 4 40 640 738 
25 2 17 16 83 2 10 50 107 2 42 61 139 1 2 153 160 4 59 156 271 4 63 183 318 5 44 202 301 5 30 279 376 8 67 284 419 1 15 285 326 8 50 299 427 2 29 302 372 1 4 306 321 1 8 311 338 4 20 362 437 5 41 383 512 5 49 399 502 1 17 425 463 3 33 453 523 1 7 489 503 2 19 498 549 1 31 504 571 4 33 603 694 2 19 687 731 1 1 734 737 
