10 468
50 3 18 11 71 1 16 17 51 8 59 27 165 1 7 58 72 6 75 62 212 2 22 74 126 2 24 93 137 4 18 127 185 4 45 134 212 2 25 154 225 2 17 161 211 4 44 166 257 10 69 166 314 9 71 175 320 6 69 189 330 9 66 195 349 6 55 223 327 1 9 224 243 1 9 227 249 1 22 294 349 4 16 295 366 1 16 307 340 4 28 317 419 4 46 319 438 6 36 388 517 3 58 393 548 1 19 416 459 4 25 438 511 4 40 447 527 1 4 457 479 1 6 459 474 3 24 483 539 5 15 486 592 4 30 536 632 1 26 544 596 3 33 547 620 7 44 571 700 6 52 584 707 1 15 586 614 2 23 610 661 1 16 643 681 2 21 671 718 2 9 686 726 2 16 703 749 2 22 705 755 3 22 707 769 1 2 717 729 1 5 763 778 1 2 772 777 1 1 783 788 
50 7 59 4 143 3 26 21 100 11 54 22 180 1 12 49 72 4 30 117 250 7 29 122 248 3 14 144 200 1 2 188 198 1 4 200 215 1 9 213 232 5 27 216 336 1 1 219 222 6 29 224 371 5 47 236 345 2 29 236 301 4 33 252 356 4 53 297 380 2 29 298 363 3 25 298 363 6 56 300 440 6 69 358 494 3 26 370 431 2 20 383 445 2 15 395 433 1 1 421 426 2 14 461 510 5 41 482 580 1 2 526 534 3 37 562 687 1 14 563 605 6 19 573 702 3 20 584 640 9 38 608 764 1 12 613 636 5 32 644 767 7 47 650 759 9 58 657 787 1 11 669 699 1 9 681 701 3 43 682 770 1 2 682 689 3 22 693 761 3 16 694 755 1 5 714 728 1 16 714 754 2 16 717 758 1 7 735 771 1 1 784 788 1 1 786 789 1 1 787 790 
40 4 28 10 97 6 48 11 120 2 19 46 89 7 68 48 173 6 37 52 180 8 76 84 238 10 76 89 237 6 37 104 197 4 66 106 247 1 5 131 151 5 54 132 285 4 33 152 262 7 52 160 307 1 66 227 348 5 32 232 352 1 9 272 292 3 42 273 349 3 16 303 349 6 28 311 423 3 23 320 392 1 18 409 449 4 56 435 554 6 41 461 557 6 56 471 602 6 44 488 614 6 56 529 677 2 29 575 646 5 46 591 680 3 41 596 737 5 51 611 732 3 31 614 672 8 55 621 757 6 47 643 759 1 2 669 674 1 4 687 702 1 13 690 720 1 7 714 739 2 15 726 764 1 1 732 738 1 14 745 784 
46 6 50 24 160 3 42 40 157 4 46 67 170 5 42 126 220 6 50 139 260 5 17 144 224 1 2 145 152 6 56 154 257 2 25 195 290 2 29 200 260 2 9 238 296 8 64 243 390 2 19 294 350 1 6 295 307 2 28 299 378 1 15 306 349 4 76 308 465 4 47 319 436 3 22 321 362 6 43 350 482 6 43 363 481 2 17 381 439 6 38 413 510 4 41 418 506 4 45 433 528 4 42 475 554 7 67 507 665 8 47 542 663 4 40 566 653 5 22 570 672 5 44 585 719 3 21 627 688 2 49 638 744 2 20 649 691 4 39 667 752 4 37 672 777 5 39 686 785 3 37 705 780 1 11 705 733 1 9 726 751 1 9 728 749 1 2 737 743 1 2 766 771 1 9 768 787 1 2 772 779 1 4 775 785 
51 4 27 9 87 4 48 13 92 3 27 18 103 2 13 28 69 2 14 28 77 2 27 35 112 4 23 38 121 7 50 43 167 5 70 106 221 5 32 112 215 2 22 118 171 9 50 128 273 1 1 141 144 1 6 151 184 2 14 164 197 1 13 167 198 1 11 186 211 3 16 194 251 7 33 217 356 1 11 221 260 3 20 231 274 1 11 259 289 2 23 265 304 1 14 295 329 7 65 301 444 1 2 354 359 3 27 358 426 4 22 368 444 9 57 386 530 7 68 393 521 5 24 394 474 1 17 415 457 3 22 422 515 1 10 427 444 1 72 437 591 7 35 446 567 6 35 492 587 1 61 529 656 1 4 566 587 4 35 600 707 7 57 619 760 2 24 641 699 3 39 665 751 2 30 677 736 4 53 678 774 2 28 686 740 2 12 709 750 1 12 712 739 1 10 752 786 1 5 754 768 1 1 786 790 
53 7 54 21 141 3 39 126 203 1 3 172 185 1 10 176 197 2 23 182 226 1 2 190 197 1 6 197 213 5 28 202 298 2 14 202 246 3 32 206 288 1 16 213 261 10 74 231 363 7 29 236 336 4 30 280 383 2 23 281 335 2 9 288 327 3 15 335 392 1 20 340 393 2 23 359 438 1 4 443 456 6 42 470 579 4 24 494 574 3 50 508 605 5 72 513 660 6 44 523 656 7 59 537 675 3 23 542 621 6 41 543 651 2 25 546 608 1 4 577 588 3 24 577 663 1 13 578 613 1 14 583 619 5 76 585 708 7 52 588 711 10 57 591 736 1 3 598 606 3 21 631 688 4 40 631 748 5 40 634 738 1 9 669 698 1 11 676 710 2 14 683 729 3 35 692 786 4 28 692 777 2 23 696 750 1 4 712 728 1 4 715 724 1 8 719 746 1 1 736 741 1 7 756 782 1 6 773 786 1 5 774 790 
40 9 50 34 188 3 39 60 167 9 63 68 222 5 43 83 190 7 53 94 249 8 26 112 248 5 43 144 262 4 17 164 243 5 22 193 266 2 18 195 250 7 47 198 319 1 15 211 251 2 20 213 261 4 21 255 326 2 21 266 353 1 19 290 350 11 56 292 446 2 30 331 406 4 52 362 476 7 71 413 566 1 5 427 438 6 69 429 584 4 23 434 521 6 35 442 541 1 12 457 491 7 50 501 627 1 4 510 524 4 61 514 654 6 54 550 700 4 46 563 668 1 5 592 613 1 15 599 631 4 56 609 736 3 19 624 681 6 36 634 726 2 17 638 681 2 29 676 740 1 24 743 787 1 6 769 783 1 3 777 784 
43 3 27 12 95 1 5 48 61 8 42 98 246 1 3 115 128 1 3 116 125 6 69 125 247 1 35 127 195 6 48 153 265 3 23 160 255 8 41 172 294 7 39 190 331 1 7 219 253 6 45 226 363 3 21 274 329 1 3 285 292 3 30 291 382 8 36 305 418 6 57 317 445 7 53 318 472 1 14 350 380 6 43 359 458 1 2 372 379 6 30 381 501 4 49 390 508 1 2 394 403 1 12 407 429 1 13 440 467 4 45 472 566 1 23 513 592 8 16 527 649 1 10 547 570 2 24 579 641 5 24 580 688 5 48 607 718 7 67 612 754 4 49 615 719 7 71 650 783 4 45 663 750 5 51 669 789 5 28 676 760 3 22 692 750 1 4 718 730 1 9 766 790 
50 2 16 1 50 2 17 13 58 11 38 25 183 3 27 26 104 2 41 31 122 5 38 43 124 1 2 57 77 3 8 62 119 1 6 67 84 2 31 72 128 5 42 100 209 5 17 102 183 4 54 109 221 2 18 119 171 7 37 139 263 7 41 204 360 2 27 221 280 3 27 236 306 1 9 297 316 8 63 340 480 5 59 392 538 1 21 413 455 1 12 414 467 1 2 422 428 6 42 423 530 1 2 445 452 6 39 463 588 1 13 464 507 6 54 471 609 9 71 479 623 4 27 494 572 4 38 507 608 1 25 529 585 1 20 562 610 4 31 572 648 6 58 577 734 2 13 578 617 4 53 611 721 2 9 628 677 1 9 633 658 2 31 639 710 2 23 644 715 3 30 654 731 4 6 663 763 1 11 668 693 2 21 678 724 1 1 678 683 2 15 683 722 3 22 705 774 1 8 755 780 
45 1 6 9 29 1 6 13 33 1 11 15 39 3 33 16 87 1 6 58 76 1 16 71 108 5 64 78 234 1 16 83 123 7 63 90 244 6 40 95 182 7 57 113 244 7 38 151 270 1 19 166 220 7 65 167 308 6 42 171 265 4 71 205 342 2 17 223 263 4 44 259 363 4 46 263 360 2 21 268 313 3 37 306 401 5 18 313 403 1 2 324 330 6 20 328 447 6 46 329 442 2 10 342 398 6 49 356 466 6 41 360 449 2 15 378 425 2 20 387 449 6 33 401 489 1 1 402 405 2 20 444 492 1 18 472 526 4 36 493 590 6 47 496 630 2 21 510 577 7 32 529 645 8 65 548 687 7 45 582 706 1 10 596 625 2 17 605 662 1 16 674 713 2 19 746 781 1 6 766 781 
