10 472
45 2 23 7 59 1 3 9 19 1 10 20 49 1 13 20 44 2 14 23 65 1 6 28 45 2 21 29 90 1 4 54 69 4 32 63 119 2 14 72 107 1 3 82 94 1 15 83 127 1 4 98 108 1 1 105 109 1 9 119 147 1 12 121 148 1 15 125 165 1 13 129 162 2 27 135 200 1 14 151 188 1 2 153 159 1 6 157 171 1 2 159 165 4 14 166 227 1 4 180 198 2 18 199 250 1 12 203 230 2 27 204 270 1 11 208 241 1 6 209 228 2 20 230 277 2 21 235 279 1 7 239 262 2 11 242 278 2 19 248 286 2 11 248 288 1 8 255 274 3 35 258 325 1 2 267 271 3 31 278 340 3 22 280 342 1 12 282 309 1 5 282 307 1 1 329 332 1 2 330 339 
44 1 3 9 18 3 14 11 67 1 2 12 19 2 20 14 74 1 7 16 36 1 9 18 42 1 5 24 37 3 14 64 123 1 4 64 79 2 10 65 110 1 1 75 80 2 15 76 116 1 8 76 116 1 7 84 113 2 27 97 143 1 8 134 154 1 4 136 148 1 24 141 186 3 26 146 207 1 23 151 204 3 21 163 216 3 19 170 213 1 10 171 197 2 13 177 221 2 29 177 235 1 11 186 218 3 21 192 248 2 16 208 262 1 4 210 228 1 11 213 248 2 26 231 298 2 25 241 296 1 4 248 260 1 1 252 260 1 1 254 258 2 17 267 324 2 17 270 302 1 2 270 276 2 13 272 310 2 26 276 335 1 8 277 299 1 4 325 337 1 3 331 341 1 2 334 341 
54 1 15 7 43 2 18 14 58 1 19 16 53 1 10 19 44 2 19 29 81 1 9 35 71 3 32 36 96 1 8 47 73 1 11 53 89 1 1 57 61 2 26 61 115 1 3 65 81 1 16 73 115 1 3 77 87 1 5 86 117 2 23 88 128 1 6 91 119 1 1 101 104 1 6 117 129 2 29 131 182 2 16 132 172 2 20 138 192 1 7 139 162 1 15 140 170 1 5 143 153 1 7 148 169 3 27 156 213 1 8 158 183 1 18 183 217 1 1 187 190 1 2 196 202 1 5 213 231 2 25 217 257 1 10 222 251 1 3 227 234 1 7 228 241 1 7 240 256 3 14 249 300 1 8 250 287 1 15 251 283 1 5 275 296 1 6 279 299 1 5 287 300 2 16 290 331 1 3 290 302 1 3 295 305 1 5 302 314 1 1 302 305 1 2 303 311 1 14 303 342 1 4 313 336 1 3 326 336 1 3 326 335 1 1 328 331 
43 2 19 9 64 1 16 12 54 3 37 14 81 1 4 24 34 2 16 25 79 2 23 35 86 1 22 40 96 1 16 74 115 1 18 80 137 4 27 91 158 1 5 95 115 3 12 98 157 2 21 106 151 2 22 107 152 1 8 126 163 1 20 129 182 1 10 133 156 1 5 139 161 1 2 152 157 2 35 172 237 1 5 173 188 4 14 185 234 1 2 186 194 3 22 198 263 1 2 202 210 1 5 212 225 3 22 218 282 1 15 221 267 3 44 233 300 2 20 234 276 2 13 244 282 1 3 245 253 1 8 246 272 1 12 253 286 2 21 257 316 2 15 266 314 1 11 280 303 1 8 285 317 1 4 285 293 1 6 289 309 1 2 308 312 1 6 314 333 1 3 320 334 
49 1 8 1 18 1 1 7 10 3 20 22 86 1 16 34 58 1 10 43 66 1 12 43 65 1 3 56 67 1 5 75 90 1 8 85 117 1 2 85 91 1 2 87 92 1 4 93 109 1 10 104 128 2 18 104 146 1 4 118 127 1 18 119 158 1 25 124 173 3 28 132 187 3 21 134 193 1 6 137 160 1 22 146 190 2 19 150 198 1 11 156 191 1 8 156 172 1 2 163 172 2 19 173 221 1 4 187 195 3 21 192 252 1 13 195 237 1 9 196 227 1 18 199 245 3 24 206 267 1 11 210 237 2 18 211 252 1 4 213 229 2 9 221 259 1 7 224 241 2 24 233 300 1 7 235 252 1 12 237 263 1 15 241 283 1 9 249 276 4 28 260 320 1 6 266 279 2 32 280 336 1 3 313 326 1 2 331 339 1 1 332 336 1 1 340 343 
45 1 15 14 41 2 9 14 46 2 30 19 85 2 18 24 75 1 11 29 64 2 13 34 64 2 34 42 105 2 26 51 114 3 15 57 107 2 13 67 118 2 23 73 116 1 3 80 91 2 23 84 124 1 18 92 158 1 3 99 106 1 14 104 142 1 8 107 124 1 10 126 144 1 1 135 138 2 12 144 185 1 3 150 160 3 9 154 201 2 20 159 209 1 4 159 168 2 23 162 215 3 12 182 248 2 14 182 214 1 19 208 261 1 1 211 214 1 17 231 262 1 1 233 240 2 14 237 284 2 14 238 267 1 9 239 267 1 2 248 257 2 7 257 302 1 7 259 280 1 8 267 290 1 20 270 316 3 22 276 325 1 12 277 314 1 2 287 296 1 8 305 331 1 2 319 324 1 1 340 343 
52 1 2 2 9 1 19 5 67 1 6 15 33 1 12 27 57 1 23 29 73 1 12 35 71 1 9 48 76 2 11 54 86 2 18 63 113 2 15 71 128 1 14 73 106 1 13 99 130 2 25 107 170 3 36 116 184 1 19 120 162 2 14 128 169 1 13 135 175 1 9 142 169 3 12 146 193 1 14 156 202 1 19 157 209 1 14 158 193 3 31 160 220 1 19 164 210 1 7 168 183 2 32 170 237 1 2 178 186 1 3 193 204 1 15 195 224 1 17 201 249 1 2 201 206 1 8 216 245 1 7 234 257 2 21 237 275 2 22 239 280 1 16 245 282 1 2 250 260 2 16 257 307 2 20 259 295 2 18 283 334 1 1 283 286 1 19 283 323 1 9 285 314 1 4 302 311 1 12 304 340 1 6 307 333 1 10 315 338 1 5 317 332 1 1 321 326 1 7 325 343 1 1 336 340 1 1 340 343 
48 1 4 0 17 3 26 19 83 1 4 20 30 1 5 27 37 2 17 35 91 1 25 36 82 1 11 42 81 2 26 44 91 1 6 48 60 3 32 51 116 1 4 72 98 1 12 85 110 1 5 91 112 3 19 98 146 1 8 99 123 1 12 101 131 2 24 107 168 1 13 130 160 1 14 130 155 1 2 135 140 3 27 149 215 1 13 155 190 1 6 157 173 1 4 163 180 2 31 170 229 2 26 172 235 1 9 178 211 3 33 178 242 1 6 183 198 1 11 187 223 1 3 190 201 2 18 197 245 2 23 203 259 1 3 204 215 1 5 206 226 1 25 216 268 2 9 231 269 1 7 239 282 3 27 241 307 1 13 249 273 2 26 257 318 1 11 285 320 1 13 286 316 1 12 291 323 1 6 319 337 1 2 326 331 1 1 328 331 1 3 333 343 
48 2 23 2 54 1 25 8 60 2 21 9 76 2 13 14 47 2 23 16 72 1 13 17 44 1 12 19 42 1 32 20 77 1 12 21 49 1 5 22 34 1 11 25 58 2 13 28 81 1 23 49 101 1 5 49 58 1 5 54 80 1 6 56 72 1 1 62 66 1 10 108 133 1 12 114 141 3 32 120 186 1 15 121 148 3 27 124 179 3 5 126 187 2 27 129 194 2 19 144 209 1 15 176 221 2 12 206 241 1 14 209 245 4 22 210 274 4 35 211 278 1 15 214 260 2 17 217 265 1 10 221 265 1 2 221 233 1 12 238 281 1 2 245 250 1 9 255 282 1 11 258 291 1 15 260 315 1 23 283 325 1 12 299 328 1 3 305 316 1 9 311 334 1 2 317 326 1 5 319 341 1 3 328 337 1 1 338 341 1 2 338 343 
44 1 21 4 48 1 11 9 34 3 22 11 75 2 37 15 76 1 8 23 52 1 5 27 36 1 13 27 60 1 14 38 72 1 5 40 59 1 4 60 73 2 24 62 128 1 4 78 91 4 26 84 148 1 4 94 101 2 21 101 163 2 30 105 160 1 5 123 136 1 17 140 171 1 5 143 155 1 14 145 171 2 23 167 233 1 11 173 199 1 21 177 220 3 18 181 235 1 5 186 198 1 4 191 200 2 12 192 242 1 6 197 222 2 12 201 257 2 19 205 250 3 19 216 269 2 27 221 266 2 19 228 272 1 16 257 295 3 31 262 328 1 7 267 285 2 18 268 316 2 11 274 336 2 14 281 314 2 18 282 321 1 4 283 294 1 17 290 332 1 1 323 328 1 1 337 340 
