10 50
4 18 28 286 365 33 55 500 620 33 39 563 658 1 1 719 723 
4 28 40 20 140 26 40 102 217 13 26 441 517 5 10 689 713 
8 11 27 179 323 16 43 259 384 15 46 314 432 1 2 411 417 5 11 432 459 12 31 444 514 16 16 611 678 1 3 718 724 
3 2 5 208 218 42 55 312 454 28 44 578 710 
7 7 14 51 93 15 26 93 156 7 10 156 195 21 31 202 295 2 4 396 405 5 6 492 513 17 43 593 697 
5 24 28 114 254 9 25 267 334 29 59 456 575 4 13 645 674 11 23 676 719 
4 7 11 143 186 22 24 386 511 18 21 472 539 25 26 591 708 
4 19 37 187 260 42 70 248 388 11 35 549 620 2 4 695 705 
6 21 61 1 125 23 44 290 400 3 6 316 331 23 51 425 532 6 13 462 503 3 5 472 483 
5 30 60 167 299 23 59 249 380 17 30 273 371 9 13 585 620 6 16 640 669 
