10 118
17 8 8 26 63 9 10 33 74 7 7 118 153 14 14 264 380 23 37 289 430 13 16 325 396 2 4 326 340 9 9 343 385 17 17 400 496 10 28 529 617 12 35 575 717 10 14 582 638 13 24 585 666 10 10 612 656 3 14 685 724 1 1 727 735 2 2 731 744 
10 13 25 44 138 10 23 74 150 6 10 117 148 34 42 255 386 6 8 320 347 4 4 376 400 19 29 381 483 16 16 407 487 22 26 495 592 24 24 551 675 
11 9 9 8 46 31 31 53 196 19 19 159 248 9 11 288 336 12 20 526 611 14 21 572 660 15 21 588 679 20 26 622 722 20 31 630 748 10 10 671 709 1 2 693 701 
16 22 27 32 131 6 11 181 216 3 5 343 369 1 2 424 432 6 8 440 470 2 5 441 459 14 20 472 531 25 48 510 646 1 1 587 594 18 18 589 669 6 8 617 639 25 41 619 744 7 13 657 694 12 12 663 715 1 1 689 698 8 13 708 746 
11 8 8 16 60 25 25 23 115 7 7 24 56 18 31 93 218 18 26 140 227 18 20 319 399 18 20 435 533 44 44 455 594 7 15 456 496 1 1 536 540 2 2 646 656 
7 19 27 67 175 19 19 94 179 32 34 114 250 33 41 461 591 23 23 523 639 17 26 619 694 17 21 644 737 
11 30 42 23 169 1 1 25 35 5 6 77 102 23 24 110 208 15 24 182 268 20 43 309 453 13 19 402 485 9 9 540 566 1 2 550 560 24 24 614 707 18 18 651 716 
10 23 25 19 130 14 24 89 215 9 15 307 357 11 18 307 363 35 35 335 481 22 25 339 435 13 13 428 494 1 2 488 497 18 18 640 721 13 13 688 734 
11 18 24 85 159 6 10 105 141 18 24 213 285 17 19 290 355 25 25 296 444 8 16 367 424 20 30 404 503 16 16 482 542 27 27 573 702 3 3 657 671 1 1 731 734 
14 5 9 2 36 4 8 4 32 12 33 30 166 11 19 108 204 1 3 376 392 14 14 441 533 1 1 451 456 8 10 462 500 18 24 490 624 12 17 560 657 23 24 575 672 24 27 612 741 22 22 621 717 6 11 656 704 
