10 55
4 30 50 107 205 34 36 167 245 77 107 188 351 38 54 562 700 
4 81 81 225 381 46 46 287 404 56 57 522 652 23 37 819 908 
8 31 32 34 110 35 44 103 204 17 22 143 201 9 9 254 276 45 90 425 605 6 11 477 499 22 27 803 857 11 11 842 876 
7 53 53 260 404 1 1 309 312 35 35 316 393 35 35 362 441 12 14 379 418 3 3 650 658 21 24 682 729 
6 42 50 98 224 15 15 393 438 17 21 501 548 40 40 610 708 39 50 723 830 14 18 739 777 
4 24 24 67 127 66 66 105 241 70 70 510 643 38 38 636 721 
7 10 10 88 115 23 38 165 262 38 59 436 542 12 50 518 626 36 47 705 806 34 45 713 832 11 19 752 786 
5 68 84 10 170 12 42 213 312 8 13 267 294 10 28 365 406 60 83 740 892 
5 41 41 199 321 42 42 240 351 43 43 521 637 26 43 584 686 39 44 678 778 
5 33 33 65 138 34 56 132 285 39 44 173 310 38 38 273 360 42 71 340 505 
