10 197
18 19 19 85 200 8 8 189 222 9 55 198 365 15 19 380 451 11 27 391 470 13 15 397 464 27 40 425 563 3 3 436 450 26 30 546 643 8 18 588 644 14 20 633 727 24 44 699 845 25 38 705 861 11 14 714 766 21 35 719 851 14 22 727 833 18 18 781 868 9 15 795 832 
21 14 14 24 80 33 36 52 191 27 39 80 212 20 23 123 207 13 25 151 239 7 8 204 244 23 23 247 344 12 17 308 364 24 24 325 464 11 12 386 432 4 12 441 476 1 2 536 543 4 5 543 566 10 10 546 588 21 47 572 742 11 11 645 678 6 9 710 737 17 24 765 847 4 4 771 795 7 9 786 817 1 1 850 856 
21 7 7 2 30 10 22 36 115 14 20 36 92 22 22 65 147 8 12 71 112 6 7 267 300 3 5 290 313 22 22 381 486 3 3 513 533 27 36 537 679 30 45 612 748 3 4 616 635 28 28 640 804 5 6 669 704 6 14 679 746 29 39 706 857 15 37 729 834 9 11 735 778 9 13 752 799 7 9 812 871 5 5 851 869 
20 8 8 81 118 27 47 84 243 13 13 130 185 19 34 155 270 28 58 224 392 11 13 379 425 8 8 385 425 25 31 412 519 26 26 421 525 12 14 539 592 6 6 546 591 8 15 552 610 28 47 605 738 29 44 623 790 4 9 643 671 11 11 689 768 5 5 711 737 1 1 732 736 11 11 793 849 6 6 833 872 
22 1 1 3 10 4 9 26 151 5 5 62 86 16 25 64 163 2 3 168 182 30 42 176 322 2 2 210 222 12 27 225 317 25 55 229 357 6 7 263 302 5 6 407 436 2 3 437 451 31 31 463 564 18 36 473 595 7 8 489 522 29 47 498 649 5 13 621 678 6 6 642 671 8 8 725 765 33 33 727 872 16 21 755 863 18 18 808 870 
20 22 30 21 134 4 4 138 160 7 7 144 174 14 14 225 306 14 14 243 300 9 9 334 373 24 24 341 479 18 25 344 434 19 26 420 534 30 30 451 584 14 33 473 574 13 21 645 711 3 3 648 668 34 34 680 829 8 19 735 793 22 25 774 859 9 11 806 852 2 3 815 825 2 5 853 870 1 1 860 864 
17 8 11 35 78 31 57 43 188 15 38 101 227 7 10 242 288 32 32 320 470 19 39 407 530 23 25 456 539 35 41 470 642 30 36 470 612 1 1 488 491 7 12 611 656 5 5 628 646 11 11 707 758 3 3 760 774 15 15 765 835 8 11 778 826 15 15 809 859 
23 28 28 7 156 13 17 7 61 11 13 17 62 17 21 31 126 3 4 32 48 13 17 50 134 18 51 51 213 23 43 100 228 8 11 106 145 3 6 215 233 4 4 270 289 3 3 391 409 9 19 420 518 5 5 421 446 33 47 474 636 6 11 541 589 22 22 637 729 2 4 686 700 14 17 691 780 8 8 714 751 14 33 763 851 4 8 773 798 5 6 831 867 
16 22 24 94 183 10 19 96 161 15 15 100 177 14 21 165 243 2 4 202 217 6 20 244 304 11 21 289 355 33 36 330 453 1 4 452 469 18 37 485 585 41 41 557 728 30 33 558 676 26 27 614 719 18 20 639 730 6 16 731 796 14 14 753 838 
19 9 12 73 117 9 18 79 152 12 21 246 348 26 35 274 393 1 1 282 286 11 13 360 420 7 13 423 463 35 43 445 613 15 18 493 577 23 43 527 661 6 10 528 566 22 26 543 652 6 12 590 642 5 5 632 656 7 9 652 695 5 8 672 705 34 45 697 850 6 19 741 804 26 26 752 865 
