10 248
21 1 4 7 15 1 3 22 48 1 21 92 149 5 63 96 219 3 50 144 286 7 36 152 269 1 2 168 172 7 66 207 345 1 8 212 227 2 36 260 372 8 31 301 424 6 49 336 453 7 52 344 470 4 35 378 469 5 25 395 457 1 2 431 439 10 48 487 611 2 24 535 585 1 10 548 574 1 6 567 587 1 9 648 675 
25 2 26 38 99 1 8 56 87 2 21 104 157 3 32 119 201 3 35 122 192 5 33 159 263 6 50 214 336 1 8 225 246 3 37 254 354 2 31 265 347 5 44 312 403 1 8 324 344 4 39 384 491 1 22 389 442 6 41 391 477 1 3 485 506 5 51 495 631 1 11 503 529 7 57 526 649 4 41 534 649 7 64 545 684 1 13 570 604 2 22 632 688 2 17 669 713 1 2 717 723 
21 3 43 9 101 5 41 12 111 1 4 40 62 1 2 101 110 2 16 172 220 9 64 217 343 3 38 242 360 10 67 245 387 6 59 264 409 3 18 275 372 6 44 330 468 5 40 338 421 1 11 459 495 6 53 548 668 4 39 586 677 5 36 606 716 1 28 632 682 1 14 663 700 2 22 664 721 1 16 685 724 1 12 689 718 
24 3 28 10 87 1 1 98 101 5 30 104 175 3 31 105 202 1 12 120 148 7 59 134 278 7 37 141 268 4 37 154 249 1 7 165 186 1 15 172 208 5 43 226 354 4 39 251 346 1 9 331 352 3 27 376 455 4 52 387 486 4 36 426 570 5 50 486 600 1 23 494 548 7 54 511 633 1 4 591 601 3 21 611 695 2 17 686 724 1 4 691 706 1 5 707 722 
29 1 1 2 7 3 24 26 91 2 10 35 72 1 5 49 65 2 43 77 177 1 4 92 102 4 43 167 254 3 33 186 275 1 3 207 213 3 20 213 262 1 15 240 271 4 34 346 424 1 12 349 386 5 40 379 502 3 16 391 446 9 53 400 544 9 49 466 597 5 35 504 594 1 13 509 536 1 6 514 529 3 16 533 594 3 28 578 629 6 44 600 696 1 5 653 664 2 17 666 709 1 4 685 698 1 10 686 711 1 5 703 724 1 5 714 725 
27 1 33 54 120 4 25 67 149 5 44 97 185 1 21 128 169 5 55 180 319 6 59 183 288 5 52 199 330 1 11 210 239 1 2 213 219 6 31 223 334 6 36 268 406 3 36 350 425 1 1 398 402 1 12 510 546 3 26 554 619 2 23 569 618 1 7 575 589 3 24 578 640 1 3 592 604 4 44 594 713 4 12 635 709 4 26 644 725 1 11 645 666 4 27 665 717 1 1 668 673 1 24 673 708 1 1 682 686 
27 2 14 0 40 3 16 23 95 3 33 37 116 7 56 54 179 1 9 129 160 4 56 223 342 4 45 224 340 5 40 225 320 3 42 230 353 1 14 241 269 3 33 268 352 4 36 300 407 3 38 343 428 4 42 344 418 2 33 363 438 3 21 377 453 3 17 386 459 2 19 387 442 2 10 411 447 4 44 454 567 2 18 546 612 3 64 550 667 1 1 624 631 1 7 641 670 1 17 648 686 2 18 664 700 2 14 675 719 
25 6 46 48 174 2 11 92 134 1 7 103 122 2 11 130 167 6 57 140 277 1 17 169 203 3 22 203 252 6 52 203 338 3 26 206 266 3 28 233 312 2 32 262 349 4 30 267 349 2 28 286 373 2 15 392 435 6 37 414 535 1 17 436 478 3 29 519 596 3 22 519 582 7 67 578 709 3 30 593 664 1 18 611 654 1 10 640 665 1 1 641 645 3 22 649 715 1 2 654 660 
24 3 28 6 94 5 50 25 134 1 7 50 62 1 11 73 94 3 53 85 183 1 19 101 150 6 51 172 314 3 16 189 244 5 31 202 299 5 45 202 327 1 1 305 309 3 42 320 443 2 29 384 464 4 38 404 546 4 38 492 579 6 56 498 620 9 71 513 657 5 51 518 663 3 24 569 628 1 31 608 697 1 5 638 659 2 9 658 698 2 14 660 703 1 1 706 712 
25 5 38 7 97 1 15 14 48 5 29 30 126 2 17 54 117 2 12 59 99 1 12 75 110 3 35 82 176 3 24 104 160 3 20 105 168 2 12 185 230 1 11 207 236 1 9 283 310 4 28 342 417 2 16 363 408 5 33 427 554 5 42 467 575 3 22 486 575 5 66 496 637 8 32 511 623 6 64 567 704 1 22 574 623 1 4 634 653 2 21 662 709 1 7 711 726 1 6 713 725 
