10 65
5 23 36 43 160 31 34 136 270 8 26 175 233 15 42 298 398 1 3 710 718 
6 35 44 77 195 14 31 280 369 20 52 296 397 6 6 448 478 12 36 492 584 16 21 566 623 
7 19 34 178 263 17 33 288 383 20 46 376 485 22 22 388 482 1 1 456 459 8 8 498 526 3 4 651 672 
9 3 7 15 33 1 2 51 56 30 37 105 226 7 17 114 172 9 22 288 351 8 11 343 396 22 66 405 542 14 35 420 497 1 2 711 717 
7 18 43 10 120 11 19 24 75 25 77 126 262 8 15 129 163 3 9 205 231 5 5 273 294 10 19 411 467 
4 24 24 62 136 26 41 81 192 15 44 269 377 26 84 377 522 
6 6 12 52 88 29 36 152 255 12 37 152 213 15 43 602 697 9 29 622 703 11 22 649 722 
5 7 25 4 52 24 59 156 275 13 24 205 264 20 35 439 514 16 49 468 570 
6 26 75 34 164 7 13 43 71 24 78 44 175 4 8 503 531 10 17 542 601 6 12 582 621 
10 4 10 71 95 10 17 457 514 3 7 476 498 9 31 521 605 24 32 549 647 38 56 585 722 7 10 658 692 7 12 689 717 6 8 695 720 1 1 707 713 
