10 65
10 17 19 59 142 1 1 159 166 2 2 366 376 3 6 374 395 13 32 381 497 20 26 422 538 5 9 424 455 3 3 477 494 1 2 491 500 16 29 511 633 
4 23 23 19 121 19 31 39 131 19 24 121 212 17 17 271 332 
8 26 29 237 371 5 5 334 359 6 8 352 383 6 11 436 462 10 21 462 528 5 13 529 571 13 19 619 689 1 1 678 681 
4 28 28 95 208 33 35 314 433 21 33 394 494 6 12 585 615 
7 9 11 31 74 6 9 59 91 14 14 60 115 28 29 64 155 13 13 184 249 1 1 379 387 11 19 380 446 
5 30 30 95 206 12 18 143 235 16 27 212 302 8 8 448 503 9 10 601 650 
4 30 30 278 406 15 15 401 481 7 22 413 477 24 25 418 543 
8 15 31 12 103 18 21 330 418 7 8 379 408 16 34 406 506 6 12 445 486 1 2 447 457 12 14 539 606 5 13 579 625 
7 7 7 62 98 18 22 229 352 27 40 376 499 5 9 432 465 8 8 511 551 6 15 634 680 2 2 654 662 
8 11 17 11 70 25 33 20 120 1 1 32 37 1 3 145 156 19 19 187 254 10 10 265 316 21 46 266 393 2 2 362 375 
