10 62
5 25 55 48 184 24 51 320 424 26 74 522 659 10 13 610 660 5 9 676 706 
5 3 6 103 119 28 42 228 347 26 35 231 336 14 19 526 581 4 8 631 653 
6 6 17 238 267 21 47 276 410 33 45 282 423 5 23 291 350 4 7 491 510 3 6 647 661 
7 3 12 3 29 11 28 92 152 19 49 105 201 6 6 291 319 25 73 322 458 37 51 451 591 3 9 685 707 
6 22 26 76 145 21 44 78 187 13 17 190 253 3 5 237 255 4 8 386 410 14 38 556 632 
6 9 16 233 297 25 41 317 402 4 10 371 392 29 59 515 629 4 11 518 556 1 7 553 567 
6 19 23 60 130 15 40 310 418 9 20 318 361 6 15 330 364 18 18 635 699 4 5 682 703 
6 1 2 298 304 11 43 388 485 30 59 419 552 25 49 520 661 19 34 604 677 12 14 650 703 
8 12 12 70 108 3 8 132 149 16 28 136 211 5 8 163 185 30 49 177 299 10 14 607 636 1 3 624 630 2 5 662 680 
7 23 60 42 179 9 30 43 121 26 53 188 283 17 20 335 455 1 1 355 359 4 10 583 603 10 21 632 702 
