10 221
24 2 9 23 52 7 54 76 215 5 61 78 198 4 53 91 203 8 73 107 231 3 23 155 224 1 5 188 202 2 25 198 276 6 56 255 390 6 27 280 388 5 24 287 411 1 11 306 333 2 32 379 452 3 22 382 475 2 16 401 450 2 28 412 466 3 45 436 572 4 47 461 601 5 61 534 664 1 9 609 635 1 1 620 624 1 3 652 662 1 7 660 680 1 3 712 721 
20 1 13 1 39 8 56 50 183 4 43 69 176 1 7 185 205 1 2 215 228 2 36 254 344 1 10 364 395 5 22 374 455 1 11 392 430 6 45 414 551 1 9 448 488 6 40 471 581 5 29 510 589 10 62 520 662 7 40 534 653 3 18 560 610 4 55 595 698 1 6 670 692 1 9 682 705 1 2 697 707 
18 1 23 56 94 6 32 63 171 4 26 67 158 5 41 83 198 2 20 140 206 4 40 151 238 2 44 154 252 9 45 260 404 1 1 276 279 1 11 344 370 1 17 399 443 2 19 404 455 2 19 459 496 5 27 526 616 5 26 557 641 3 14 562 656 11 43 563 706 5 13 574 684 
28 2 19 10 62 4 31 88 198 1 8 103 125 1 29 109 177 1 10 111 130 3 57 128 226 1 6 143 158 3 17 147 207 3 17 169 229 5 30 173 293 2 24 225 278 6 42 291 421 4 40 305 395 2 16 308 343 1 2 314 319 3 33 319 397 4 22 347 406 4 20 382 477 5 55 457 579 4 35 550 643 4 54 557 656 2 21 557 609 3 39 562 642 1 8 576 590 1 12 594 616 1 9 653 670 1 3 707 715 1 1 719 722 
17 5 50 26 161 4 29 45 158 1 4 62 75 6 45 95 196 1 12 134 153 7 43 169 281 6 43 172 265 2 25 176 244 4 31 249 325 3 36 295 416 2 13 295 345 4 22 307 394 6 69 368 490 5 27 456 541 5 37 474 572 7 57 505 641 4 35 585 704 
23 4 68 56 198 3 14 63 122 5 57 89 185 1 8 163 181 2 15 170 225 4 35 197 302 5 37 227 344 4 39 283 368 4 28 336 416 1 17 366 400 3 24 379 446 9 55 392 519 7 50 397 531 1 3 451 467 1 6 476 494 4 32 478 572 6 46 484 609 5 21 586 712 2 17 592 632 1 16 619 655 1 15 673 706 1 3 700 706 1 2 713 721 
25 3 38 3 100 3 30 38 103 5 53 71 174 3 21 88 149 3 39 177 268 1 8 184 205 1 1 213 218 3 17 347 402 7 52 426 559 2 14 435 496 7 37 445 575 3 26 465 541 1 24 497 550 4 16 515 597 4 42 527 645 4 30 530 625 3 28 530 592 2 17 551 588 3 27 556 623 3 20 569 627 1 17 577 611 1 3 668 682 1 9 681 698 1 2 682 690 1 3 704 712 
20 1 31 2 58 3 21 39 101 1 17 64 101 6 59 91 217 1 11 175 205 3 23 248 323 6 79 274 412 5 37 310 406 10 46 386 522 4 43 388 501 2 25 442 495 2 50 464 541 3 41 483 598 5 36 504 589 4 57 507 636 1 5 566 581 5 60 581 712 5 35 616 700 2 23 622 710 1 15 664 692 
25 7 51 45 187 2 20 48 90 1 10 97 117 1 11 104 130 1 24 141 192 2 20 147 205 1 22 158 209 3 25 159 245 1 12 184 219 1 5 200 212 4 32 270 381 4 44 310 412 7 38 311 455 2 11 324 363 1 11 463 496 1 9 490 519 1 6 493 510 3 21 495 556 3 39 510 620 4 28 511 583 8 51 521 639 5 27 546 622 4 48 603 708 3 61 619 714 1 1 707 712 
21 3 40 4 102 4 33 40 138 7 46 60 172 6 42 77 190 6 85 110 253 2 20 139 209 5 41 208 316 4 37 220 323 6 52 268 394 4 55 287 383 3 10 296 362 1 2 310 314 2 27 318 367 1 10 361 392 1 5 491 506 1 3 511 518 5 59 519 641 3 40 617 694 1 3 656 664 3 13 661 720 1 5 703 713 
