10 54
4 21 21 136 204 26 28 231 280 11 17 264 298 10 11 280 308 
7 6 8 38 65 4 4 129 139 14 16 156 206 8 11 162 188 11 14 181 213 6 6 218 233 24 24 256 315 
6 21 21 122 171 6 6 246 265 3 4 253 267 3 6 264 284 17 17 271 330 14 21 276 328 
4 26 26 50 116 16 29 92 150 25 25 145 212 8 8 310 337 
4 12 12 0 28 8 13 20 49 11 16 31 71 36 36 170 230 
7 18 32 16 84 11 11 64 89 9 9 131 155 21 21 276 321 22 22 277 340 2 4 287 296 1 1 335 339 
8 29 33 15 78 2 3 27 34 1 1 35 39 14 14 221 264 1 3 272 281 19 22 285 333 7 7 296 318 3 3 330 337 
6 5 5 9 24 26 31 39 97 4 5 65 78 18 18 117 164 11 11 138 162 1 3 334 341 
3 27 27 48 108 25 25 70 135 17 17 266 318 
5 17 17 9 46 18 18 48 97 7 9 64 90 18 26 190 249 15 15 214 259 
