10 67
9 9 12 51 82 37 37 124 216 18 18 248 294 20 32 426 488 49 66 529 645 34 45 646 744 14 39 653 732 9 9 684 702 8 8 773 794 
9 9 19 243 284 17 21 255 320 14 28 374 428 51 78 386 540 33 33 524 615 11 12 525 554 5 6 566 587 12 18 630 672 8 8 632 648 
7 23 45 1 79 2 2 285 292 39 43 332 433 37 59 528 684 42 53 628 741 47 47 662 759 2 5 771 782 
6 5 5 249 259 52 54 253 390 3 4 272 284 54 73 346 465 32 35 606 696 25 57 643 748 
5 43 61 329 478 10 14 358 392 56 56 441 595 41 66 562 679 14 22 616 661 
9 24 47 12 146 17 17 50 91 35 35 237 325 5 5 294 307 11 20 506 540 15 15 525 564 6 32 549 636 54 55 578 729 23 24 702 769 
6 2 4 14 24 10 10 21 47 30 48 99 188 63 63 279 435 65 88 430 583 20 24 740 794 
5 18 20 58 113 38 53 193 312 10 10 221 244 65 65 460 606 26 26 689 765 
6 49 57 16 138 22 22 368 415 32 32 429 521 8 8 538 557 23 23 621 673 29 29 734 801 
5 39 60 54 202 30 41 124 214 41 47 334 462 7 7 440 455 53 53 506 649 
