10 189
21 2 2 5 16 27 28 26 193 1 1 39 43 14 14 67 119 2 2 136 149 20 20 236 311 12 12 351 401 12 15 359 448 29 45 389 504 7 7 411 458 45 45 438 606 18 31 442 572 5 7 450 475 10 17 514 593 6 8 519 554 5 25 611 702 8 12 637 682 27 39 638 764 7 7 658 694 6 6 751 778 4 11 794 834 
19 30 32 14 115 19 42 32 158 10 16 78 147 28 38 111 241 27 34 129 271 22 32 200 301 11 18 236 295 8 14 265 332 16 25 359 497 1 1 389 392 28 28 405 500 40 40 456 599 3 14 518 562 15 18 524 590 8 17 654 717 8 12 713 763 8 8 816 847 1 1 845 850 1 1 853 857 
20 16 31 2 152 15 15 4 68 11 16 91 151 8 8 114 155 30 35 187 351 17 31 198 296 10 14 207 250 19 34 284 389 2 4 406 421 9 13 424 483 17 28 485 586 3 8 487 513 17 22 587 676 5 12 625 666 33 33 651 804 42 42 663 824 12 14 752 814 6 12 810 845 6 6 834 853 1 1 839 842 
24 29 30 17 167 10 13 37 108 5 5 44 70 5 5 85 104 4 8 105 128 2 9 106 130 8 8 139 170 18 24 167 285 29 29 204 319 27 28 238 359 6 8 248 281 17 23 305 401 13 13 314 388 22 22 366 479 13 16 482 553 4 6 522 544 6 11 527 563 4 5 680 704 21 22 683 783 13 17 787 844 4 4 793 814 1 2 820 829 3 3 825 840 1 1 848 851 
20 1 1 10 13 22 22 32 181 15 16 135 210 26 33 140 302 30 46 279 449 25 54 292 446 1 1 369 374 15 21 479 563 3 3 495 512 34 52 590 751 5 12 610 652 27 47 672 808 7 10 692 730 12 15 714 785 6 9 750 784 10 10 761 799 6 12 764 812 13 13 789 857 1 2 815 822 5 7 820 852 
15 27 27 46 200 15 28 70 169 25 25 78 206 27 36 164 322 23 23 238 321 16 17 241 311 32 41 392 520 36 36 409 544 3 11 459 504 2 5 466 483 25 25 467 570 33 42 669 840 19 19 713 791 3 4 774 790 1 1 856 859 
22 7 7 6 32 25 25 50 173 2 3 128 150 28 48 128 297 17 19 170 250 25 25 245 343 6 12 357 386 32 32 402 534 10 11 408 454 29 32 497 642 16 16 531 598 15 21 558 661 14 14 598 686 7 26 621 679 12 12 632 678 7 11 698 742 2 4 734 749 6 6 772 809 8 14 808 852 4 4 809 830 1 1 835 839 1 1 851 859 
15 1 1 12 18 11 11 109 158 14 14 148 198 32 32 155 294 13 46 195 366 14 18 202 289 37 37 206 375 29 29 244 357 9 11 382 433 12 12 390 458 21 25 424 521 30 35 632 783 28 28 655 778 25 32 738 858 16 16 770 845 
20 33 33 26 160 19 25 103 251 17 25 113 201 22 25 172 279 32 36 224 381 21 21 227 321 19 19 334 416 1 3 370 384 17 17 447 512 2 2 592 605 1 1 601 608 6 7 642 683 19 34 658 815 12 15 708 779 13 13 742 793 24 24 751 831 8 9 756 788 7 15 797 842 1 2 816 824 1 1 847 851 
13 17 18 23 97 16 26 190 312 21 43 303 434 33 33 369 484 45 53 371 528 13 23 371 461 24 42 414 554 22 23 578 691 7 7 582 621 8 13 616 672 10 11 633 686 33 48 644 808 17 31 722 822 
