10 210
21 1 22 1 56 3 22 28 86 1 2 37 44 1 15 52 89 1 9 58 90 1 4 66 81 1 10 90 113 3 32 91 150 2 14 122 159 2 13 131 174 1 4 139 151 1 14 140 171 1 16 153 186 1 5 169 185 1 10 175 198 1 7 178 195 2 12 178 220 1 6 185 217 1 21 223 269 2 12 229 281 2 19 275 311 
19 2 9 2 34 3 20 55 100 3 36 55 110 1 6 57 73 1 3 60 68 3 16 69 120 1 3 78 87 3 22 78 126 3 16 81 141 2 17 127 161 1 4 149 158 1 1 178 184 1 4 203 217 2 17 219 263 1 7 222 241 1 2 290 295 1 6 296 310 1 2 304 310 1 3 307 313 
23 1 5 5 20 1 4 8 17 1 12 18 40 1 6 24 41 2 10 50 90 1 2 56 62 2 15 60 110 1 9 64 88 1 13 109 138 3 17 111 156 4 30 117 177 1 16 129 171 2 24 139 189 1 3 148 159 1 8 167 185 1 8 174 192 1 9 174 205 2 20 215 267 2 15 251 292 1 3 261 271 1 10 263 285 1 8 291 311 1 6 295 310 
20 1 3 8 22 2 17 20 65 1 16 31 70 3 17 39 79 1 12 60 93 1 17 69 110 1 12 80 112 3 24 82 135 2 12 143 179 1 2 154 166 1 3 163 181 3 25 174 232 2 16 191 227 2 14 217 258 1 13 233 261 1 5 234 247 1 4 268 279 1 1 277 280 1 4 297 308 1 1 305 310 
22 1 2 23 27 1 25 31 86 1 13 68 98 3 18 72 134 2 19 77 133 1 3 88 96 2 15 93 130 1 21 98 139 1 11 128 149 1 7 137 173 3 9 139 184 2 11 153 193 1 15 164 202 1 9 186 210 2 24 208 263 1 7 218 240 1 12 235 261 2 13 245 286 1 1 263 269 1 11 273 300 1 4 298 307 1 1 299 302 
20 2 17 0 45 1 2 2 10 1 2 9 14 1 8 11 33 3 30 13 74 1 2 19 27 1 4 54 70 3 8 62 122 1 15 76 118 1 6 88 109 2 24 99 146 1 10 124 143 3 22 132 188 1 9 134 169 2 30 167 228 1 5 187 204 1 13 227 264 1 5 247 258 2 20 258 307 1 10 258 290 
21 2 30 42 96 2 14 45 96 1 13 67 102 1 1 68 72 1 7 74 88 1 5 91 103 1 16 103 144 2 18 125 187 2 26 125 173 2 20 127 175 2 9 138 175 2 26 143 192 1 5 151 174 1 17 172 216 1 1 181 189 3 28 208 258 1 16 217 273 1 15 238 269 1 4 256 268 1 3 279 312 1 3 301 308 
21 1 12 6 30 1 2 12 18 1 6 25 43 2 26 30 87 2 19 47 99 1 4 53 63 1 15 87 126 1 23 99 158 1 2 127 131 2 33 151 208 2 17 177 222 3 20 195 253 1 14 223 256 3 28 223 277 1 7 230 252 2 14 243 289 1 3 254 268 1 2 258 264 1 2 283 293 1 5 296 308 1 1 296 301 
21 1 6 1 13 1 1 4 10 1 13 5 47 1 7 26 64 1 9 37 54 1 17 114 154 2 22 160 215 1 18 163 202 4 37 177 237 2 21 178 222 1 7 187 203 1 10 195 225 2 12 198 252 1 11 218 253 1 7 237 253 2 28 242 288 1 3 251 260 2 13 254 285 2 16 258 314 1 5 266 279 1 1 309 312 
22 1 10 12 46 1 15 39 83 1 2 52 56 1 2 73 77 2 19 89 151 1 14 97 133 2 30 98 158 1 8 103 120 3 27 107 164 1 11 111 139 3 23 126 177 2 16 132 173 1 4 162 173 1 1 165 170 1 6 174 192 2 21 174 226 1 4 175 195 1 8 226 246 1 14 231 274 1 7 247 262 1 14 260 306 1 13 270 295 
