10 467
40 4 30 22 126 1 4 29 41 3 41 92 189 2 27 113 171 1 23 125 187 2 30 141 195 7 51 187 304 5 46 203 331 2 33 217 323 1 5 239 257 2 4 247 280 6 46 278 375 1 13 289 325 3 26 291 346 4 32 299 411 2 40 319 381 2 17 341 379 3 5 347 409 3 30 354 420 2 26 358 433 8 50 373 477 6 38 384 500 3 70 386 523 3 53 389 491 7 37 405 525 1 3 411 418 5 40 424 530 3 24 438 506 2 26 471 517 4 38 489 556 3 38 506 581 7 44 513 613 6 40 519 650 5 56 525 637 2 16 526 557 4 31 562 672 1 12 582 609 4 48 589 669 3 28 625 686 1 1 694 698 
46 1 12 4 35 3 16 9 69 2 24 34 75 1 9 87 115 1 7 88 111 1 2 124 131 6 41 137 256 3 14 138 224 5 33 153 242 3 9 164 225 6 43 184 295 1 13 194 228 2 32 197 255 2 18 204 262 1 8 266 292 6 53 270 389 2 14 280 317 6 48 291 409 4 43 302 388 3 23 306 366 5 32 308 410 5 31 313 413 2 12 315 372 4 31 326 404 3 32 375 444 7 68 381 506 4 37 388 463 1 3 389 428 2 12 430 485 1 7 435 451 3 30 457 524 5 38 467 565 2 29 469 548 1 3 474 486 3 33 484 576 2 14 496 560 1 7 497 511 4 28 504 596 2 39 505 588 5 63 516 631 7 67 521 657 1 4 580 591 2 20 598 660 1 4 646 655 1 4 666 679 1 3 689 696 
47 2 20 70 112 6 50 75 196 1 5 101 119 9 56 109 249 3 27 110 191 4 50 131 264 5 36 140 267 7 56 164 288 4 46 165 274 2 30 221 291 2 21 228 272 1 1 231 234 1 13 255 279 1 21 256 306 2 17 266 327 2 9 278 308 2 20 280 328 7 47 296 429 5 38 304 412 3 32 307 389 5 40 315 437 1 16 327 354 3 39 330 414 3 49 338 421 3 34 377 446 4 27 378 458 2 12 451 498 1 9 454 478 2 13 454 496 2 42 470 566 4 48 492 617 1 2 506 512 8 60 508 638 6 54 518 648 3 19 555 601 4 46 560 649 1 2 584 595 1 1 591 597 1 4 619 638 1 4 635 660 1 5 639 650 2 12 646 676 1 9 650 673 1 10 663 689 1 3 679 687 1 3 686 700 1 1 693 698 
47 1 8 6 27 2 8 14 45 5 46 25 159 1 5 55 67 1 31 57 118 1 6 81 104 3 25 91 153 3 27 93 148 2 16 106 136 2 35 143 256 5 42 150 236 3 36 182 269 6 46 190 319 1 10 209 239 2 11 219 259 3 34 221 286 5 26 222 322 8 44 236 348 2 16 237 281 1 4 253 268 5 42 258 361 2 32 279 338 4 37 308 382 2 30 309 373 4 59 330 431 1 9 346 366 4 28 356 451 3 23 359 430 3 28 378 456 1 2 399 404 1 4 409 420 5 30 428 531 4 32 460 556 2 29 463 526 6 36 490 606 4 32 524 614 2 25 535 600 1 3 569 576 7 55 575 692 1 5 602 614 2 22 602 654 4 29 606 679 2 12 633 665 2 22 636 697 4 16 638 697 1 15 652 686 1 3 670 684 
48 6 21 3 131 6 48 8 121 2 11 19 56 4 22 28 94 3 32 40 107 2 20 43 104 3 33 47 167 2 19 58 120 1 8 75 100 1 22 88 141 3 30 89 159 2 11 102 139 1 1 108 111 2 20 115 177 3 41 123 232 4 41 125 226 4 24 133 195 9 52 148 278 1 13 158 186 1 3 164 171 5 37 207 317 1 8 211 240 1 22 216 283 7 43 216 355 5 39 218 322 4 53 220 326 4 43 225 326 1 11 232 263 2 20 292 349 5 60 320 444 6 40 353 463 1 19 362 407 1 6 387 407 4 28 483 614 4 55 497 617 1 14 507 537 3 24 509 558 3 51 529 651 2 46 545 671 1 10 549 577 4 37 568 634 1 23 592 643 2 23 598 651 2 41 613 679 3 19 613 667 1 10 659 681 1 4 669 679 1 3 696 702 
47 1 14 12 48 4 60 15 134 1 14 22 52 5 39 62 149 4 42 82 172 1 7 90 109 1 17 96 153 4 32 104 175 4 27 114 177 4 18 134 218 1 2 195 201 5 40 222 309 8 64 235 362 1 3 244 250 1 9 271 294 1 4 289 305 5 26 344 462 5 32 397 486 7 46 401 527 2 13 416 460 7 36 421 557 1 3 421 431 6 58 432 569 1 14 437 479 6 66 448 567 3 18 450 495 2 38 456 526 1 10 459 487 1 5 470 485 8 62 509 641 4 27 515 595 4 36 515 604 2 43 527 613 3 17 545 597 2 23 563 629 4 21 564 633 3 18 570 647 1 4 590 615 1 13 602 625 2 32 607 671 1 5 617 630 1 8 631 661 1 8 669 686 1 7 679 693 1 1 680 683 1 2 680 695 1 1 685 693 
41 1 4 12 69 1 13 23 55 2 27 58 127 2 33 65 170 4 53 85 182 2 19 112 169 6 36 115 221 1 5 133 144 6 64 134 274 5 60 140 254 2 13 197 247 8 48 214 327 4 33 230 357 1 2 234 240 1 11 236 263 4 31 249 328 6 52 283 406 7 61 311 442 3 37 322 401 1 13 323 352 7 31 332 433 5 40 336 421 2 21 338 401 6 37 348 457 3 41 365 467 3 28 402 479 3 64 406 532 1 2 450 459 1 1 456 462 1 10 477 493 8 56 480 605 7 53 506 621 3 29 539 602 8 72 548 669 1 4 562 576 2 19 602 649 1 9 620 643 1 20 646 681 1 5 656 677 1 2 696 700 1 1 699 702 
49 2 27 7 72 7 36 18 115 2 52 24 132 3 20 25 113 4 40 44 127 1 14 90 128 1 8 183 202 5 28 187 278 6 29 189 272 5 32 192 278 2 27 193 251 1 9 207 240 2 23 210 276 3 36 222 299 2 14 232 275 4 41 249 353 1 5 261 291 3 45 281 386 1 6 292 307 1 1 310 313 3 33 317 415 6 44 323 460 6 32 337 452 2 27 349 419 2 14 353 392 3 30 405 481 4 37 416 507 5 30 425 519 5 40 430 562 1 14 430 483 5 47 452 569 1 14 469 502 4 14 471 536 2 26 489 543 1 1 497 501 3 33 501 578 1 11 504 540 3 44 517 593 1 15 532 567 3 29 533 600 1 7 544 564 8 41 548 649 2 9 598 639 1 6 601 615 1 1 610 613 3 20 632 690 1 23 642 676 1 13 648 682 1 7 684 698 
50 1 15 9 39 5 63 64 185 1 3 71 87 1 2 82 87 1 13 103 141 5 41 113 244 3 21 160 223 5 41 170 266 1 2 177 184 6 56 190 309 2 26 216 271 3 20 309 366 4 40 314 445 1 12 333 352 7 34 339 443 3 14 348 400 3 23 357 431 3 26 375 456 3 30 390 473 1 12 399 424 1 12 402 426 4 30 404 479 1 6 409 435 5 68 414 543 1 19 426 476 7 31 435 554 2 23 444 510 5 36 454 560 6 46 461 600 3 22 494 554 2 26 506 556 6 22 542 642 3 20 543 595 3 53 552 661 5 45 558 674 5 55 560 689 2 16 570 609 3 25 583 668 1 9 613 638 1 17 624 669 2 29 625 681 1 18 631 674 2 25 637 697 1 7 641 657 1 14 650 678 1 2 669 676 1 1 673 676 1 8 675 702 1 6 678 689 1 3 692 702 
52 3 23 4 57 2 22 9 61 1 15 73 106 4 23 76 160 2 20 78 132 7 49 102 211 4 19 106 185 1 5 145 157 1 11 146 176 4 36 156 257 3 33 189 276 2 24 194 254 3 20 207 280 5 37 224 312 4 26 237 324 1 13 284 316 3 35 286 379 1 8 297 313 1 13 307 332 1 13 309 351 3 25 310 364 1 11 324 359 1 16 324 387 1 1 334 337 5 32 335 412 1 13 347 384 4 13 383 444 6 54 383 501 4 39 415 507 2 26 428 501 5 34 440 525 3 27 447 508 7 65 456 586 5 65 488 616 4 44 500 595 2 16 532 588 1 10 547 588 3 30 554 651 4 52 567 691 3 25 589 641 1 18 627 668 2 18 629 676 1 4 632 648 3 26 635 702 1 9 637 655 1 1 639 642 1 5 639 649 1 3 648 656 1 6 650 672 1 11 664 689 1 2 669 682 1 2 688 698 
