10 108
7 41 41 67 221 23 68 172 314 15 43 205 293 4 10 323 354 44 67 393 546 21 29 398 483 11 26 785 841 
13 11 31 70 147 21 53 125 255 12 41 154 228 4 15 210 240 28 55 259 429 1 2 363 369 27 53 370 491 14 24 373 448 29 48 441 616 10 26 611 664 4 8 614 634 1 1 703 711 9 25 823 866 
13 3 10 64 88 29 34 115 248 27 46 128 260 4 13 135 159 8 21 229 290 30 58 288 440 12 28 316 374 1 2 581 587 15 75 720 886 19 46 766 887 4 14 782 824 6 11 816 845 8 23 844 898 
9 2 2 78 87 56 79 342 518 5 6 385 413 14 34 410 490 27 61 434 559 30 51 675 825 30 30 734 874 12 21 829 889 6 12 848 878 
10 1 1 31 36 24 39 72 179 6 21 173 241 17 23 346 442 24 77 373 531 33 67 654 833 27 55 749 876 17 37 760 849 25 58 768 882 1 3 878 886 
17 19 39 2 89 31 53 147 288 1 2 158 165 3 4 158 172 8 24 184 236 2 3 326 336 8 36 370 445 3 10 380 399 26 62 445 562 27 58 462 596 10 13 531 593 8 24 594 651 15 23 697 764 5 10 704 728 10 20 707 754 1 2 831 839 2 6 898 910 
7 32 44 193 298 22 42 237 347 31 66 298 426 4 29 324 384 12 26 326 377 31 87 459 628 30 68 581 758 
12 21 55 36 177 1 2 141 147 25 30 254 359 37 41 263 443 10 48 369 481 9 25 380 459 6 20 411 475 29 45 570 704 9 25 643 706 6 12 673 705 1 1 780 784 10 20 856 910 
12 6 9 111 138 5 7 186 212 32 65 231 404 17 24 244 313 3 5 283 307 27 65 284 435 22 25 306 454 17 57 384 495 9 10 491 561 3 4 551 568 22 45 607 700 3 7 886 903 
8 33 53 26 157 21 79 38 195 8 8 97 130 34 41 670 812 28 51 729 882 6 15 775 803 34 68 776 901 10 13 814 856 
