10 489
42 1 5 3 19 5 49 23 143 2 15 30 91 13 63 90 246 6 58 93 243 1 15 124 157 4 32 124 214 6 43 135 258 1 6 138 159 6 42 158 283 1 6 222 237 1 7 225 242 1 14 280 323 1 1 307 310 2 29 333 402 6 65 340 479 3 23 347 422 5 38 369 460 1 15 382 407 10 74 384 522 6 38 407 555 1 9 434 451 2 18 434 482 7 45 478 599 7 39 483 601 7 50 499 640 5 50 500 610 4 25 517 594 2 22 538 583 5 32 550 624 5 78 551 707 3 26 585 651 3 31 593 659 7 58 621 747 7 20 623 751 6 32 660 746 2 28 662 715 2 19 663 711 1 12 745 771 1 15 752 786 1 1 774 777 1 1 788 793 
54 1 10 2 30 3 20 4 71 6 23 18 123 8 71 23 170 6 47 79 193 1 20 112 181 1 17 115 165 1 8 120 137 4 36 134 212 3 24 135 199 3 40 147 223 1 13 157 185 3 24 160 252 3 21 173 233 3 44 181 277 4 33 195 275 2 12 206 241 1 7 212 241 4 49 218 295 1 3 219 228 2 15 234 272 2 37 234 328 2 49 236 313 12 74 281 436 1 4 289 298 1 25 297 368 1 7 301 318 3 26 303 368 7 57 341 482 2 11 393 456 5 66 420 562 3 21 432 480 4 25 462 554 5 62 475 628 1 6 478 491 2 29 504 558 4 49 506 618 3 27 512 595 6 46 585 680 1 9 586 607 2 23 594 655 3 28 608 683 10 58 630 749 6 47 639 754 3 24 643 709 1 5 662 676 1 6 663 687 2 13 669 701 2 25 676 726 1 15 713 749 2 15 716 753 1 5 723 736 1 11 751 779 1 1 766 771 
51 5 50 28 186 3 29 47 105 3 23 65 134 10 74 68 222 1 23 97 138 1 8 115 140 2 21 131 183 3 26 203 290 6 50 226 370 3 13 232 283 5 58 250 372 6 19 252 409 6 37 254 373 1 14 265 302 3 37 283 359 4 50 335 460 3 50 348 481 4 47 349 424 5 47 349 463 7 55 361 496 5 30 362 447 2 14 366 407 5 37 378 476 4 61 396 523 1 6 407 421 3 22 428 511 4 46 433 514 7 60 442 585 4 77 462 595 6 46 479 585 2 24 488 541 2 11 507 540 4 39 514 597 5 32 546 656 1 17 549 598 1 9 557 577 1 21 598 685 5 50 680 789 3 28 683 743 1 1 700 703 1 3 702 713 3 28 702 768 1 9 716 744 1 20 725 776 2 25 727 776 1 2 730 736 1 15 738 774 1 1 752 755 1 15 753 779 1 11 754 780 1 6 754 768 
57 5 56 12 124 4 50 18 124 2 13 19 78 9 64 46 199 1 5 54 85 3 19 63 113 1 15 66 101 2 18 82 127 1 34 99 173 7 54 104 244 1 3 122 129 10 70 166 324 5 61 220 316 2 38 228 286 1 9 234 257 1 10 234 254 5 32 245 378 1 12 261 302 6 56 275 427 3 27 281 347 2 32 297 363 1 12 308 354 6 29 316 405 5 24 334 443 2 9 344 389 1 5 345 361 6 29 346 470 2 19 348 415 1 9 368 392 4 48 376 472 8 61 415 547 8 67 425 566 2 17 453 504 5 40 460 589 4 47 467 550 1 4 478 489 1 14 481 523 3 31 482 547 1 1 484 488 2 42 497 574 2 16 522 560 1 9 523 550 4 26 579 648 1 2 581 586 3 36 581 665 5 46 610 697 1 30 691 753 1 6 707 720 1 27 728 790 1 2 730 734 1 10 752 784 1 5 755 771 1 4 768 777 1 2 768 776 1 2 775 782 1 3 783 792 1 1 786 793 
55 5 24 8 97 7 59 17 124 7 68 23 135 2 27 33 108 1 3 34 48 5 50 44 151 1 11 58 84 1 6 88 109 3 27 104 195 2 9 109 159 7 71 117 252 1 4 118 129 2 26 126 185 5 31 145 262 7 72 199 348 5 33 215 303 2 19 265 324 3 51 272 398 4 46 290 395 1 13 303 329 3 29 323 379 3 26 327 383 2 29 328 400 2 37 351 455 6 29 351 482 3 51 365 446 1 11 369 388 2 25 373 417 6 56 380 537 4 31 399 487 1 8 420 439 1 4 477 486 1 29 484 586 3 32 494 565 5 29 504 573 1 4 512 523 8 68 512 663 7 38 512 665 1 3 538 560 1 1 544 549 1 19 589 623 3 13 601 652 1 13 606 676 4 45 607 750 3 36 610 682 6 46 622 724 6 67 639 773 1 4 670 680 1 5 720 731 1 18 726 760 1 11 748 776 1 7 757 781 1 2 777 786 1 1 781 785 1 2 787 792 
45 5 61 2 155 4 15 13 89 4 32 47 121 3 22 50 122 9 52 77 210 1 4 101 112 1 3 110 123 5 42 117 241 2 25 126 189 3 10 144 198 1 1 153 157 1 2 168 173 5 26 188 310 6 82 201 337 1 24 203 253 2 33 248 307 6 55 275 432 5 37 279 384 2 32 301 374 4 34 339 422 3 22 347 409 9 72 379 537 7 47 380 532 8 31 392 548 4 35 393 492 10 64 394 549 6 62 399 531 3 30 407 493 3 17 410 476 2 19 477 536 1 9 510 528 3 16 516 604 4 30 534 607 6 60 564 700 1 6 592 606 3 48 595 706 9 55 608 765 5 50 647 767 5 30 659 749 1 2 662 668 1 10 698 723 1 10 726 761 1 9 731 750 2 23 731 784 1 3 753 759 
45 2 16 5 67 4 42 20 140 3 20 39 117 3 19 47 99 8 48 57 205 5 32 86 178 4 62 95 252 8 46 115 251 3 27 116 206 7 71 131 272 3 25 165 240 5 46 194 313 1 3 240 248 3 35 276 370 1 25 293 341 4 35 295 389 7 23 303 418 8 46 329 453 1 12 354 393 2 12 356 390 2 21 363 412 5 23 384 473 1 12 393 423 5 52 428 522 1 4 443 460 3 25 450 498 1 22 452 495 7 48 481 628 3 21 489 546 6 46 511 619 3 25 515 576 1 9 526 549 1 5 529 539 1 11 529 565 6 56 535 641 4 43 537 631 1 12 537 579 8 63 538 672 1 1 556 559 10 62 599 729 4 58 618 739 1 19 668 715 1 18 676 709 2 22 703 749 1 6 748 768 
50 1 5 32 42 1 8 44 63 3 48 70 191 1 10 80 114 3 26 89 149 1 1 91 94 7 28 123 247 3 69 141 261 2 12 149 180 2 16 185 265 3 81 188 340 12 50 208 349 5 63 262 375 1 26 282 338 3 33 291 371 8 53 347 467 6 41 367 472 8 55 387 526 6 43 402 550 1 23 420 487 2 18 422 462 5 50 428 578 4 34 447 544 1 2 448 453 1 8 465 494 2 37 468 542 1 1 469 472 4 40 476 593 2 45 480 544 2 17 492 534 2 21 510 547 6 48 520 676 1 11 529 557 6 69 540 689 2 49 587 688 1 8 604 624 7 57 606 731 6 67 618 770 4 69 619 744 6 48 620 736 2 31 633 711 4 60 651 764 2 13 664 720 1 1 687 690 1 14 709 744 2 15 717 755 3 14 725 777 1 1 733 737 3 24 736 787 1 2 773 780 
43 9 62 2 126 4 29 8 101 3 30 72 175 5 34 100 171 3 18 106 167 3 44 162 247 9 69 169 327 5 57 192 315 6 46 204 330 4 48 272 367 6 72 328 475 3 34 330 399 4 28 350 440 2 31 355 419 1 4 374 384 5 43 394 538 4 110 396 539 1 5 407 423 3 16 408 479 2 12 412 469 7 44 430 551 1 7 431 450 2 19 446 485 5 45 450 520 2 24 452 508 9 32 465 614 1 14 480 509 3 43 480 557 1 11 480 507 6 28 487 578 3 34 559 635 1 11 614 643 5 32 620 707 5 48 622 780 5 49 633 755 3 20 654 727 8 46 659 790 1 11 685 712 5 31 687 767 3 12 741 791 1 8 769 788 1 4 772 783 1 3 774 780 
47 4 34 10 103 2 63 11 124 5 46 11 126 1 8 51 73 2 30 53 126 6 37 56 183 5 69 81 219 6 47 95 216 3 30 109 181 9 79 146 296 7 74 175 323 5 30 185 268 1 4 201 209 2 19 216 260 7 37 248 387 2 14 259 298 4 41 272 359 1 31 287 354 10 58 306 462 5 38 323 424 3 36 394 473 1 8 398 428 2 20 413 459 8 49 422 568 2 23 433 503 3 31 434 545 1 14 451 482 3 26 460 533 1 8 507 530 6 65 516 660 1 3 519 532 1 4 528 541 4 47 530 622 1 27 587 634 5 49 632 740 8 57 645 764 1 8 650 677 4 44 659 774 5 35 665 784 4 24 680 761 1 3 685 695 1 8 688 725 4 23 718 787 1 7 719 734 1 13 729 763 3 13 732 777 2 10 746 793 
