10 56
6 20 28 163 286 3 5 333 352 8 10 427 461 18 18 572 692 9 9 664 697 6 9 691 723 
6 17 22 198 278 16 21 372 485 16 23 561 671 32 32 590 688 5 10 622 664 3 6 641 664 
3 24 35 128 249 32 33 299 407 23 23 355 465 
4 26 29 187 288 5 6 190 211 14 29 287 393 20 20 452 536 
6 7 7 33 66 7 7 83 112 20 27 156 259 15 19 360 450 16 16 632 704 5 7 665 693 
7 27 27 63 157 3 4 196 215 19 19 355 436 15 15 600 665 2 2 640 652 13 19 641 701 3 3 683 695 
8 11 16 85 139 28 28 131 263 1 1 141 146 1 1 172 178 3 4 185 206 1 1 299 303 20 20 333 419 4 8 700 719 
4 24 24 106 247 18 19 141 217 18 21 222 290 9 12 372 416 
7 1 2 184 193 18 18 198 264 1 1 269 274 27 27 373 495 6 7 394 430 14 15 456 520 6 8 662 694 
5 14 21 194 254 19 24 476 618 20 29 506 604 13 21 521 609 2 2 698 707 
