10 161
18 11 22 2 69 5 7 11 34 6 11 16 48 4 4 38 61 1 2 42 49 7 11 56 113 14 22 56 127 12 16 96 150 8 11 111 149 1 2 113 120 3 3 141 164 6 9 183 227 1 1 216 219 12 17 228 293 4 4 235 256 2 3 240 255 3 4 292 310 1 1 367 371 
14 7 10 8 46 14 25 64 135 11 12 88 136 4 9 140 185 9 13 178 219 1 2 189 197 15 15 192 248 4 4 222 247 11 19 251 311 3 3 317 332 2 6 323 342 7 8 324 371 7 8 334 366 1 1 357 361 
16 1 1 23 30 14 16 28 91 1 3 29 40 19 19 42 104 3 3 52 73 1 1 76 84 11 18 84 156 13 18 110 181 1 2 154 163 10 11 158 223 9 9 200 243 1 1 200 203 7 8 227 266 4 4 348 370 1 4 357 369 2 2 360 370 
15 16 17 51 108 9 11 85 127 8 9 86 133 5 5 177 199 2 5 178 194 1 1 183 191 1 1 187 192 3 3 209 225 4 8 215 248 8 8 228 266 9 13 232 286 9 9 245 298 12 18 294 358 12 19 298 360 2 3 359 369 
16 1 1 6 10 3 5 20 43 5 5 47 80 3 5 71 93 20 20 104 174 8 10 105 150 5 8 127 153 13 28 128 192 10 15 172 225 2 3 217 228 4 6 280 304 8 15 301 360 6 10 333 366 6 9 337 370 2 5 346 363 1 1 361 365 
20 7 9 28 79 9 14 65 129 6 9 68 93 5 9 71 97 3 4 71 87 1 1 80 86 2 3 100 117 7 13 127 184 1 3 138 149 18 18 143 207 1 1 188 191 5 5 232 257 2 2 263 271 1 1 269 276 6 7 274 302 21 21 291 359 6 11 305 362 1 1 314 318 7 10 335 368 1 1 365 369 
17 6 9 24 62 8 10 39 85 4 7 39 67 1 1 48 53 11 11 53 93 17 20 84 152 11 16 89 149 9 10 101 142 5 12 118 156 6 6 244 287 8 8 262 301 2 2 265 276 1 1 308 313 4 4 317 334 2 2 342 352 3 3 348 368 1 1 366 370 
15 3 3 8 23 11 16 13 63 6 8 22 65 16 16 29 79 11 11 30 74 1 1 66 71 3 5 123 146 6 11 139 184 17 20 223 297 8 9 227 273 3 5 230 248 6 6 277 309 2 2 278 290 3 3 283 300 1 1 345 350 
13 7 7 31 71 8 12 43 85 7 9 62 104 10 13 98 170 12 13 104 163 12 12 123 173 7 10 129 174 6 6 158 187 7 7 173 201 8 15 211 251 12 23 214 271 6 7 294 320 2 3 349 363 
17 9 9 2 49 7 20 29 95 1 1 30 37 3 6 40 66 3 3 51 66 4 4 113 128 11 21 153 207 11 14 179 233 12 20 212 279 1 1 226 233 8 10 248 289 8 10 266 304 1 2 282 292 10 10 312 356 6 6 320 350 1 1 320 324 1 1 351 354 
