10 116
10 1 3 128 138 9 36 257 325 27 38 299 420 14 22 355 408 29 29 417 536 35 67 430 577 19 34 520 604 17 34 583 659 13 16 609 669 5 7 617 634 
14 17 28 87 154 3 6 96 113 12 36 105 223 22 71 143 287 25 29 173 290 23 51 244 374 18 32 457 532 3 6 563 585 13 35 605 682 11 41 621 689 1 3 683 692 4 5 713 744 4 9 713 740 2 3 732 739 
11 16 35 95 162 14 34 137 219 33 40 161 308 8 33 199 294 23 36 331 430 14 46 437 519 6 28 472 520 24 26 486 578 7 12 648 685 19 27 664 746 6 19 718 748 
13 22 37 16 108 18 50 24 154 4 11 127 160 8 23 299 363 17 47 426 527 9 16 448 490 20 26 494 594 7 7 594 625 18 33 610 722 17 45 640 740 15 27 640 736 6 8 733 754 1 2 752 756 
12 2 3 209 218 24 41 218 335 1 5 225 236 20 35 249 348 18 54 301 390 33 56 439 587 16 74 474 618 15 29 568 648 18 56 611 726 6 12 638 665 1 2 663 669 6 22 694 744 
9 8 13 106 156 26 52 193 294 38 53 234 362 12 18 329 383 7 14 367 403 31 66 453 559 14 38 513 631 7 17 523 571 42 65 586 730 
15 7 16 7 49 1 1 73 81 29 69 168 310 11 27 311 374 17 30 428 498 21 26 445 524 30 47 445 585 9 18 599 645 20 54 645 752 3 10 652 673 13 22 686 744 10 21 688 740 2 4 706 717 3 11 721 756 1 3 734 740 
10 13 24 3 67 12 26 84 152 30 39 189 298 3 6 257 275 15 20 277 348 20 33 295 405 6 16 397 438 27 42 421 549 20 39 443 550 18 58 493 592 
12 15 30 53 193 6 15 95 133 1 1 210 214 14 32 266 345 34 61 289 436 18 43 397 497 18 40 417 491 13 23 501 550 20 38 538 642 29 40 575 702 4 10 681 713 1 1 747 752 
10 18 18 56 134 22 47 79 195 27 50 333 433 27 56 453 571 11 30 560 616 35 66 588 724 15 21 672 719 15 35 674 740 1 3 722 731 1 1 752 756 
