10 92
8 2 3 194 203 30 34 285 363 55 55 471 590 59 59 564 692 20 20 643 685 67 67 664 823 19 19 784 829 4 5 801 814 
8 40 48 152 273 16 55 234 386 57 57 246 418 31 56 339 433 43 43 687 822 16 35 723 812 33 33 788 860 1 1 860 863 
10 49 49 115 226 13 14 166 194 1 1 207 210 50 50 255 385 54 54 327 452 1 1 339 343 23 23 352 406 23 23 374 444 26 28 456 529 5 5 854 867 
8 42 58 270 417 24 55 487 607 56 98 506 670 38 38 608 711 62 62 734 862 23 23 752 833 7 15 832 868 1 2 867 872 
10 10 24 41 80 37 50 169 272 33 33 187 269 8 10 261 284 46 46 285 393 48 49 453 608 21 21 462 528 9 9 480 504 14 31 774 836 11 18 791 834 
8 1 1 6 15 2 3 272 279 58 58 279 437 53 59 290 407 32 53 298 401 45 66 704 837 52 55 731 868 30 31 780 871 
7 17 17 88 128 46 46 198 313 60 61 244 404 38 47 462 605 21 22 733 804 26 26 740 785 42 42 786 872 
13 31 31 34 107 1 1 36 39 22 22 166 209 11 22 168 216 42 86 216 378 8 13 284 322 27 27 342 424 43 43 519 650 2 7 534 547 24 24 735 797 31 31 744 840 25 25 785 856 3 4 857 870 
9 11 27 54 99 26 34 352 433 24 24 521 578 62 62 610 751 78 78 645 805 26 26 731 781 14 17 746 789 6 6 763 777 6 12 848 872 
11 24 31 42 111 14 17 42 94 48 48 44 177 15 15 196 249 23 23 311 360 27 42 369 464 31 31 370 454 17 18 533 575 48 48 535 647 4 6 838 853 2 3 861 871 
