10 67
8 1 1 4 7 1 6 7 26 6 14 42 92 1 2 51 57 1 1 59 64 10 19 70 115 15 22 189 244 2 7 246 265 
8 4 11 40 67 10 18 57 93 2 5 148 161 5 9 159 192 1 2 185 189 2 4 202 214 5 6 214 244 5 17 265 305 
6 8 19 22 80 3 15 128 159 10 18 132 178 6 8 145 167 5 15 207 247 6 9 212 244 
9 6 14 21 52 5 16 89 118 10 18 106 152 1 1 192 198 9 15 241 282 3 9 281 298 1 2 302 311 1 1 311 314 1 1 311 314 
9 11 24 0 62 3 4 32 47 7 12 57 90 5 10 118 146 1 1 159 162 2 7 208 223 1 3 224 232 5 9 285 308 1 2 295 302 
5 8 23 56 103 6 7 65 89 9 24 112 156 7 14 193 238 7 18 212 245 
6 14 18 61 113 10 30 87 148 2 5 237 251 1 3 266 274 4 4 289 312 2 5 296 311 
5 17 22 13 74 1 2 139 145 9 17 189 245 7 13 209 240 5 11 215 237 
5 10 26 37 94 7 15 80 119 7 12 160 190 6 18 259 302 5 9 283 307 
6 6 12 106 132 1 2 149 155 14 29 150 212 3 14 178 208 7 19 230 273 3 6 256 270 
