10 60
8 16 37 176 255 15 24 328 383 1 3 504 510 16 23 525 599 7 14 548 605 3 4 578 591 14 42 605 679 2 3 666 678 
3 35 57 40 167 33 44 122 236 11 23 329 407 
8 17 33 209 294 20 42 269 397 7 18 301 337 11 15 376 435 11 36 430 514 6 24 529 575 9 14 553 598 4 15 647 680 
5 21 54 71 197 30 74 106 234 19 36 528 628 5 9 652 672 2 5 681 692 
6 11 42 102 180 7 10 305 330 31 52 310 437 13 33 493 575 11 25 504 578 1 5 676 686 
4 15 17 21 81 7 14 377 415 28 54 500 620 25 37 560 678 
8 24 27 22 122 7 27 94 157 5 9 105 128 19 26 408 496 11 33 411 495 2 6 448 463 5 12 628 669 1 1 676 680 
5 8 19 92 133 20 26 166 253 15 48 169 254 12 23 243 310 25 50 431 541 
7 17 51 155 276 18 40 217 337 17 31 286 375 16 38 507 619 2 4 542 555 4 8 594 617 3 11 607 631 
6 25 37 99 190 2 13 189 214 26 50 313 426 14 25 411 481 1 1 411 415 5 8 615 640 
