10 58
7 9 21 61 116 30 38 117 231 6 24 168 226 1 1 182 186 4 18 331 381 12 28 384 459 2 3 411 422 
6 12 17 105 147 6 16 217 248 14 41 240 359 13 28 288 371 18 51 306 388 10 25 316 377 
6 21 35 64 185 13 36 260 331 1 2 283 290 14 28 295 390 7 16 298 334 15 17 439 502 
6 13 37 127 226 27 42 152 278 1 3 323 332 20 28 572 677 2 3 645 663 1 1 671 674 
4 15 48 379 483 25 41 416 538 15 29 559 648 9 13 564 602 
7 13 29 241 317 6 12 248 276 15 36 395 493 6 9 457 484 4 11 498 529 12 34 527 617 10 15 569 621 
3 32 50 135 249 24 54 344 439 8 24 450 522 
5 13 21 179 224 26 55 309 430 14 17 505 591 19 34 506 568 3 6 650 672 
6 10 29 277 349 6 6 411 439 20 46 423 546 12 20 423 489 7 13 460 492 11 26 618 673 
8 12 32 113 209 15 26 170 244 18 30 201 284 23 53 360 462 9 15 477 520 1 2 596 602 5 19 603 647 3 5 662 677 
