10 100
14 20 41 17 101 25 35 89 165 25 34 183 267 33 33 219 285 64 64 304 450 4 4 323 334 26 81 509 659 41 45 520 611 35 46 521 623 11 26 621 677 3 3 675 682 8 11 731 757 9 9 748 773 2 2 788 793 
9 7 15 3 45 57 57 55 180 58 58 91 195 44 83 128 264 26 26 294 369 19 30 679 741 30 30 690 790 20 22 744 809 1 1 802 806 
9 43 43 73 196 27 27 272 334 34 58 290 394 64 64 554 714 28 32 565 631 26 49 617 700 25 25 629 702 16 20 634 683 23 30 691 752 
12 34 40 2 129 23 29 123 197 33 33 156 225 3 3 410 420 1 1 493 497 24 54 519 645 27 27 619 690 47 49 633 794 25 34 647 711 9 9 657 683 17 28 662 731 6 12 695 719 
8 33 40 78 159 47 47 108 257 42 42 249 372 61 75 441 583 28 49 526 686 23 30 527 607 26 33 734 797 4 4 783 798 
10 9 10 1 28 55 55 100 252 49 63 174 307 37 90 216 361 4 4 310 319 8 8 423 453 27 31 487 549 56 76 553 703 4 17 625 667 23 38 691 791 
11 45 51 113 209 20 32 125 245 10 10 143 165 15 15 294 334 20 20 407 463 51 63 438 577 13 20 452 495 56 68 493 627 32 36 581 663 17 30 641 719 10 10 717 743 
8 11 11 53 82 43 45 168 278 54 54 172 332 15 15 207 247 39 92 403 564 28 49 427 549 53 67 552 689 10 15 774 810 
8 13 18 45 86 84 84 149 298 25 47 187 289 33 54 221 365 62 62 281 432 38 57 525 635 8 8 773 798 1 1 802 806 
11 68 68 18 179 53 78 106 260 20 23 150 199 1 1 156 160 20 20 300 351 27 27 430 514 6 13 466 494 37 37 598 665 8 21 667 719 22 29 683 743 8 8 748 770 
