10 120
9 1 3 159 168 30 68 405 539 32 79 416 576 18 32 436 515 18 49 451 575 9 19 566 613 27 60 594 725 19 78 614 753 6 13 770 800 
11 22 44 225 344 1 4 235 249 15 64 293 414 4 6 333 347 21 40 339 469 8 37 370 451 37 74 500 645 24 51 577 702 4 11 664 698 13 24 688 748 11 32 708 782 
14 9 18 281 320 3 4 317 336 16 18 379 457 11 23 462 521 23 34 476 604 24 37 558 673 28 61 558 719 15 76 562 694 21 39 587 702 5 23 692 741 2 5 764 778 1 1 779 782 2 4 791 803 1 1 798 801 
13 2 2 3 9 20 41 13 119 37 64 181 338 11 20 271 318 2 5 297 308 3 7 348 366 20 34 457 564 30 69 506 638 9 23 588 635 5 9 607 633 23 64 642 796 3 5 768 784 1 1 790 793 
15 6 10 73 101 10 30 86 155 7 8 94 130 14 18 181 253 34 51 269 408 18 36 332 420 5 12 405 430 1 3 472 481 28 37 549 641 16 16 590 651 18 27 625 696 11 11 744 802 7 12 760 794 5 18 772 803 1 1 797 801 
12 17 28 45 127 30 40 74 189 10 21 111 160 27 85 126 281 5 9 146 179 8 15 501 546 16 16 607 680 7 28 660 734 24 37 681 804 16 17 697 792 4 9 699 730 5 8 759 793 
11 22 30 43 173 7 7 131 165 1 2 180 194 8 13 242 281 18 54 302 401 33 38 341 493 7 15 372 414 31 31 452 565 19 36 534 613 15 15 722 790 7 11 770 795 
12 21 28 7 96 20 39 45 114 18 23 65 168 13 27 128 201 17 39 306 381 6 19 362 404 27 31 529 630 31 72 582 709 9 27 647 703 2 3 671 680 3 7 698 714 3 12 758 790 
7 20 38 112 203 31 66 152 296 8 26 336 386 35 47 374 518 12 16 420 487 29 43 424 567 36 64 633 766 
16 6 13 55 106 22 31 56 152 7 20 115 174 15 25 177 273 25 50 213 336 1 4 274 283 4 12 308 334 12 13 314 368 5 20 356 411 11 26 425 480 33 67 458 588 3 3 518 532 13 15 615 677 6 16 679 712 18 22 709 782 1 3 788 793 
