10 83
9 30 47 2 92 5 5 81 93 10 13 124 147 8 10 151 174 19 43 292 373 25 36 295 405 33 38 408 499 46 46 652 763 38 38 742 815 
8 39 39 203 288 45 45 462 563 47 49 582 697 19 19 584 630 34 55 623 763 20 31 634 713 5 9 660 681 10 14 755 791 
7 29 29 8 72 22 23 59 154 28 52 67 169 68 68 117 274 17 19 391 440 6 6 511 527 68 68 632 783 
11 27 31 33 90 24 24 107 157 27 29 144 232 23 40 159 262 11 26 182 254 23 46 532 620 1 1 574 577 48 68 639 782 2 2 679 685 30 30 765 834 10 17 786 824 
8 74 75 146 298 13 15 319 358 15 21 429 480 12 12 494 534 58 58 573 697 61 61 643 796 14 37 645 762 23 24 760 818 
7 74 74 190 351 19 19 211 270 25 30 215 303 43 44 345 480 8 11 428 454 20 20 442 514 32 35 487 588 
4 24 24 22 69 66 77 30 167 61 61 148 285 68 68 504 650 
12 11 23 69 140 23 23 82 130 12 12 110 137 17 38 394 463 59 59 459 600 33 69 483 622 33 33 530 620 10 10 544 563 11 15 602 637 18 44 667 762 2 3 682 689 10 10 783 831 
10 36 63 74 171 32 36 175 270 29 29 248 341 37 49 327 418 15 18 365 420 10 20 440 487 65 65 530 674 36 51 557 691 1 2 571 576 3 9 769 798 
7 45 56 18 145 16 18 212 279 93 93 503 664 18 43 578 683 34 66 626 768 8 13 749 777 7 7 805 828 
