10 116
10 20 39 68 176 6 6 106 147 16 17 192 267 3 8 234 277 26 28 336 439 12 30 388 486 17 27 395 510 22 30 552 641 30 34 565 700 1 4 724 741 
15 17 17 52 126 9 12 75 117 1 2 86 94 1 1 104 107 2 3 123 141 13 14 149 206 3 4 214 227 8 10 332 373 11 11 403 454 27 35 508 663 30 36 518 641 3 7 551 577 19 31 570 677 8 11 732 774 3 3 761 781 
7 21 29 265 416 29 29 278 380 28 39 410 540 27 40 422 557 20 30 438 546 19 19 463 535 26 26 636 742 
15 4 4 99 125 17 32 117 243 25 31 157 298 1 1 219 223 14 14 241 308 12 21 268 344 16 16 279 327 6 7 297 323 24 24 472 580 7 7 525 555 1 2 594 603 4 4 636 658 4 4 647 668 15 15 652 730 2 2 694 702 
11 8 8 10 44 23 23 68 149 6 9 84 126 11 11 125 175 9 38 154 274 21 25 156 243 32 39 591 708 17 34 612 759 5 20 641 739 13 13 673 718 6 7 680 708 
11 5 5 9 30 2 4 158 174 6 8 212 244 16 35 217 315 31 35 244 352 17 17 297 354 31 31 334 464 12 28 445 552 12 25 579 672 25 25 584 682 1 2 656 669 
10 30 30 5 139 8 8 177 212 4 5 195 221 30 30 318 424 25 34 330 452 4 4 396 413 24 27 478 595 19 21 511 599 16 24 531 643 6 6 606 631 
10 8 8 126 163 21 26 137 293 34 34 146 242 37 52 192 345 17 29 442 558 12 31 552 652 23 35 574 712 4 4 685 712 2 3 709 724 1 3 760 770 
11 38 38 152 269 13 13 373 421 7 13 447 481 30 41 455 588 29 32 459 564 18 18 472 554 14 23 561 631 3 5 592 609 16 30 626 720 14 14 680 733 1 1 687 690 
16 2 3 26 41 22 26 96 214 26 26 137 257 2 4 184 206 18 21 255 330 33 33 261 388 14 22 314 395 3 3 335 353 3 4 440 463 5 6 497 537 9 9 505 578 21 51 549 693 9 10 571 616 7 12 706 747 6 6 764 789 1 1 773 776 
