10 37
3 9 16 333 375 16 26 532 605 39 39 544 640 
5 27 32 67 150 23 28 279 332 5 5 384 398 10 25 553 608 6 6 593 610 
3 39 39 131 232 34 34 295 385 18 23 361 414 
5 9 11 20 48 29 34 303 381 11 11 321 346 12 14 411 439 28 28 561 629 
2 15 28 203 298 57 57 233 355 
4 30 43 85 166 17 20 262 315 7 7 278 293 21 21 468 524 
3 30 54 469 577 25 25 507 573 19 23 549 594 
2 42 42 157 243 41 41 167 277 
6 14 22 89 128 5 7 96 111 2 6 105 116 10 19 125 162 8 15 158 188 26 38 412 484 
4 32 35 151 255 36 40 238 318 8 8 446 474 12 19 488 525 
