10 463
49 1 13 5 34 5 64 25 142 1 7 32 49 6 34 62 160 3 21 63 120 3 26 65 166 2 24 78 131 2 13 98 126 1 17 114 160 3 60 128 260 1 7 144 162 1 6 144 160 6 60 151 284 3 17 157 217 7 56 205 347 2 18 205 242 5 61 223 347 1 10 225 245 1 11 227 255 6 35 230 331 1 4 234 253 6 37 240 353 5 36 246 337 1 7 256 273 7 51 276 403 4 36 286 370 3 59 305 434 4 19 309 393 3 25 310 368 4 48 316 426 3 22 349 401 2 26 353 407 3 30 429 538 6 69 439 573 1 2 477 484 2 30 486 541 4 19 493 557 6 61 495 627 9 41 571 717 2 22 588 698 1 8 608 628 1 15 615 653 1 18 662 699 2 30 664 726 2 17 666 695 2 26 677 741 1 4 704 715 1 6 718 733 1 1 738 742 
45 1 1 7 10 2 16 36 80 4 33 41 165 4 27 41 140 2 23 55 92 11 68 75 216 6 38 94 235 1 5 112 125 5 45 124 222 2 18 136 188 6 32 154 240 8 67 171 320 2 23 179 215 3 28 184 270 3 48 186 299 1 5 188 209 4 36 190 291 4 41 200 286 1 2 203 209 5 65 223 338 3 12 243 293 1 10 271 306 1 20 278 328 1 4 316 331 5 23 325 441 1 8 328 348 8 66 334 468 8 41 381 526 3 23 393 463 2 19 423 488 2 15 424 454 2 21 434 473 6 51 470 606 7 32 475 585 5 44 500 586 1 10 503 529 3 31 580 649 1 9 610 633 1 8 614 641 3 36 634 720 1 3 653 662 1 4 699 712 1 15 706 742 1 2 721 731 1 1 738 746 
49 2 12 9 50 1 3 18 31 6 31 56 178 3 33 61 151 1 10 92 126 1 9 99 119 2 17 128 172 4 33 133 209 6 34 152 256 5 47 154 247 4 42 158 235 3 45 172 259 3 23 177 225 2 16 200 243 5 28 204 287 4 48 220 318 6 49 245 379 6 42 265 387 2 19 290 347 3 36 293 393 7 40 301 415 4 39 316 398 3 32 336 403 4 35 346 467 1 2 356 363 1 12 366 398 2 35 377 444 2 20 382 426 4 44 413 499 4 43 435 531 1 16 446 483 2 39 447 510 2 17 481 525 3 48 515 627 1 6 526 543 3 24 549 624 3 24 553 605 4 24 587 693 4 35 592 675 1 4 617 640 6 50 619 746 3 51 625 744 3 25 656 741 2 11 691 734 2 11 702 743 1 9 706 738 1 9 708 744 2 18 715 746 1 7 718 739 
40 6 53 39 150 4 59 41 164 6 57 66 189 4 43 104 194 5 41 105 238 7 47 111 259 1 2 116 126 5 43 120 206 7 56 187 322 3 37 210 276 5 44 243 378 3 35 248 336 1 7 275 293 5 63 279 361 3 19 288 344 3 30 309 388 2 20 316 361 3 49 332 422 1 6 361 375 4 28 368 428 9 18 385 515 5 32 393 480 1 5 397 414 6 43 400 518 3 35 421 485 1 6 434 451 5 64 463 595 1 9 521 549 3 28 529 627 10 42 570 686 5 74 588 715 5 43 593 698 1 8 615 640 1 30 623 717 4 43 624 733 2 20 637 689 1 14 676 717 1 6 685 702 1 1 721 726 1 3 741 747 
42 3 34 25 101 8 59 44 172 1 5 49 64 6 54 74 195 3 39 75 140 8 67 76 225 1 17 119 153 1 11 132 170 2 45 137 229 5 28 149 215 1 27 161 238 2 20 163 201 4 40 165 273 4 42 166 245 8 41 174 310 1 9 178 217 5 20 229 327 4 34 234 348 4 41 239 335 3 39 242 341 1 6 279 307 1 4 294 313 5 35 306 401 6 48 307 456 1 12 336 367 5 41 342 439 1 12 362 389 5 35 373 511 2 12 431 463 5 47 478 584 5 33 496 587 5 46 507 630 1 7 523 543 3 30 531 588 2 20 590 646 4 37 607 689 7 48 619 732 3 16 621 677 1 4 633 642 4 30 666 746 2 22 685 728 1 1 743 746 
43 2 27 0 44 5 22 3 87 1 24 12 61 2 26 121 162 5 40 124 230 3 14 140 204 6 30 205 301 5 56 216 348 6 30 225 352 1 8 244 259 2 25 260 325 8 37 279 393 1 9 292 313 3 18 297 354 2 24 298 357 1 17 306 340 4 39 349 429 7 43 374 499 2 25 382 438 6 32 387 495 1 21 408 448 7 41 445 543 1 1 453 456 4 66 480 617 4 54 480 576 4 52 480 604 7 42 487 611 1 10 497 516 3 17 522 582 4 57 524 649 6 50 539 660 7 62 564 683 3 32 566 633 6 50 600 723 1 16 629 655 2 23 654 706 4 39 663 739 1 23 671 712 4 19 689 743 1 1 692 696 1 9 694 719 1 3 721 729 1 4 727 745 
42 6 42 24 148 1 19 65 102 2 25 66 116 2 22 68 126 5 59 87 206 6 61 88 236 1 14 120 150 1 21 124 170 4 52 136 245 4 42 142 278 3 20 154 221 7 33 164 305 1 5 192 208 10 59 208 352 6 40 217 347 1 11 250 284 1 7 284 301 1 3 290 295 2 12 307 351 8 50 313 424 4 34 346 436 4 23 407 500 6 58 440 576 7 28 440 549 4 32 469 566 6 44 491 614 6 34 500 585 1 8 527 543 4 25 528 602 9 57 545 661 3 27 554 607 7 14 561 673 1 28 605 664 1 14 620 661 1 8 625 649 1 2 639 644 3 26 644 699 1 3 677 683 3 13 690 738 1 6 697 713 1 12 706 738 1 1 744 747 
48 2 19 5 48 1 11 25 61 3 24 39 102 2 12 49 92 4 37 51 122 3 34 55 118 6 80 60 206 2 20 79 139 4 44 84 203 4 30 114 205 4 24 122 198 7 69 127 261 4 66 162 260 2 19 183 223 2 34 227 306 5 50 229 357 4 52 258 352 1 2 261 267 7 73 296 421 9 51 305 434 5 38 343 451 1 16 355 393 1 17 358 399 1 25 360 408 4 24 370 435 3 14 424 475 3 66 434 572 4 28 436 531 1 8 438 457 3 56 465 610 1 12 473 502 1 11 517 542 1 3 528 535 1 1 532 538 5 47 541 642 2 40 555 648 6 53 583 715 1 2 586 594 1 13 603 649 12 70 605 746 1 18 631 668 3 33 650 743 3 15 660 702 1 14 685 720 1 15 706 738 1 7 730 748 1 5 731 747 1 2 736 740 
46 1 9 25 48 1 6 32 51 1 12 54 93 1 4 60 70 1 34 96 153 3 30 100 172 1 1 159 163 8 50 188 325 3 39 190 275 1 2 200 205 7 45 213 347 9 48 245 392 1 7 273 301 1 9 300 331 1 5 306 316 1 3 320 326 5 51 320 420 3 35 323 415 1 16 367 409 6 69 373 501 4 63 396 516 7 45 400 522 4 36 401 492 5 25 404 505 1 2 425 432 3 45 438 569 8 58 454 594 1 8 468 484 1 5 504 530 3 21 506 581 1 3 518 528 4 47 533 675 1 12 549 579 4 42 552 623 1 26 560 619 1 2 578 584 1 3 583 593 6 51 584 710 4 49 591 705 4 26 611 672 3 18 616 671 5 39 623 710 5 48 639 736 4 23 659 716 6 46 660 748 1 4 687 705 
59 4 37 5 98 1 6 18 33 3 20 28 108 1 6 33 53 4 30 42 132 6 63 48 173 1 12 60 83 1 2 63 76 2 28 78 121 4 29 132 228 1 1 177 181 4 35 196 299 3 27 207 288 6 55 230 362 1 11 259 292 1 19 261 294 1 17 264 307 4 36 264 351 1 13 282 323 4 35 288 384 5 35 326 418 9 35 329 454 4 66 333 439 6 28 338 442 4 45 339 419 3 16 340 414 2 22 351 400 1 11 381 414 2 21 414 467 3 67 422 544 2 28 422 492 1 17 423 464 1 8 437 463 4 25 455 530 8 62 456 594 2 32 460 521 4 22 466 540 1 5 468 483 1 10 483 514 1 6 484 499 4 45 512 606 1 10 523 554 1 8 529 548 1 12 547 574 1 13 578 607 3 49 590 672 3 31 637 723 1 2 645 654 1 7 670 691 1 13 687 721 2 12 689 736 1 14 696 730 1 10 710 740 1 1 711 721 1 3 712 724 1 4 716 727 1 1 728 731 1 1 731 736 1 1 744 747 
