10 423
41 2 43 17 103 3 23 25 96 11 62 35 188 2 15 52 99 2 33 58 160 5 40 104 227 1 18 134 169 8 72 139 291 2 12 152 200 4 32 192 274 8 57 210 354 5 61 221 367 6 65 232 361 1 20 281 317 4 38 304 406 1 13 305 354 4 36 335 415 2 27 347 392 4 32 371 459 1 1 390 394 8 78 456 607 4 39 464 555 1 13 519 542 4 28 526 612 11 69 590 737 3 7 593 655 1 1 599 607 1 4 616 630 8 86 620 771 2 17 636 690 2 27 659 738 1 21 666 727 2 17 687 737 4 34 689 763 2 20 689 718 2 22 693 740 1 3 694 703 1 11 700 722 1 9 712 742 1 10 726 756 1 2 757 766 
38 8 39 17 136 5 27 20 98 11 46 27 169 5 14 33 103 1 5 45 58 5 29 81 233 8 67 120 259 1 4 121 135 2 25 168 220 1 21 216 254 5 58 246 364 4 47 270 362 6 62 273 425 3 11 288 330 3 26 296 365 2 24 309 365 3 27 319 393 1 6 331 357 1 11 360 383 4 30 361 424 5 50 404 514 11 68 449 600 6 51 469 575 1 20 472 519 4 52 489 613 5 40 525 651 4 27 528 620 1 40 541 613 3 22 546 606 8 55 584 733 2 50 612 724 1 19 642 682 1 18 646 688 2 41 652 728 3 40 688 763 2 25 722 768 1 4 735 749 1 3 757 770 
36 3 23 3 61 2 20 52 103 5 30 66 156 7 48 92 206 4 45 110 217 1 7 113 140 2 14 122 163 4 25 142 212 4 22 194 276 4 58 206 333 6 56 227 367 3 34 237 305 9 59 269 423 5 55 292 440 3 31 310 406 3 22 320 385 6 54 341 482 3 25 369 423 1 12 378 407 1 1 379 382 2 11 379 418 1 11 431 469 6 30 447 530 6 44 460 585 2 23 464 520 5 52 467 583 4 29 489 572 3 26 492 556 4 46 518 653 4 38 563 653 10 56 570 708 5 37 601 717 1 8 686 719 2 10 688 723 1 4 753 762 1 2 754 761 
45 5 44 6 123 3 31 11 73 3 18 28 77 3 35 50 132 2 21 80 137 3 37 89 178 8 63 106 228 1 24 116 166 2 17 160 203 7 68 175 303 8 69 180 331 4 62 199 329 1 11 201 224 4 54 202 333 1 6 237 269 1 1 238 241 3 22 244 316 1 12 244 271 1 1 280 285 2 21 284 337 3 58 284 399 7 31 298 434 7 63 312 433 5 74 340 476 1 2 365 371 2 12 369 408 4 32 398 476 6 52 402 519 5 69 408 532 3 50 467 578 2 8 512 541 4 26 525 606 5 80 538 688 2 19 557 634 4 36 600 689 2 22 644 690 1 30 645 758 1 7 662 722 3 26 679 760 1 6 718 733 1 10 726 755 1 1 727 730 1 4 749 761 1 3 761 768 1 1 768 771 
44 8 48 11 144 6 63 83 228 3 56 94 208 1 4 97 109 3 17 134 201 3 42 199 320 1 1 202 210 1 12 237 271 4 45 242 349 2 27 250 305 2 19 274 333 1 10 314 343 5 40 332 460 6 19 334 474 4 11 362 462 4 41 366 469 3 41 372 464 1 8 390 420 1 6 413 430 6 24 414 529 4 46 466 558 5 68 481 613 1 15 483 537 3 44 485 584 7 37 492 621 2 9 517 566 5 23 521 634 2 18 525 571 6 75 533 674 3 42 535 610 3 20 546 651 8 40 548 685 3 15 553 619 4 36 561 656 1 2 570 576 2 29 667 739 1 1 669 676 1 6 670 683 2 23 675 740 1 4 689 710 1 7 709 728 1 10 717 755 1 8 748 769 1 3 762 770 
46 4 40 12 98 4 25 27 117 4 32 44 170 3 32 56 118 1 6 110 120 5 26 119 218 3 49 144 227 1 22 164 222 5 38 166 264 4 44 168 249 1 10 171 197 4 48 224 328 6 44 233 317 2 23 284 333 7 40 296 401 5 32 331 442 6 55 345 463 6 65 354 480 3 77 381 514 4 23 383 446 1 14 384 423 3 79 406 521 1 8 410 431 1 8 423 448 3 26 432 506 3 32 439 512 1 17 446 488 3 20 450 510 2 38 458 533 1 7 471 491 5 50 527 648 3 17 570 631 5 46 597 715 1 10 601 636 5 36 622 726 1 4 642 653 5 45 647 762 1 8 650 674 2 39 661 742 1 26 677 723 1 7 696 712 3 29 708 771 1 9 719 746 1 12 724 754 1 1 731 743 1 10 750 771 
41 6 44 19 119 4 29 54 143 3 51 56 169 1 4 90 103 2 16 137 184 6 39 228 366 6 43 237 350 7 49 267 378 1 3 271 276 3 34 278 338 4 67 281 402 3 35 282 392 2 20 287 332 1 13 290 324 3 18 325 396 12 41 335 489 3 28 342 424 1 6 370 394 9 47 372 525 2 11 423 475 1 5 430 444 5 28 430 506 1 4 449 457 7 35 455 603 5 53 480 593 4 44 486 590 1 13 487 521 1 5 493 503 2 32 541 596 7 58 553 702 6 26 576 709 1 12 587 622 1 4 625 636 4 33 642 755 1 17 656 696 1 1 657 662 2 31 695 760 3 13 698 743 1 3 749 755 1 6 754 770 1 3 754 762 
40 5 23 2 95 1 1 24 27 7 47 33 151 2 14 50 89 3 39 86 163 6 29 90 186 1 10 91 130 1 4 121 138 1 14 133 185 1 16 135 169 4 44 179 322 5 22 180 279 1 21 187 249 8 50 196 343 9 55 208 346 6 67 208 340 1 20 243 278 4 25 260 362 1 15 263 296 8 75 276 423 6 48 316 437 2 32 319 395 3 22 364 499 1 3 373 390 6 35 378 482 2 9 379 407 3 54 405 499 4 15 476 604 1 5 492 503 7 38 499 647 5 45 556 681 1 18 573 616 2 14 582 623 8 39 586 717 3 16 621 674 1 6 629 649 1 9 661 696 1 5 691 704 1 7 705 723 1 1 746 749 
50 1 25 13 87 5 39 27 140 1 1 34 37 3 15 43 114 1 33 72 140 3 16 122 170 1 11 163 184 1 11 163 195 1 7 166 188 4 17 176 254 6 47 196 287 1 2 208 215 2 33 213 269 4 21 268 341 4 34 308 448 1 2 349 358 1 5 350 363 2 14 375 417 2 32 390 458 1 7 394 412 5 26 402 481 8 66 427 574 5 33 429 539 5 51 436 571 4 44 458 561 2 26 468 532 1 11 470 491 1 6 476 490 1 2 516 523 3 27 524 636 3 33 545 620 3 35 568 649 1 6 578 594 3 43 586 677 3 27 587 656 7 40 600 752 4 49 603 727 2 36 609 697 3 29 628 684 4 33 628 714 2 11 632 665 1 22 636 681 1 22 643 682 1 1 646 650 2 32 647 703 5 39 658 767 1 13 684 715 2 15 688 721 3 19 708 750 2 18 722 766 
42 1 1 17 20 3 49 22 125 2 19 22 72 1 3 31 41 1 1 45 51 1 1 56 59 1 11 89 116 5 54 135 252 5 28 144 294 6 58 167 285 7 46 229 383 1 10 235 257 3 27 243 302 6 49 319 425 1 9 340 359 4 60 350 463 3 19 350 417 1 4 350 365 1 3 355 368 2 33 359 439 5 27 363 463 4 31 406 484 3 30 486 544 9 86 509 650 10 63 540 690 7 60 541 680 4 30 555 638 5 55 580 694 5 44 582 690 7 65 589 716 1 11 609 635 1 6 617 639 3 26 622 690 1 12 626 657 1 14 630 661 3 21 633 685 1 5 662 678 6 29 671 762 3 25 690 757 1 5 743 757 1 3 756 764 1 1 767 770 
