10 104
15 12 21 73 111 23 39 140 211 13 27 258 313 30 57 310 466 10 19 396 431 16 40 399 471 19 21 422 463 27 27 451 507 14 23 579 629 26 74 631 784 2 2 687 695 16 20 697 736 27 27 733 791 19 19 796 844 2 5 828 838 
9 9 9 154 170 53 93 246 401 30 33 347 434 17 17 374 418 21 31 493 575 56 56 500 620 63 63 580 740 37 37 727 804 1 2 804 808 
8 47 47 178 290 43 62 313 466 50 50 473 612 35 55 503 622 24 33 528 620 39 56 586 690 10 11 763 784 12 18 805 850 
7 44 54 145 301 27 27 250 318 76 76 403 559 29 29 405 478 39 55 663 799 44 44 701 819 3 4 843 853 
12 40 50 65 166 7 8 209 230 36 47 264 398 63 63 307 453 2 2 331 336 42 42 441 590 7 10 451 474 28 36 590 703 45 45 615 721 3 10 634 651 1 1 794 797 9 9 800 820 
11 4 5 5 17 25 37 43 138 2 3 192 201 23 44 317 415 90 90 384 546 68 78 471 633 28 54 560 692 48 48 641 779 27 30 686 755 20 22 747 810 1 1 850 854 
12 47 50 22 181 20 20 64 122 16 30 169 237 32 32 247 325 18 18 296 357 60 60 446 561 49 49 559 713 2 3 708 715 1 2 756 762 3 3 784 792 4 4 791 801 6 8 822 852 
9 38 46 19 160 26 32 91 231 53 68 219 360 5 6 239 257 11 25 285 337 49 78 337 489 24 85 440 605 28 28 457 511 26 51 672 794 
11 24 47 20 133 12 21 22 70 49 49 26 158 58 58 243 393 12 12 358 392 12 16 706 749 45 47 712 835 34 43 725 811 5 5 764 785 8 8 806 828 1 2 841 846 
10 48 63 46 190 42 42 65 165 14 18 121 167 48 52 173 315 32 64 357 489 15 24 548 589 34 34 571 696 22 24 678 747 22 33 755 852 3 3 838 845 
