10 98
11 7 15 25 58 18 44 110 202 7 10 165 200 35 53 193 344 29 43 329 442 4 8 358 376 6 17 532 569 24 48 625 768 21 57 643 782 7 12 746 779 1 2 786 791 
10 18 58 129 232 1 2 138 145 2 7 180 194 32 48 201 327 32 52 224 354 17 26 357 427 2 3 487 497 23 65 500 654 17 45 561 704 13 27 588 678 
8 8 28 130 190 1 7 250 266 26 34 320 417 21 21 365 438 39 39 505 656 26 51 603 750 9 30 618 695 14 17 656 706 
10 22 49 55 163 17 30 114 190 24 35 203 302 30 57 230 349 10 19 269 325 14 27 341 422 1 1 480 486 15 50 644 771 9 15 669 751 8 11 763 790 
12 7 15 7 47 31 37 100 254 21 35 160 253 13 40 262 382 2 4 270 283 14 49 336 435 18 36 375 458 5 8 516 538 17 70 556 674 1 2 576 584 20 53 658 744 2 2 781 792 
8 21 64 73 218 15 32 81 139 4 6 91 111 30 30 95 228 23 61 134 288 15 38 296 358 27 67 554 685 7 23 677 744 
11 1 1 69 72 7 24 199 244 23 34 246 351 18 32 267 382 21 56 294 431 15 47 323 444 21 33 334 423 10 12 363 396 20 25 364 481 6 11 706 737 3 6 751 763 
9 10 22 16 65 10 20 57 97 2 7 66 79 36 38 102 227 6 21 162 202 5 15 175 205 37 44 443 572 34 34 456 603 12 20 469 541 
10 17 52 30 115 1 1 34 39 6 8 175 207 14 30 206 286 16 38 339 450 8 15 393 428 25 30 414 504 26 59 525 657 6 10 657 686 25 54 661 779 
9 18 49 252 377 2 5 259 271 40 73 505 654 17 34 527 603 9 24 541 588 28 46 548 682 28 70 617 765 11 11 718 761 3 8 733 754 
