10 137
12 2 3 24 34 37 37 58 215 25 33 293 403 9 22 316 388 9 25 316 390 24 27 325 442 28 28 430 539 45 45 561 726 42 42 581 775 30 30 704 862 18 23 862 968 15 25 873 965 
16 16 22 120 242 31 58 328 515 15 15 353 416 17 27 358 465 16 16 370 468 43 52 377 571 10 21 405 480 17 24 421 499 36 50 520 688 8 8 558 589 10 14 591 636 3 4 619 642 5 6 660 684 18 18 702 793 11 18 754 882 17 20 902 963 
13 34 40 155 338 39 65 162 355 19 30 190 311 7 13 203 250 8 12 455 499 31 43 463 622 8 9 651 681 31 31 668 806 32 34 701 876 23 33 745 864 17 17 748 865 11 28 767 872 11 15 905 984 
11 30 54 11 192 15 18 75 181 29 29 261 412 9 17 318 370 23 23 340 528 38 46 417 565 7 8 468 500 48 53 473 669 33 46 505 658 19 33 676 772 28 28 836 953 
15 32 64 204 387 16 24 238 368 3 3 356 374 24 33 395 515 16 25 399 489 33 42 441 611 29 35 442 576 29 44 482 648 22 31 512 610 19 19 540 611 8 10 686 727 3 4 752 776 32 32 787 943 4 5 837 863 16 17 871 955 
16 1 1 24 32 7 15 53 102 8 11 129 174 12 12 139 204 27 37 166 315 6 6 313 346 43 43 354 544 25 38 416 541 9 9 453 487 34 34 453 650 15 20 465 539 18 39 491 652 15 17 551 628 35 35 588 687 3 6 698 719 12 17 766 838 
15 1 2 86 94 4 5 94 113 41 44 138 313 7 17 170 238 3 5 238 255 34 34 358 484 11 16 381 448 27 36 395 533 27 27 412 527 14 15 486 538 14 16 551 608 44 44 675 830 18 18 689 764 34 42 775 964 6 6 946 972 
13 37 48 98 294 42 42 250 438 12 16 369 449 24 30 450 621 2 2 552 560 25 34 557 674 6 8 572 596 6 7 574 616 24 29 589 722 21 48 650 818 29 29 677 778 47 61 718 899 1 1 970 977 
14 17 17 105 187 5 12 149 181 6 7 196 225 27 37 203 325 21 43 396 569 19 19 406 487 24 30 452 570 17 22 489 570 22 22 548 648 19 30 659 775 33 36 700 844 35 35 734 878 26 26 810 935 5 18 879 932 
12 34 44 22 211 26 49 109 265 23 30 241 366 17 17 251 320 34 43 295 446 5 7 418 453 5 5 551 581 38 38 564 676 21 25 576 668 39 39 670 862 19 23 772 860 8 11 830 875 
