10 473
49 1 1 19 22 7 85 39 182 3 19 44 103 8 56 51 205 3 28 52 117 5 44 76 145 7 50 98 250 2 20 126 188 1 8 182 201 1 14 187 218 1 25 222 277 7 64 291 417 3 30 317 378 1 8 318 341 7 63 319 427 6 63 332 472 5 32 344 427 3 24 358 403 5 39 380 521 7 63 392 541 1 7 431 454 2 22 447 498 1 12 466 508 5 53 468 601 3 32 502 574 7 36 504 609 4 28 516 587 5 29 530 679 1 12 539 587 3 23 568 632 2 24 569 621 3 22 580 646 5 57 587 703 10 43 612 744 2 38 626 709 3 43 641 739 1 6 644 661 4 20 645 728 1 10 653 677 2 25 689 737 1 7 692 706 1 5 695 713 1 1 704 708 3 32 724 795 1 8 725 745 3 10 736 783 1 5 790 802 1 4 792 804 1 1 797 800 
49 2 29 16 107 4 40 22 111 1 7 39 56 1 1 44 49 2 9 51 92 2 23 74 136 1 12 103 134 5 35 104 215 1 25 118 169 4 25 120 207 5 57 146 245 4 51 151 261 4 40 156 253 4 21 158 241 2 33 159 238 2 31 162 223 7 45 165 297 6 53 176 301 6 65 221 331 2 23 231 276 4 33 264 354 1 3 268 277 6 70 281 417 1 24 304 353 2 12 321 366 7 23 327 450 2 12 345 380 1 9 357 384 2 27 369 436 6 52 373 505 2 18 379 426 1 11 381 406 1 15 399 431 4 43 406 492 6 39 479 588 7 42 534 688 5 27 541 631 1 8 556 575 9 60 584 729 5 73 585 720 5 56 603 736 10 61 605 756 2 19 702 754 2 15 714 758 1 13 738 763 1 14 746 793 1 11 760 791 1 3 772 791 1 6 782 805 
47 3 12 10 69 7 40 21 140 3 25 41 109 2 18 44 93 9 30 48 173 7 53 72 204 2 21 89 134 4 35 96 207 5 46 98 194 4 21 132 223 1 6 143 160 1 21 150 191 10 44 154 290 3 21 157 221 1 17 166 209 4 41 179 289 2 19 179 246 1 2 258 272 6 51 266 348 5 37 329 441 7 33 334 447 6 33 334 428 1 13 351 387 1 1 354 359 7 71 373 507 2 26 408 463 4 44 421 482 1 24 434 476 1 18 488 523 1 11 505 531 8 13 510 660 4 25 511 602 4 40 529 631 5 66 568 724 5 51 605 728 4 46 607 686 1 16 618 649 3 54 640 749 2 31 659 719 1 13 674 698 2 19 674 728 5 42 696 780 1 13 722 747 1 4 726 744 2 11 761 801 1 3 784 795 1 1 799 803 
54 4 46 15 107 1 28 18 92 5 34 45 131 1 11 55 86 1 7 59 74 6 57 65 196 1 7 89 103 5 41 91 181 3 38 119 241 5 21 164 259 2 28 187 254 4 32 207 306 4 14 210 268 7 53 219 380 2 13 246 289 2 22 261 302 2 14 267 308 2 34 294 366 1 11 296 323 1 8 298 318 2 23 301 354 8 38 334 441 2 46 340 421 6 46 360 469 1 2 377 384 5 45 379 501 1 12 382 408 5 35 386 483 1 8 386 405 9 52 389 540 1 4 437 449 6 28 438 560 4 33 471 553 8 47 482 638 1 12 526 567 3 53 533 639 5 60 535 646 1 20 546 573 3 17 550 606 6 41 559 686 4 44 592 695 5 44 603 703 1 23 617 660 3 50 619 740 1 19 635 672 1 21 652 691 2 19 671 727 2 18 702 755 1 8 705 719 4 23 707 803 1 14 721 759 1 15 729 771 1 14 753 785 1 2 755 762 
45 3 99 1 139 8 43 3 126 1 2 20 24 6 47 41 147 2 33 52 106 2 14 109 147 4 40 132 223 1 11 146 182 6 50 148 245 6 37 184 316 1 10 190 214 4 33 193 292 5 38 205 299 1 5 213 224 1 11 222 263 3 23 232 298 8 50 255 385 6 34 275 394 1 23 308 360 7 75 371 532 4 44 399 494 6 49 412 530 4 38 421 515 6 60 427 563 1 5 438 457 7 61 444 602 6 72 459 607 3 43 489 583 6 65 504 652 1 10 505 535 1 7 509 530 2 38 544 653 6 47 546 651 3 14 554 616 1 1 601 606 10 73 608 765 2 10 624 669 4 33 651 731 5 33 692 797 4 25 708 778 1 13 725 765 1 16 744 775 1 3 753 769 1 1 782 786 1 4 787 801 
41 1 7 9 29 5 54 34 149 4 48 34 170 5 70 73 229 6 79 75 221 6 64 137 277 1 13 150 189 2 35 162 238 1 18 172 216 4 25 179 268 6 61 183 341 6 45 189 304 4 46 194 279 1 13 204 243 9 72 244 395 6 49 263 389 1 1 307 314 6 48 310 467 5 47 313 431 8 52 339 473 2 11 376 417 5 58 395 512 2 25 412 465 6 22 433 551 6 29 494 594 4 28 505 603 3 32 519 595 8 34 536 686 3 15 539 602 1 20 542 602 2 24 562 622 7 57 599 760 8 69 619 757 3 29 661 721 4 57 671 796 5 28 695 788 1 4 720 729 3 33 723 800 3 17 728 780 1 2 767 771 1 2 782 788 
46 2 31 8 117 11 61 20 178 2 11 26 65 1 3 53 63 1 22 61 128 5 61 61 200 6 33 72 182 6 84 127 273 2 15 128 162 5 29 166 247 2 11 174 205 7 34 189 304 5 14 247 387 3 3 271 358 2 21 273 330 1 10 279 301 7 46 285 399 1 7 310 335 4 28 335 422 5 49 345 450 5 35 347 472 1 3 430 438 4 40 461 553 6 80 474 611 5 39 478 570 2 17 481 528 1 16 510 544 5 72 512 664 2 35 528 599 5 55 540 658 5 40 579 683 6 87 605 738 5 47 615 734 2 10 627 681 7 59 630 739 2 11 659 706 5 50 674 772 2 19 679 725 3 36 684 757 1 10 691 725 2 26 693 771 2 15 728 773 2 26 739 796 1 1 766 770 1 2 794 801 1 4 795 804 
53 4 18 5 147 4 23 22 90 1 15 22 59 1 9 28 50 2 36 44 111 8 79 56 197 1 18 57 98 4 34 58 128 4 26 63 160 4 32 85 175 3 32 87 164 6 39 101 244 4 48 122 222 2 28 142 194 5 73 159 316 1 5 160 175 4 25 196 279 3 46 202 306 4 43 208 315 5 63 211 362 1 12 222 244 3 42 244 331 3 11 245 289 5 32 262 361 1 10 303 330 1 19 305 371 1 7 321 343 1 14 357 387 6 87 367 522 5 62 395 526 2 18 398 435 2 15 455 499 6 40 501 620 4 49 502 607 4 22 517 597 8 48 520 624 1 7 535 551 1 21 540 579 2 21 545 590 5 38 570 700 7 62 583 690 4 28 603 668 3 24 604 671 1 6 613 628 1 24 633 733 2 25 667 725 7 35 671 792 3 40 671 766 1 7 693 716 1 11 749 775 1 1 757 760 1 5 775 785 1 6 786 805 
40 5 42 20 132 2 56 37 146 6 65 53 184 3 42 82 168 7 60 105 243 7 58 147 302 5 39 160 276 1 6 171 191 7 59 173 322 4 28 185 264 2 15 188 229 4 17 300 391 6 59 308 433 1 9 341 372 1 3 344 365 2 31 361 417 9 45 373 506 8 57 394 518 1 23 396 460 7 55 443 574 8 59 465 607 2 21 478 517 4 36 479 562 3 33 486 582 9 42 487 631 2 28 501 559 1 3 511 521 5 41 517 665 5 64 521 631 1 28 528 598 9 56 554 692 2 25 559 616 1 10 587 629 1 13 593 627 2 24 636 701 4 40 638 720 6 75 640 794 7 53 650 773 1 7 767 792 1 1 788 791 
49 1 4 16 28 6 49 28 147 4 23 33 108 5 88 36 182 2 13 57 113 3 29 103 166 3 21 119 197 1 3 139 148 5 29 145 229 3 34 153 239 2 18 155 214 4 44 166 286 2 28 192 243 1 8 208 224 2 26 216 273 3 32 222 294 10 33 232 363 3 24 240 309 3 14 252 326 4 43 255 348 1 8 261 278 5 32 312 432 5 34 322 411 5 33 382 479 1 1 391 396 7 96 402 561 1 11 448 473 5 36 483 583 4 37 490 607 8 46 491 637 6 48 518 642 1 12 525 560 8 89 540 701 7 41 547 679 1 9 554 579 1 11 569 596 7 38 639 759 8 61 645 765 3 44 654 754 2 19 662 714 1 6 679 692 5 36 709 793 1 3 735 747 1 9 748 780 1 9 762 792 1 5 764 784 1 16 769 803 1 1 786 789 1 2 795 802 
