10 182
15 4 7 35 63 9 11 152 196 6 16 159 206 39 48 167 333 18 18 192 268 30 30 245 398 21 21 263 349 20 20 265 360 5 5 389 418 19 25 390 488 36 47 439 585 3 3 516 531 27 45 625 778 6 8 652 688 14 18 738 809 
19 10 13 31 88 4 10 45 83 1 4 89 103 7 10 127 168 10 20 163 251 30 57 215 359 12 13 411 469 30 41 453 596 5 5 455 474 8 12 538 588 26 40 569 717 23 23 598 680 21 47 656 803 13 27 665 768 19 40 674 792 5 5 700 719 12 17 743 794 3 3 767 783 7 11 784 835 
15 10 27 4 99 3 3 23 35 41 41 107 258 3 3 166 185 7 9 170 212 16 19 248 322 5 12 338 375 28 38 427 564 20 20 512 592 32 35 534 670 38 48 612 778 12 18 617 699 27 27 617 714 15 17 709 780 4 5 803 820 
19 12 22 55 148 32 39 73 236 13 14 99 175 15 15 275 355 23 23 289 382 12 17 351 410 14 19 375 458 6 7 442 469 11 19 582 668 14 17 588 661 27 39 603 756 3 8 626 661 29 29 672 828 17 17 708 799 22 22 733 822 6 12 772 812 1 1 784 788 1 1 798 802 1 2 806 815 
20 1 1 93 102 7 11 98 134 35 35 132 254 9 13 201 256 14 17 329 398 31 31 348 488 32 32 356 463 31 43 461 612 5 6 517 538 17 17 601 674 27 27 624 761 19 25 631 751 3 3 704 717 1 1 750 754 4 4 751 766 7 9 761 794 4 7 800 823 1 1 817 820 1 1 818 823 1 1 826 834 
21 17 52 14 154 7 9 35 79 5 9 51 92 15 17 120 173 8 8 135 166 35 35 157 287 8 8 161 203 3 5 174 196 28 37 180 330 20 22 200 305 1 1 213 221 20 23 250 341 8 10 263 297 1 1 330 336 17 23 337 429 22 27 369 456 3 4 426 449 22 24 507 619 1 1 568 575 1 1 584 590 10 12 745 805 
16 16 53 58 216 18 28 158 255 21 30 217 349 13 23 243 328 3 4 249 264 28 43 274 422 2 3 329 347 8 8 360 397 18 25 403 478 36 36 493 611 8 17 506 596 7 7 581 616 14 18 652 737 35 41 680 822 19 20 686 781 1 1 817 822 
15 42 48 26 193 13 18 43 112 7 14 66 116 22 23 103 190 12 19 145 210 18 18 255 343 44 44 291 445 8 14 305 367 31 31 306 428 5 5 324 347 16 41 486 649 21 27 530 657 6 8 569 602 3 5 694 712 1 1 832 835 
17 29 29 26 160 22 27 37 171 20 48 44 164 14 14 134 186 1 1 248 251 5 5 301 318 6 7 368 404 32 32 372 477 11 11 376 436 24 29 404 529 29 50 433 600 24 24 492 595 2 4 529 547 9 19 608 673 6 7 696 732 8 11 751 785 1 1 766 773 
25 17 20 16 92 13 41 38 160 2 2 78 91 14 14 107 185 26 29 251 350 29 30 284 426 7 7 351 387 3 5 361 376 4 4 420 435 4 5 425 448 13 24 446 528 24 56 469 631 22 54 551 703 13 16 565 642 19 19 617 681 2 2 654 665 7 8 691 731 12 12 706 760 3 5 724 743 13 18 726 820 4 4 740 755 1 2 765 775 9 9 788 830 4 5 800 834 1 1 831 834 
