10 177
19 28 31 135 260 26 26 136 242 4 4 143 160 14 14 146 236 20 25 228 328 19 22 239 320 4 5 253 276 1 2 254 267 25 33 280 389 7 8 313 358 17 20 334 431 6 6 335 358 7 7 399 423 28 41 418 577 20 27 594 703 7 12 600 637 12 25 636 718 5 5 719 750 1 2 797 807 
19 28 28 38 154 11 11 44 86 1 1 94 99 24 47 109 239 5 10 130 163 24 31 193 286 21 24 244 334 1 1 276 283 13 14 326 377 5 12 411 449 7 10 434 470 23 23 549 640 13 17 618 697 26 42 643 780 29 29 655 773 21 33 689 786 7 12 704 739 5 6 734 759 7 7 737 777 
17 18 33 6 86 24 24 17 121 3 4 46 62 20 20 55 148 6 6 102 130 8 10 137 181 18 18 182 261 7 11 372 414 25 26 437 525 35 35 501 660 7 9 508 544 23 28 535 632 31 42 542 693 11 12 548 603 1 1 551 556 4 5 599 621 18 43 633 788 
15 24 31 32 152 3 3 226 243 16 18 233 306 29 50 255 412 6 8 273 311 48 48 294 454 5 5 302 337 29 36 587 714 22 27 595 704 15 16 641 710 34 43 650 809 8 13 724 766 7 8 749 782 3 3 774 794 2 2 789 799 
17 22 22 15 110 15 21 152 221 18 21 186 329 13 13 187 243 18 29 214 305 15 15 236 309 2 2 242 255 30 37 320 477 14 16 392 493 3 3 397 411 25 35 414 540 24 28 449 607 1 1 476 482 18 24 553 637 24 60 578 726 14 18 657 761 2 4 792 809 
15 7 9 8 41 34 37 49 200 9 9 139 174 25 25 255 381 28 28 364 467 19 26 405 499 16 27 413 500 1 1 496 500 25 25 522 649 22 26 529 629 21 37 535 669 4 4 582 601 14 15 593 659 29 44 667 798 2 4 716 737 
16 2 6 62 77 29 48 64 213 25 32 93 192 23 35 166 272 22 31 241 346 37 40 261 411 19 19 331 399 9 25 354 421 5 5 407 429 4 4 565 596 18 18 606 718 18 18 618 677 1 1 622 625 21 28 650 734 29 35 662 763 1 1 779 787 
17 19 19 17 116 18 21 137 257 2 5 152 175 15 29 322 435 17 36 381 491 8 16 459 517 18 30 517 625 9 10 526 573 12 18 535 624 31 49 637 778 20 20 655 751 8 11 676 721 32 32 691 805 16 19 695 801 14 16 720 796 11 13 749 804 1 1 805 810 
23 15 15 19 83 17 18 41 109 26 50 97 256 5 11 171 208 1 1 225 228 35 35 289 438 1 2 300 309 6 26 383 451 10 17 430 482 20 30 452 565 20 26 477 589 3 6 511 537 1 1 545 549 4 5 553 573 17 33 558 662 14 18 610 676 14 46 613 768 5 7 645 668 25 25 646 751 20 20 663 793 7 13 722 764 3 7 731 753 1 1 807 810 
19 11 13 16 70 14 15 20 92 7 8 43 83 38 40 113 272 5 5 123 154 21 35 161 296 9 15 180 236 40 42 187 334 7 14 267 326 18 27 344 440 25 25 442 534 19 34 470 582 13 22 474 577 6 6 524 548 10 10 535 570 4 9 587 618 3 4 700 717 1 1 756 761 1 1 792 799 
