10 247
21 2 17 10 46 8 24 52 172 1 13 54 98 7 75 72 212 3 22 84 153 6 34 112 240 3 22 124 234 2 27 177 241 1 15 188 220 2 19 272 323 3 5 287 340 3 15 403 444 5 33 432 557 10 58 459 589 2 27 511 586 4 18 561 630 2 19 569 605 2 21 608 650 2 10 629 679 2 25 635 699 1 7 666 698 
27 4 35 55 141 2 16 59 150 8 57 84 216 1 9 85 106 4 60 107 210 3 16 117 171 1 27 119 184 6 40 122 248 1 10 135 170 3 11 181 264 4 24 195 273 6 63 221 346 1 6 225 253 1 12 237 262 1 5 257 271 1 11 381 403 2 19 413 460 3 31 462 572 5 35 470 595 3 28 490 549 1 23 498 545 3 26 571 637 3 29 585 672 1 8 610 628 2 25 621 658 1 5 651 663 1 5 683 702 
30 2 18 0 55 7 34 4 136 1 9 15 38 1 6 17 30 2 25 20 85 1 8 48 89 2 15 68 100 1 15 83 122 2 11 131 177 1 16 223 256 2 28 267 322 1 15 314 352 2 20 323 369 4 43 323 430 2 26 330 383 1 8 377 393 2 20 410 454 7 54 439 548 6 27 444 570 5 48 479 591 5 57 479 594 1 3 518 524 2 20 527 580 1 19 535 579 1 4 584 611 3 36 590 660 2 29 627 698 1 30 645 707 1 1 658 662 1 2 673 680 
21 1 9 0 18 7 52 17 148 1 10 36 77 4 34 86 165 3 33 145 205 3 21 149 197 1 8 183 213 7 39 198 300 3 22 379 431 2 24 403 467 5 44 439 539 4 28 467 525 3 39 492 558 4 39 496 589 6 30 543 650 3 15 555 594 3 22 568 638 5 48 572 695 3 38 591 668 1 8 608 624 1 2 689 696 
20 4 41 5 100 7 30 45 163 3 20 53 111 1 6 114 128 3 27 189 270 1 6 194 209 2 30 220 310 6 45 354 480 5 44 371 483 3 20 386 443 9 50 388 517 4 40 412 520 5 38 414 537 3 13 436 483 5 40 485 594 1 3 552 561 5 60 554 665 1 12 598 635 1 6 629 645 1 2 701 707 
25 2 9 43 80 3 28 61 127 2 26 249 301 1 11 265 288 3 21 317 369 4 56 391 497 1 7 392 411 4 41 394 495 8 52 445 578 7 59 458 598 5 51 461 598 3 22 472 536 1 7 508 531 7 32 515 624 1 2 524 530 1 4 528 537 1 15 548 576 7 44 548 683 1 15 563 618 1 9 572 597 1 12 576 601 3 22 612 680 1 3 665 674 1 4 674 683 1 5 695 706 
27 2 26 43 123 1 7 70 103 6 46 92 217 1 5 128 146 1 5 145 159 4 24 154 244 2 31 156 224 3 16 168 217 3 21 213 278 6 39 246 359 4 23 276 360 1 21 281 337 6 50 356 480 8 73 406 547 4 32 438 526 2 9 450 485 3 43 468 558 2 22 479 528 1 4 534 544 2 18 583 618 1 6 611 631 1 14 615 648 2 21 648 705 1 9 665 682 1 4 674 683 1 5 674 686 1 4 694 701 
28 2 12 18 81 1 11 24 53 1 11 31 61 1 9 61 76 1 2 106 112 3 59 109 250 3 27 127 206 1 13 128 162 4 48 153 243 3 24 200 295 6 52 272 397 6 49 296 434 1 1 306 310 5 54 339 466 2 20 373 415 4 27 391 475 1 4 466 475 4 45 500 575 1 15 518 563 3 24 526 573 1 13 528 558 4 28 554 660 2 18 562 614 4 36 564 681 1 7 569 585 3 23 577 640 1 21 615 678 1 16 627 676 
21 2 17 6 61 3 33 10 90 1 2 50 54 3 33 90 159 9 36 96 213 3 27 98 180 3 27 134 197 6 50 155 296 1 4 174 183 1 9 184 206 2 8 251 289 4 39 268 361 2 16 278 362 1 17 366 429 7 37 408 518 1 17 482 517 8 60 513 631 4 32 574 653 6 36 590 694 2 24 596 661 1 2 700 706 
27 2 25 4 58 5 65 7 122 6 44 70 175 6 42 143 248 1 6 143 164 1 5 156 170 2 23 164 216 1 9 209 230 4 61 211 330 1 7 263 282 3 40 303 391 1 66 322 425 2 27 331 392 4 35 333 409 4 47 429 551 5 35 495 571 1 5 499 520 3 29 515 637 2 30 548 637 3 15 601 662 6 42 602 705 2 12 610 653 2 19 652 707 2 10 659 694 2 20 659 704 1 9 672 703 1 1 704 707 
