10 167
14 19 39 186 272 32 51 197 320 34 58 228 385 4 8 319 339 5 9 337 368 16 34 366 461 9 16 409 458 17 29 452 518 13 20 458 525 34 63 512 642 34 48 513 647 32 62 670 827 28 44 742 834 1 1 829 832 
19 8 24 43 91 29 59 43 182 31 55 130 294 13 43 131 214 27 36 132 269 8 22 217 279 5 27 225 297 8 12 259 312 18 42 297 432 20 58 416 553 35 76 477 634 1 1 555 559 16 29 560 653 10 17 620 666 10 19 681 733 14 27 692 782 7 24 699 757 4 10 702 721 1 1 831 834 
15 7 7 35 67 8 30 152 227 30 46 159 317 9 15 254 299 23 41 318 467 15 25 374 451 38 47 464 606 24 84 575 716 10 20 594 642 1 9 606 626 34 59 637 800 29 67 642 794 11 13 698 740 3 5 748 773 13 25 767 823 
16 8 22 68 131 32 34 75 201 6 11 97 126 25 49 248 363 26 76 256 414 24 31 264 366 6 15 288 318 24 42 421 524 13 28 500 555 20 27 523 609 24 77 645 767 8 19 646 698 12 22 682 747 4 19 725 759 7 20 750 793 11 19 760 809 
18 13 21 93 144 28 76 187 352 4 12 303 333 17 54 310 459 29 47 326 459 28 46 334 468 2 3 352 362 12 19 388 448 10 17 395 436 24 42 431 530 3 10 433 459 13 30 490 555 12 42 578 677 22 34 679 775 16 24 701 772 5 12 728 763 9 12 794 829 1 1 830 834 
15 3 9 3 21 14 30 17 95 6 13 69 130 25 56 132 249 21 59 186 290 30 81 314 471 14 46 329 416 26 45 336 432 34 34 408 543 38 43 553 711 1 4 592 602 11 18 593 659 4 5 688 707 15 30 690 769 5 12 784 820 
22 27 33 20 129 19 38 24 107 2 8 57 74 5 10 105 134 5 12 162 191 23 26 199 268 21 55 239 354 17 44 316 421 20 27 323 416 1 1 354 359 19 43 370 467 9 34 371 453 17 37 436 537 17 36 514 618 2 3 580 592 22 43 685 787 2 3 729 745 15 42 738 824 6 22 741 803 9 21 767 814 5 12 789 816 3 5 798 815 
17 1 2 28 36 16 31 75 190 27 81 82 245 32 32 144 249 18 18 196 278 1 2 204 211 14 42 216 328 31 68 380 536 1 3 398 407 6 19 426 471 1 19 467 507 40 71 565 732 25 55 571 681 32 49 687 801 9 20 735 804 3 7 810 828 1 2 829 834 
16 25 57 97 244 18 39 152 271 9 22 192 246 18 63 194 304 26 27 210 369 10 30 257 303 38 75 285 452 43 75 350 514 33 55 399 558 17 55 432 587 8 14 486 536 1 1 564 569 20 29 727 813 2 10 744 761 10 25 748 804 1 2 830 835 
15 2 9 12 31 11 12 31 78 18 47 35 113 10 27 65 129 30 37 230 371 24 27 250 377 40 49 269 417 7 12 270 315 13 22 348 413 43 65 367 508 22 40 378 466 11 25 415 480 9 23 424 475 24 24 623 722 4 6 762 777 
