10 37
5 17 22 265 324 27 39 321 402 4 7 361 373 49 65 502 621 1 6 601 617 
2 27 40 90 191 43 43 634 707 
3 27 41 329 446 25 27 405 459 19 19 460 509 
2 56 59 476 615 20 20 634 697 
4 29 38 271 366 18 26 487 556 13 13 571 613 6 8 695 713 
2 26 26 312 368 50 50 414 526 
7 38 38 379 497 10 18 461 502 11 13 500 543 7 7 594 615 15 25 612 678 2 5 692 705 1 1 707 710 
2 47 47 180 285 30 51 238 369 
6 28 28 302 370 5 7 325 342 4 9 372 392 9 14 565 592 24 24 568 621 1 2 706 712 
4 14 22 61 121 22 37 115 188 10 10 167 196 24 25 250 347 
