10 117
12 32 32 159 319 4 4 189 207 1 2 288 297 31 31 467 596 34 34 560 698 28 44 591 726 39 43 638 795 11 20 746 825 13 18 769 843 10 22 840 900 1 1 868 874 2 2 899 909 
7 11 15 228 282 28 39 498 680 30 37 534 654 35 47 553 713 29 34 558 689 9 11 614 658 44 44 623 798 
10 27 42 16 167 12 21 37 101 23 23 122 218 9 16 222 298 31 65 418 593 35 41 426 565 23 23 721 863 24 24 739 860 7 12 843 878 4 4 873 898 
10 30 30 30 157 14 16 105 166 38 38 306 473 18 22 364 449 41 41 584 749 7 10 710 750 30 38 730 898 7 18 770 824 13 18 807 867 3 3 841 853 
13 19 19 13 92 38 45 131 304 18 18 147 244 10 17 193 239 12 13 226 276 11 16 457 516 9 9 489 537 10 13 548 594 26 43 614 753 11 16 734 812 1 1 806 812 5 5 808 831 10 10 860 901 
16 29 60 187 367 18 38 257 384 29 30 303 406 23 40 304 449 1 1 327 332 5 10 339 382 1 1 351 358 2 2 381 391 25 25 438 559 2 6 468 489 20 42 553 707 6 13 578 620 8 8 720 772 16 18 770 882 9 9 774 807 8 13 857 902 
12 10 15 90 154 7 15 102 149 25 33 270 399 1 1 414 426 16 34 496 656 39 39 502 675 23 37 556 662 24 26 594 709 4 8 625 653 31 31 727 885 7 14 792 845 6 11 794 832 
12 9 23 56 131 26 53 97 265 17 17 279 378 18 18 305 459 6 14 523 576 21 21 525 636 35 45 727 891 24 37 731 849 4 4 734 751 5 6 768 791 15 20 831 899 1 1 882 885 
13 7 10 58 98 13 13 73 131 24 24 136 223 17 17 138 230 1 1 322 329 27 49 343 482 22 22 442 548 15 15 476 528 31 31 563 675 1 1 621 628 15 15 703 767 14 34 742 869 1 1 838 842 
12 23 23 28 158 39 39 178 345 20 20 219 302 21 27 270 366 19 23 464 540 1 1 469 474 7 11 512 548 35 64 515 689 3 4 615 633 16 29 691 795 5 8 805 838 3 5 893 909 
