10 167
12 15 46 14 109 25 30 143 274 41 52 147 269 8 13 186 222 23 27 357 459 21 34 532 657 25 46 560 673 16 37 582 669 35 38 583 711 6 8 652 686 13 32 682 771 13 25 753 819 
18 11 26 18 96 13 17 23 78 36 69 52 172 17 47 174 288 12 28 194 261 38 49 200 338 5 26 216 278 24 72 328 456 4 7 369 392 2 2 376 390 31 33 388 487 27 54 698 806 4 7 701 721 11 17 717 771 4 8 743 762 1 2 748 754 1 2 802 808 1 2 807 815 
21 29 75 59 218 2 6 144 160 21 52 235 332 28 65 264 394 16 32 280 352 4 4 285 305 27 63 292 387 3 9 301 319 9 30 354 407 16 39 376 453 17 25 418 534 33 72 553 711 9 15 590 639 10 13 601 647 12 26 641 687 8 20 691 743 1 8 733 746 1 3 755 764 1 3 758 765 4 12 768 801 1 4 804 814 
18 31 32 9 136 7 16 13 56 13 26 20 77 11 46 27 129 1 2 192 198 14 29 213 292 4 16 237 287 30 42 266 406 24 43 291 411 8 16 395 429 9 18 461 521 1 1 471 475 22 70 531 677 19 37 610 680 29 60 616 770 14 30 744 809 5 8 774 794 2 7 783 807 
16 32 32 15 121 23 27 39 134 7 18 111 159 33 36 130 248 1 4 132 148 3 5 173 186 11 17 348 398 8 23 511 564 12 39 565 642 4 13 578 604 33 61 608 766 34 39 632 776 12 25 639 701 7 15 691 736 26 44 694 818 1 1 808 813 
19 26 52 62 188 7 11 79 109 20 29 155 240 18 46 159 266 5 10 243 275 36 54 264 412 8 15 307 339 16 73 492 606 17 30 494 574 37 47 516 658 15 34 526 604 13 32 550 632 21 30 612 728 5 10 616 644 7 23 673 714 9 19 718 759 2 4 730 741 4 11 758 784 1 3 807 816 
11 2 5 21 32 30 65 186 333 7 11 188 227 27 32 216 341 17 29 245 343 4 12 377 407 21 28 493 623 25 71 499 640 21 33 577 660 43 43 638 773 50 63 640 794 
18 7 9 15 39 16 37 55 163 15 36 129 234 14 21 183 239 33 78 189 351 44 73 220 382 19 36 320 404 1 2 323 330 14 32 333 407 20 42 339 445 16 32 387 495 3 6 564 579 14 46 574 660 21 39 689 772 3 9 708 734 1 1 762 766 6 8 773 802 2 6 778 794 
19 16 16 14 77 4 8 23 44 25 49 65 172 18 32 68 148 1 2 93 99 12 35 155 257 24 78 196 354 17 53 270 357 18 24 350 418 25 67 440 583 5 7 515 537 28 64 540 659 22 53 565 694 14 38 603 682 17 35 625 699 3 4 749 771 2 4 775 785 2 9 788 807 3 5 788 804 
15 23 85 71 216 28 62 96 238 19 52 152 273 11 32 224 306 12 30 268 331 31 55 311 470 20 34 348 441 17 46 351 453 6 21 358 406 14 24 368 436 7 22 466 502 14 22 481 537 28 62 484 623 3 13 725 748 10 25 735 801 
