10 106
10 8 8 170 200 35 60 231 361 28 36 263 352 32 46 286 385 17 23 325 385 35 35 498 580 1 1 510 515 36 59 572 712 3 3 662 672 12 14 726 758 
14 9 9 81 114 44 96 324 466 27 29 344 445 6 12 382 407 5 5 390 401 27 30 447 519 1 2 464 468 38 54 482 600 4 4 512 522 10 18 585 642 32 41 608 706 28 46 620 702 2 2 723 729 6 6 727 745 
12 22 25 19 74 27 34 97 180 23 40 199 301 13 13 245 272 38 39 246 331 11 24 261 352 4 4 382 391 47 51 508 636 13 18 557 597 7 7 612 631 14 15 663 708 2 2 703 710 
10 25 27 2 84 4 8 153 169 2 3 230 236 11 14 230 265 13 13 327 374 37 37 331 404 43 43 409 516 14 14 479 518 25 34 539 627 61 61 561 711 
10 22 35 73 147 30 41 199 286 43 44 371 488 30 43 396 490 14 30 478 554 3 3 558 570 2 3 559 568 7 11 583 612 24 40 598 688 29 29 634 704 
10 46 46 8 120 17 31 24 94 20 25 43 89 26 26 138 210 1 2 221 225 38 70 262 398 8 8 269 294 15 16 511 554 31 43 608 715 19 19 683 733 
9 19 23 8 88 28 28 37 105 45 53 71 203 46 52 431 580 48 48 567 705 11 12 597 630 11 11 636 670 14 33 663 718 22 22 676 716 
10 18 18 169 225 10 10 207 227 25 25 257 315 20 28 280 337 13 21 369 418 21 33 380 449 39 57 388 529 34 48 389 496 42 58 409 552 2 2 699 706 
9 27 29 177 238 36 47 291 396 19 22 414 463 39 39 480 573 54 65 520 665 20 23 574 620 6 16 662 696 8 9 723 745 3 3 740 749 
12 23 23 17 84 15 17 35 102 15 18 70 141 2 5 110 124 50 71 113 265 41 63 298 427 5 7 309 325 12 16 344 382 13 16 425 472 18 22 539 606 28 28 589 670 6 6 684 697 
