10 64
5 6 11 87 129 15 15 170 231 4 4 244 265 4 5 290 314 1 2 302 311 
11 6 8 15 45 1 1 83 91 4 8 147 179 4 21 209 265 6 6 224 257 2 3 257 270 4 4 262 282 2 2 266 275 1 1 301 304 1 1 307 311 1 1 311 314 
6 5 9 13 55 2 3 27 40 3 3 51 69 6 18 169 223 8 15 192 242 9 12 193 239 
5 3 8 43 66 11 15 92 148 4 6 203 224 9 16 259 313 8 9 279 314 
6 5 5 78 99 10 10 156 197 6 11 189 221 9 12 262 313 1 1 300 307 1 1 309 312 
9 1 1 3 7 4 6 59 78 1 1 61 66 4 5 66 95 5 5 148 168 1 1 150 155 10 11 178 226 6 11 206 235 1 1 305 313 
6 12 22 31 91 9 9 44 83 4 4 231 249 4 5 259 280 1 1 275 278 3 4 289 305 
5 9 14 87 144 5 5 123 161 8 16 204 258 2 2 238 251 10 10 259 301 
5 1 1 1 4 11 14 50 107 6 11 84 120 8 14 85 137 11 17 142 197 
6 5 6 78 101 9 13 123 170 6 9 160 220 9 15 246 304 3 3 257 269 1 2 274 285 
