10 151
14 44 81 9 177 14 20 115 187 1 1 162 167 17 42 412 493 28 34 417 567 28 71 451 592 28 62 552 664 23 60 660 810 19 32 661 728 23 23 666 757 35 60 725 908 26 41 822 952 24 51 866 951 3 8 939 955 
19 26 51 135 254 23 59 159 292 3 6 193 218 1 2 202 206 2 6 240 255 3 15 303 336 1 1 310 314 37 43 321 493 16 21 336 396 32 66 403 549 47 101 419 603 12 22 424 494 19 42 466 559 9 9 526 561 8 15 548 588 7 18 757 823 25 25 866 958 1 3 895 903 1 2 953 959 
12 56 86 67 254 34 58 178 306 8 16 241 285 39 97 384 575 20 47 433 547 16 52 474 564 18 18 476 521 15 28 491 565 32 44 588 718 21 53 600 724 19 84 832 970 3 9 951 975 
14 8 21 68 120 23 45 151 255 17 40 180 317 19 25 207 276 8 11 241 274 59 59 414 596 12 24 434 502 32 47 496 650 32 75 553 696 14 44 562 687 26 69 615 779 2 2 670 680 24 26 789 891 2 3 959 972 
14 23 50 7 118 13 32 86 191 35 71 92 277 25 65 113 288 6 31 231 300 30 67 239 372 2 5 315 327 14 38 395 504 41 59 432 609 28 52 445 554 11 14 628 679 40 49 803 962 12 28 821 883 13 28 824 915 
12 21 49 6 97 10 27 18 72 40 48 67 244 13 23 209 279 11 42 217 282 33 57 218 337 31 81 305 453 23 51 549 647 53 116 613 799 24 43 808 952 15 27 843 906 3 7 966 979 
15 15 66 70 205 9 24 192 246 32 72 220 374 41 75 285 467 11 37 327 416 11 14 392 453 40 112 422 619 10 20 428 520 26 26 490 576 40 98 564 736 9 15 641 687 4 11 803 834 26 42 807 910 17 60 826 923 18 20 834 945 
13 36 55 97 218 13 19 118 165 38 73 172 354 27 31 261 388 32 65 274 414 48 87 295 479 5 7 387 412 28 28 412 522 24 50 458 565 5 11 496 520 7 22 580 627 15 29 601 690 7 15 935 977 
21 7 20 96 141 39 41 203 330 32 55 212 366 1 2 238 242 10 16 292 338 15 68 317 447 14 53 322 407 23 67 326 476 6 11 327 354 4 7 371 402 20 42 403 524 20 39 412 547 12 20 441 506 12 24 743 792 38 46 750 888 13 22 793 855 1 9 911 926 9 15 924 969 1 2 955 960 1 1 959 964 7 10 960 985 
17 22 76 16 184 14 43 119 233 10 22 140 182 6 8 157 191 27 38 173 307 48 49 179 338 22 35 253 367 11 17 291 348 39 43 446 610 6 8 567 588 17 62 669 813 10 30 737 792 18 46 742 827 2 2 842 850 4 11 889 920 18 37 896 973 5 9 947 979 
