10 63
9 14 19 6 76 16 16 14 99 7 13 75 105 23 42 144 255 22 25 150 268 1 4 189 201 4 7 311 329 3 7 543 561 1 2 732 737 
6 23 44 57 178 18 34 123 197 31 67 221 364 1 2 675 680 1 2 725 732 1 2 726 735 
5 19 34 269 364 14 37 459 534 26 57 516 646 22 36 545 623 4 8 632 649 
8 24 32 77 166 2 5 106 117 18 30 181 251 1 1 228 231 8 24 392 453 4 6 524 549 1 2 532 540 22 29 562 652 
5 16 21 41 103 29 52 219 346 19 29 492 570 2 2 693 704 6 12 698 721 
7 13 16 50 146 12 16 144 202 8 25 233 297 7 11 398 432 38 50 444 584 18 35 529 642 4 9 692 712 
5 19 19 128 189 15 67 363 482 31 50 488 633 30 82 499 614 1 2 661 666 
6 12 26 120 171 17 50 168 285 14 33 392 486 14 20 435 496 8 18 581 638 24 44 592 705 
7 17 28 217 307 14 24 237 299 17 19 243 321 11 19 251 303 6 13 445 468 15 45 547 676 1 1 732 735 
5 17 44 6 114 39 53 167 312 4 10 537 557 8 17 544 589 7 10 703 735 
