10 68
5 27 41 86 186 13 13 166 202 37 78 219 337 12 12 258 288 62 62 289 424 
10 38 45 82 178 10 10 306 328 27 30 338 426 1 1 339 343 20 25 367 420 1 1 401 405 42 53 404 504 7 17 419 457 20 35 504 580 12 12 722 750 
10 12 12 80 98 24 32 81 155 15 15 170 209 4 4 238 251 16 37 386 465 4 4 480 489 24 24 531 591 21 33 577 676 20 30 667 715 5 11 719 736 
5 30 30 253 326 15 36 288 402 52 58 354 494 67 76 420 564 1 1 788 791 
8 26 31 9 86 30 36 105 197 44 65 138 276 12 17 407 442 1 2 425 430 1 1 562 568 39 39 635 756 2 3 772 782 
7 8 12 16 44 20 49 399 499 28 35 464 547 15 29 487 553 41 41 499 597 7 7 542 559 26 53 684 759 
5 25 30 220 278 13 15 221 270 72 79 284 423 39 39 673 784 15 16 745 792 
5 21 73 7 137 20 28 26 88 49 49 53 154 35 45 276 380 24 57 312 438 
7 21 21 22 71 30 45 207 334 32 32 263 337 31 31 272 354 20 35 275 340 12 14 447 491 5 8 702 719 
6 54 54 4 127 46 46 9 167 24 36 213 297 39 67 522 639 2 2 684 689 5 9 743 770 
