10 72
8 13 23 56 129 24 31 146 264 3 30 162 238 5 9 276 318 10 15 346 419 13 18 413 490 18 26 491 616 7 7 766 797 
8 4 4 101 119 13 20 123 194 15 42 134 279 24 40 232 358 12 15 421 467 22 23 579 673 5 6 733 764 2 5 782 799 
9 28 28 96 235 21 25 146 251 5 13 307 364 1 1 319 323 1 1 340 344 7 9 357 400 3 6 590 610 10 18 649 744 12 12 680 715 
6 10 10 22 67 6 14 457 532 16 16 601 658 7 7 618 650 21 28 621 738 27 36 660 824 
7 16 29 141 267 15 48 208 331 10 13 294 346 6 6 464 490 10 12 486 526 14 14 582 638 19 19 728 806 
8 20 26 204 313 15 29 248 360 1 3 329 340 32 45 470 610 5 5 559 583 23 23 707 795 1 1 823 831 1 1 828 832 
5 13 22 47 129 19 28 118 217 35 44 130 290 24 28 223 325 10 10 278 319 
8 27 27 27 146 6 9 176 215 10 13 186 266 23 23 351 466 34 36 585 737 6 6 687 738 1 2 767 777 1 1 796 801 
8 17 23 123 203 11 11 162 219 13 18 360 435 22 42 630 757 10 16 705 758 23 23 705 795 11 11 738 804 1 2 820 832 
5 9 11 114 168 31 31 149 271 25 38 199 329 22 30 622 756 7 8 664 716 
