10 95
7 15 32 63 206 17 37 72 189 20 22 73 152 18 19 106 193 31 31 214 352 24 24 538 639 23 23 565 686 
9 34 49 32 181 3 4 41 57 9 19 102 157 1 2 290 299 32 32 348 468 1 1 414 419 23 42 471 597 32 48 524 675 14 23 573 637 
9 3 4 8 22 15 26 22 116 29 32 76 192 30 30 166 288 24 26 220 322 13 20 391 477 25 25 392 540 1 1 588 597 23 32 610 715 
10 19 21 49 172 14 15 70 124 18 21 117 206 29 40 331 484 22 32 401 513 21 26 518 628 3 3 584 598 13 24 595 709 6 8 718 749 3 3 755 768 
11 16 37 6 110 26 26 198 296 5 13 297 331 17 17 364 446 26 26 392 532 6 6 399 424 14 22 438 508 21 40 495 618 1 1 596 600 27 27 628 721 4 5 688 706 
8 19 22 46 147 16 17 103 191 19 31 107 204 20 20 132 254 18 18 171 244 30 44 233 381 11 11 337 402 12 30 343 451 
9 7 16 157 210 13 23 191 267 5 5 275 299 38 41 391 540 26 26 470 600 28 33 524 652 23 23 623 746 3 14 716 757 1 2 752 771 
11 1 3 13 21 20 22 214 293 7 13 326 389 30 30 443 564 18 18 496 559 19 23 498 587 23 26 524 625 20 20 524 596 5 6 553 577 7 9 595 633 6 7 600 634 
10 1 2 91 96 25 25 168 288 17 28 322 446 22 22 352 427 12 12 528 569 29 43 550 679 27 30 551 692 19 25 672 759 1 1 683 687 6 6 723 756 
11 25 42 155 282 31 41 236 358 16 21 314 402 15 15 404 456 1 1 423 431 10 11 550 596 5 12 555 590 24 24 574 670 27 41 580 725 8 8 717 750 1 1 728 733 
