10 64
7 25 25 17 73 13 13 86 119 19 19 159 200 37 43 308 428 2 4 344 363 66 83 353 496 6 11 605 633 
7 11 11 43 85 14 14 104 142 62 62 143 268 20 54 322 442 25 25 325 383 6 8 530 553 7 13 656 676 
8 19 19 184 235 3 3 279 288 1 1 386 389 18 18 406 454 10 13 420 451 42 45 575 672 44 52 611 741 29 46 636 745 
5 30 52 15 109 42 42 296 383 47 47 331 430 13 28 424 484 18 26 666 728 
8 17 18 172 222 12 25 178 239 3 3 186 193 51 51 209 302 36 52 245 351 6 8 265 280 3 7 655 668 19 36 656 726 
6 19 64 42 181 16 28 277 333 38 38 325 412 28 28 399 451 47 47 407 519 3 6 485 496 
6 24 33 46 134 31 31 213 284 15 19 317 356 21 23 393 450 45 52 628 736 15 18 631 680 
5 18 23 337 382 44 47 408 553 13 13 479 520 37 37 552 676 30 44 609 720 
7 52 55 4 132 34 34 75 178 6 9 114 137 45 48 195 300 17 17 218 255 18 22 330 376 10 10 722 744 
5 10 17 118 148 46 86 185 324 48 72 405 532 43 64 536 643 1 2 677 682 
