10 135
14 1 4 182 201 1 2 307 315 29 29 329 451 40 41 392 545 4 16 444 510 29 42 451 595 1 1 459 469 12 24 495 559 9 14 495 543 5 6 610 635 20 24 620 708 12 12 697 755 6 9 755 791 2 2 780 792 
15 13 28 13 155 17 27 20 107 6 8 26 70 20 27 67 195 4 5 116 142 3 3 122 141 6 14 147 201 31 31 305 430 11 15 418 506 14 14 466 533 16 26 495 594 16 20 555 624 3 6 557 579 29 30 618 731 1 2 778 786 
9 4 4 122 140 27 27 171 288 40 40 297 444 22 25 367 475 26 27 408 505 13 14 542 595 24 24 542 649 11 14 644 695 2 5 749 771 
12 4 4 4 26 14 18 68 144 18 18 115 232 18 25 141 231 23 38 241 386 19 31 425 555 5 5 573 596 2 3 606 618 49 49 607 753 7 8 620 652 20 30 636 761 1 1 753 758 
15 8 11 196 245 4 7 239 267 15 27 245 373 22 22 277 400 5 5 324 345 5 5 328 355 24 28 380 482 21 32 451 603 13 21 483 569 2 2 584 592 9 11 615 675 20 23 687 780 16 24 702 793 2 2 755 765 4 4 763 781 
20 1 2 114 122 16 21 131 193 3 11 234 272 6 6 299 335 14 31 305 420 4 7 340 376 7 9 352 390 7 13 497 550 23 23 498 585 7 13 589 623 15 19 598 677 9 14 615 685 25 46 646 775 13 21 670 748 3 3 697 712 4 9 721 757 13 18 725 789 3 3 748 764 4 6 749 769 3 6 758 780 
13 22 31 9 111 7 13 149 194 15 31 187 341 7 7 217 251 37 37 233 353 4 5 254 274 9 16 346 397 30 31 397 510 3 8 539 580 33 42 544 678 3 5 579 612 9 18 629 695 3 3 744 759 
10 6 8 63 106 8 8 68 102 15 25 151 228 22 34 226 338 31 31 272 390 6 9 343 396 41 41 528 676 22 24 560 689 12 12 624 679 1 1 771 777 
13 26 31 102 209 28 39 148 305 9 9 159 201 4 8 280 300 2 3 426 443 24 28 426 536 30 30 475 592 34 35 590 723 5 7 627 660 10 10 642 711 4 8 688 716 4 7 700 736 6 16 736 786 
14 23 27 256 390 35 35 377 501 20 41 393 544 4 14 425 473 3 3 448 463 3 3 536 553 22 22 574 668 13 14 585 642 3 5 662 693 24 29 668 783 1 2 675 684 12 20 702 782 7 12 707 749 1 2 772 782 
