10 58
6 14 29 138 213 45 45 307 399 46 59 410 528 5 10 487 517 25 32 539 603 2 3 586 593 
8 48 48 47 155 14 16 163 206 13 21 200 264 45 54 205 351 7 11 306 333 24 27 376 456 10 14 392 429 7 7 427 445 
6 47 50 198 321 32 58 372 489 21 39 520 621 23 23 540 598 13 24 701 743 6 11 717 740 
5 37 46 47 168 30 30 83 154 8 8 168 190 42 42 315 415 19 24 474 538 
5 57 60 412 545 39 65 431 577 39 60 529 655 7 14 649 681 9 10 698 725 
4 49 51 47 184 25 48 52 141 26 26 418 480 58 60 509 636 
8 6 11 210 254 29 29 323 406 48 69 337 467 10 10 471 499 27 31 529 617 25 29 582 663 3 3 624 632 27 27 628 706 
5 32 34 105 184 40 53 153 279 17 28 256 307 13 13 392 435 42 42 530 614 
5 18 25 238 296 16 16 350 381 67 67 400 544 13 22 426 462 35 35 447 549 
6 23 28 145 193 12 12 226 257 40 66 538 689 42 42 604 719 19 22 632 691 16 22 651 692 
