10 69
7 24 36 60 135 9 9 148 185 56 56 203 323 9 17 211 249 26 26 256 306 14 19 295 338 7 7 449 470 
6 32 32 32 113 44 46 45 167 12 16 109 147 20 20 197 247 22 32 378 465 19 27 461 536 
5 31 32 3 139 23 26 21 100 36 55 309 414 45 67 473 600 47 47 474 605 
8 2 2 129 136 30 47 233 360 12 19 275 315 16 16 312 346 45 45 397 530 48 49 407 536 13 19 561 612 7 7 683 702 
11 24 24 10 64 21 22 24 99 26 26 200 270 12 12 287 320 14 15 558 600 15 15 589 643 19 19 638 679 29 29 638 697 3 5 677 689 2 5 685 700 1 2 695 700 
9 6 10 82 98 27 38 111 205 23 23 163 243 53 76 199 333 5 8 294 313 17 22 476 527 27 49 507 621 4 4 649 657 2 2 696 702 
6 43 59 11 146 19 19 78 122 3 6 85 96 29 31 307 378 38 55 351 460 45 86 546 686 
6 16 16 113 163 14 14 158 201 32 33 182 263 28 28 210 281 39 42 242 359 17 18 403 439 
6 6 6 89 106 50 50 166 291 24 24 246 322 38 38 355 428 26 26 362 471 10 10 644 666 
5 18 30 174 265 36 49 386 493 30 48 530 612 50 57 542 671 22 37 578 637 
