10 171
13 43 55 16 172 2 3 104 119 4 17 220 260 1 1 294 298 38 64 324 488 17 73 437 571 13 30 550 623 27 81 576 750 36 45 590 744 8 18 668 732 19 26 705 778 23 34 718 841 2 2 857 871 
18 12 19 23 92 5 9 32 60 8 18 119 173 28 32 231 356 7 22 270 311 13 30 285 348 25 44 287 386 28 44 293 437 10 34 314 375 7 9 336 372 1 1 345 354 30 51 444 550 20 49 475 591 9 15 493 545 9 11 499 557 11 11 538 579 14 22 560 628 4 6 726 748 
18 28 56 32 169 13 22 69 121 19 72 70 215 9 18 130 176 18 34 149 227 1 4 151 162 13 17 152 246 14 17 178 240 8 39 284 409 20 39 285 377 3 6 392 410 20 52 443 587 7 24 545 588 24 24 555 672 1 1 596 600 29 59 665 819 13 25 772 832 1 3 864 871 
17 10 17 2 52 44 83 168 336 32 80 198 337 19 43 203 310 2 6 243 261 8 27 363 409 15 31 401 483 12 21 410 454 14 38 551 629 1 1 563 567 22 22 569 644 5 11 583 610 37 60 607 755 9 24 715 771 5 13 756 784 8 18 823 866 2 4 840 855 
17 22 65 63 193 34 45 224 396 10 24 236 311 24 55 276 427 10 24 301 359 7 21 321 379 12 26 372 448 6 13 387 425 20 45 443 587 4 8 497 519 30 56 530 704 18 36 542 622 15 35 555 663 12 34 712 779 26 63 725 859 1 1 855 858 1 2 862 868 
16 41 67 32 155 4 9 121 140 33 69 239 364 9 31 355 416 15 26 477 547 24 76 515 669 1 2 537 545 7 12 600 629 15 25 632 699 22 61 700 816 23 37 711 803 9 10 732 793 10 20 797 838 14 31 801 870 6 13 820 857 2 5 846 862 
22 2 7 33 47 17 26 45 153 2 2 66 76 1 1 80 85 1 1 145 152 18 28 199 277 11 24 245 287 13 39 316 442 19 33 364 453 38 52 389 530 17 40 469 548 14 37 517 593 6 15 570 603 6 10 596 634 18 56 617 710 39 59 651 800 8 13 676 709 10 34 699 764 9 25 722 779 3 9 726 751 12 29 802 864 4 5 836 857 
18 33 60 201 352 29 52 305 436 1 6 336 348 12 20 345 401 9 21 368 432 4 7 375 402 3 9 405 429 13 64 417 535 2 5 418 432 32 73 500 661 8 15 522 571 18 19 636 699 27 38 670 797 4 5 719 734 21 42 720 844 3 12 806 831 9 15 826 871 3 6 843 861 
15 22 67 45 172 21 21 113 196 10 38 213 269 2 5 219 232 27 44 339 456 24 67 363 536 18 50 442 548 4 9 458 493 28 40 529 679 13 23 534 604 15 36 630 694 3 6 642 659 43 76 672 820 9 10 800 841 1 3 859 866 
17 1 4 57 66 3 6 91 112 32 84 178 343 34 60 277 425 13 35 304 361 20 20 407 503 21 56 476 576 19 74 503 657 2 2 510 518 14 23 555 624 24 37 567 690 4 4 623 639 12 31 632 698 14 25 667 735 7 13 727 770 10 37 736 795 1 1 866 869 
