10 114
17 5 10 15 36 47 57 91 189 22 22 105 153 37 68 119 299 11 21 151 192 25 25 158 212 33 41 280 395 20 20 374 420 9 9 449 471 4 6 534 546 29 31 559 642 34 34 816 907 24 24 900 949 2 4 901 910 18 18 930 973 4 5 944 966 7 7 948 962 
8 35 35 72 137 20 26 128 193 55 55 163 318 30 55 293 433 50 96 623 769 92 107 697 875 53 53 836 976 1 2 978 983 
16 9 9 27 57 31 31 146 228 12 15 230 265 51 60 376 513 3 4 392 402 14 14 446 484 36 53 495 626 1 2 564 570 34 34 574 654 54 54 603 758 24 46 690 801 18 18 863 912 14 14 886 922 6 6 891 905 20 20 913 959 14 14 929 969 
11 30 56 59 165 21 24 135 212 72 72 366 529 51 65 497 679 37 53 540 669 48 65 552 730 14 21 669 721 32 37 764 887 26 55 797 914 18 25 883 959 8 13 940 971 
9 51 86 45 228 39 48 48 187 6 9 413 434 22 36 415 487 33 46 484 635 9 13 498 531 29 34 536 613 76 111 633 821 42 64 845 979 
9 49 49 358 505 15 20 383 430 58 58 425 591 26 29 572 634 22 25 662 745 66 69 677 854 46 71 829 985 29 29 874 941 4 10 922 943 
9 28 28 91 168 13 13 265 294 28 28 367 434 40 64 376 511 53 59 389 535 73 81 610 785 44 44 812 959 29 29 884 946 3 3 968 975 
12 59 59 45 166 20 39 102 176 50 68 309 443 36 40 382 537 24 30 443 513 45 45 580 697 47 58 848 980 23 45 855 945 18 18 878 924 16 24 892 939 4 4 920 929 1 1 982 986 
14 5 5 4 17 14 14 96 129 10 10 147 167 5 8 158 180 40 40 165 269 21 21 180 238 14 14 246 278 1 1 460 465 4 7 559 581 57 83 608 776 78 82 681 848 6 8 790 808 65 65 791 954 5 5 880 892 
9 17 18 50 91 36 36 157 248 31 34 281 348 9 18 518 554 92 92 557 712 13 13 570 605 61 69 748 907 45 56 764 888 16 16 933 970 
