10 261
22 4 35 3 117 3 18 32 113 3 22 61 129 4 31 144 213 9 67 213 358 1 2 223 229 3 41 298 407 1 11 320 346 2 11 337 384 10 65 344 504 6 51 395 529 5 52 422 538 6 65 427 581 3 29 545 612 6 59 567 681 3 29 598 657 4 37 611 677 1 2 650 654 6 55 662 782 5 55 713 818 5 35 728 819 1 9 795 829 
21 2 23 9 59 8 59 52 211 4 29 54 139 5 50 96 215 5 44 123 243 5 76 164 293 2 21 241 310 3 33 357 417 1 7 405 424 4 49 487 602 7 76 505 642 4 27 506 588 3 31 508 573 9 58 548 679 5 32 575 696 8 52 586 744 1 10 604 628 5 38 612 713 1 3 704 710 1 12 761 794 2 19 788 833 
22 5 45 28 130 4 40 60 149 6 50 139 271 7 41 150 259 4 36 171 278 3 45 226 374 3 31 268 333 9 53 320 484 1 4 322 329 3 28 323 387 1 10 373 399 5 52 396 506 6 36 397 541 4 32 475 595 3 26 477 543 1 22 491 539 4 45 512 617 5 51 609 729 5 21 696 773 4 35 708 796 1 20 733 776 1 5 779 795 
21 4 40 87 177 6 50 116 234 4 27 185 278 3 34 198 272 1 17 251 286 8 82 286 447 1 18 321 377 6 52 353 503 7 47 364 502 2 32 372 451 1 14 438 464 10 41 508 637 3 36 520 606 2 18 560 614 1 8 564 601 4 40 578 695 5 26 582 681 7 63 633 758 10 23 659 804 1 8 727 750 1 3 789 804 
33 7 87 44 194 1 3 66 74 1 4 84 93 3 22 98 198 1 5 98 111 1 9 109 148 1 10 150 172 3 32 221 315 2 18 237 285 9 60 245 391 1 5 272 288 4 52 294 448 1 16 350 394 8 45 367 524 1 11 375 397 1 2 384 392 7 55 386 510 1 9 461 481 1 5 482 493 4 46 516 604 3 31 522 587 7 42 543 661 1 15 548 579 8 39 570 699 2 36 586 691 3 29 625 696 2 18 661 699 2 15 681 726 1 6 722 739 1 13 732 762 1 19 767 811 1 7 784 812 1 13 793 820 
32 5 19 9 105 1 1 24 27 4 23 68 148 1 18 68 101 2 12 72 102 1 9 75 94 3 19 88 134 2 41 91 159 1 13 140 181 2 31 156 221 2 18 169 213 6 55 196 348 5 29 256 364 6 34 267 385 1 1 317 320 1 2 347 352 5 54 359 473 3 23 371 433 9 69 391 514 1 6 436 451 2 70 484 603 1 18 490 522 2 25 517 595 2 21 585 626 3 27 609 682 4 32 646 732 6 42 719 813 1 17 763 806 3 27 774 823 1 8 795 813 1 6 810 826 1 8 810 824 
24 3 20 54 116 8 54 67 211 3 25 129 188 1 6 140 155 2 28 174 216 7 62 247 388 1 7 249 268 6 53 270 403 10 54 275 422 2 13 276 330 5 46 292 385 7 65 300 453 6 29 315 440 4 36 393 479 1 8 429 444 1 6 459 480 4 21 471 536 5 26 550 636 1 5 596 616 1 1 648 651 3 27 729 796 2 17 742 782 1 6 803 831 1 1 823 827 
33 2 24 6 54 1 10 130 157 3 75 138 288 1 8 148 175 3 33 149 228 1 10 192 209 1 45 239 353 5 81 262 421 3 50 275 344 1 3 289 295 8 63 307 449 3 27 310 367 2 17 314 354 1 12 326 364 1 3 365 372 2 13 378 421 1 18 393 437 4 34 454 544 1 1 497 502 10 68 550 710 2 19 597 649 2 22 635 708 1 13 670 703 3 23 678 741 3 59 696 821 5 30 706 806 2 28 717 771 4 39 724 820 4 28 753 822 2 11 754 803 1 23 786 822 1 5 799 811 1 2 827 832 
27 7 53 13 142 2 24 109 154 4 23 120 201 3 33 132 215 1 2 136 145 1 9 150 169 1 6 177 205 1 2 204 210 7 77 215 354 7 70 248 392 7 60 293 455 5 52 337 429 3 51 366 467 4 41 371 487 1 23 377 414 7 40 416 566 1 18 424 469 1 2 445 451 3 18 460 519 1 5 560 574 2 40 582 661 7 41 605 769 3 37 613 684 1 5 629 660 3 38 696 789 4 37 698 773 1 2 796 800 
26 3 27 40 126 1 20 45 87 5 25 49 135 3 98 94 258 3 49 107 220 4 36 110 186 1 3 114 122 5 40 225 369 3 40 263 353 4 37 340 431 5 60 353 501 2 10 364 410 8 43 385 508 5 26 389 478 5 71 404 533 2 28 529 586 4 46 627 735 9 67 638 794 1 7 645 668 3 19 674 736 3 47 730 833 1 3 761 772 1 2 781 795 2 22 783 833 1 5 803 819 1 1 808 812 
