10 100
10 28 51 9 151 40 40 11 127 18 19 165 222 31 31 254 325 15 31 323 388 39 71 467 621 25 25 492 571 35 59 693 815 20 20 745 791 14 24 754 795 
8 47 64 144 296 53 53 148 300 41 41 213 344 38 64 294 453 44 44 330 419 34 34 360 458 11 11 367 394 6 6 748 765 
12 6 12 3 31 4 31 6 80 36 52 80 192 47 47 137 251 16 20 150 199 22 22 272 327 17 20 413 472 27 27 558 634 25 39 621 753 37 42 645 735 17 17 732 770 4 6 796 813 
8 29 40 68 142 23 23 208 253 43 63 248 401 39 61 292 413 55 55 301 439 5 7 421 436 19 38 558 654 45 45 577 673 
9 28 28 0 75 26 26 22 97 76 79 209 360 6 6 230 246 48 48 306 422 46 98 347 505 39 39 619 715 42 42 682 758 1 1 814 817 
8 41 41 5 77 37 47 228 338 54 54 410 531 32 45 468 609 35 48 525 626 34 42 558 690 27 29 684 746 17 22 749 809 
10 9 10 32 58 48 48 167 321 41 41 313 389 59 59 389 513 13 20 414 458 34 44 502 598 24 24 521 586 30 30 670 764 21 21 768 816 9 9 796 818 
14 17 17 55 89 10 13 59 96 7 10 124 148 8 14 233 260 21 25 249 319 49 49 279 389 22 44 282 396 14 14 431 465 22 32 457 562 25 36 496 594 24 24 559 620 15 22 644 685 15 15 678 722 1 2 796 801 
9 11 11 133 160 19 19 159 214 14 18 277 324 23 27 286 368 54 54 349 499 40 51 412 518 41 52 419 579 46 63 443 548 10 14 780 811 
12 12 22 4 57 15 18 17 50 24 53 117 207 56 56 301 422 38 76 305 460 23 35 313 389 6 10 335 359 7 7 444 464 39 43 596 708 40 44 670 767 9 16 686 725 1 2 735 741 
