10 69
7 13 17 8 58 9 24 207 323 15 29 255 365 21 28 295 412 1 2 459 467 12 21 489 565 4 6 641 666 
5 20 28 58 184 20 39 214 335 7 7 417 448 17 17 419 512 9 9 509 550 
5 11 11 353 420 19 32 373 506 6 10 445 487 27 27 468 581 2 3 666 679 
8 1 1 15 23 4 5 59 82 5 10 79 112 16 18 252 338 20 20 439 513 6 9 456 493 13 13 499 550 17 17 624 685 
7 13 17 45 104 3 3 165 183 21 23 182 294 16 18 205 277 11 11 356 405 16 31 377 470 5 7 579 613 
6 14 18 94 154 18 18 129 220 6 9 186 215 23 23 308 403 15 22 603 685 1 1 682 685 
5 29 29 15 117 26 35 256 375 2 2 337 349 22 22 392 491 1 1 460 469 
9 13 13 3 59 2 2 62 71 2 2 82 92 7 20 92 180 12 17 185 242 18 29 241 360 13 14 306 366 2 14 535 600 2 2 638 650 
7 6 8 0 29 4 6 4 30 4 5 66 94 29 29 269 386 10 10 327 368 8 8 335 381 9 12 494 539 
10 3 5 141 161 16 16 151 211 30 31 221 343 1 3 263 272 5 5 271 292 3 4 335 349 1 1 378 384 3 12 466 518 12 12 495 550 1 2 503 510 
