10 108
8 8 8 1 36 14 29 22 89 9 16 23 69 6 12 37 84 2 5 113 125 18 30 144 204 3 4 277 305 1 1 318 322 
13 4 15 2 28 4 14 50 90 5 8 126 153 19 26 139 206 2 3 142 150 2 5 165 181 3 10 190 208 3 11 201 226 7 10 247 277 7 15 256 287 2 2 308 315 1 3 320 326 2 4 333 343 
11 6 14 69 105 7 16 114 153 11 17 176 229 1 6 184 200 3 3 238 250 3 5 242 261 10 16 250 305 15 31 251 317 4 14 287 313 1 2 318 326 2 2 329 337 
10 12 28 3 65 5 17 52 82 14 29 81 148 9 13 90 127 11 18 127 174 7 18 128 196 3 8 224 241 1 1 302 307 2 5 319 337 1 1 331 334 
13 3 6 52 66 12 27 72 136 11 30 80 144 2 16 88 148 3 3 111 126 5 9 124 152 4 8 201 223 6 9 203 228 3 9 228 244 1 1 269 272 2 5 278 288 10 17 281 336 1 4 304 313 
10 5 5 29 56 8 20 102 138 1 1 135 139 15 27 142 203 12 27 172 237 9 17 213 255 8 12 251 283 2 7 268 288 5 11 281 312 1 2 335 342 
15 1 2 19 25 6 18 20 57 3 22 25 69 9 20 28 73 1 1 32 36 18 27 45 106 3 6 88 102 4 5 130 146 2 6 130 148 5 14 154 195 1 5 251 261 1 3 290 298 3 7 292 309 3 9 297 320 3 4 310 336 
10 12 26 46 97 8 22 51 94 19 22 55 121 4 8 80 101 4 4 94 113 4 9 131 159 6 13 134 167 2 9 136 153 4 13 220 258 1 2 338 343 
10 4 8 24 45 11 35 47 114 3 6 48 63 13 30 63 129 9 16 77 115 2 4 194 208 10 23 195 239 6 12 254 290 10 23 258 295 1 1 314 317 
8 8 16 80 120 8 17 90 126 7 18 91 129 13 20 103 164 10 19 117 170 7 12 122 162 5 8 234 260 5 11 257 283 
