10 75
7 27 50 42 133 6 6 99 126 9 20 210 255 2 4 241 251 26 38 423 541 16 24 553 634 2 9 617 640 
9 2 8 83 97 18 58 91 201 1 1 203 206 11 20 211 262 3 12 239 266 2 8 328 343 17 49 488 595 9 18 493 540 2 4 562 573 
8 25 49 85 201 16 36 95 190 6 31 187 232 11 40 252 356 5 8 333 355 2 6 400 411 3 9 464 484 11 43 496 590 
7 29 47 67 184 1 3 124 135 11 15 155 202 19 60 325 437 3 7 366 385 14 14 580 635 9 21 589 633 
6 12 25 85 160 6 6 285 311 34 57 435 556 6 16 460 498 19 31 467 555 19 39 498 598 
5 11 45 213 301 18 37 249 335 21 42 311 411 21 21 427 516 3 9 497 517 
6 17 32 47 126 20 35 110 184 7 27 253 301 4 10 301 320 21 52 413 538 4 7 594 609 
8 17 51 90 192 9 9 160 195 19 30 249 343 3 3 313 328 11 24 388 443 12 17 419 469 7 19 484 519 1 1 635 642 
8 16 46 30 124 3 8 85 101 2 5 177 191 23 26 289 401 7 19 325 375 15 35 421 477 1 2 442 446 5 11 585 617 
11 7 19 26 65 8 22 142 193 22 44 145 273 2 6 192 207 14 17 293 361 18 30 311 374 1 3 345 358 4 12 544 576 1 4 564 576 1 7 627 641 2 4 630 642 
