10 150
13 36 112 8 172 28 57 21 145 11 22 366 473 6 12 400 430 15 48 409 542 29 81 506 662 14 35 515 595 43 87 519 685 19 48 535 651 3 5 577 590 20 22 644 752 9 13 726 768 1 2 736 740 
11 10 30 79 158 39 43 187 337 12 39 274 353 19 27 286 400 31 35 304 462 20 29 312 388 11 27 362 417 22 39 437 529 24 29 448 522 12 23 516 574 35 59 643 767 
14 9 11 34 72 33 72 114 280 26 44 141 251 20 20 177 313 27 31 292 400 27 80 359 527 4 21 373 415 12 33 395 479 11 23 653 698 15 20 710 771 23 44 734 847 1 1 735 740 8 50 741 830 8 14 798 836 
15 1 2 92 99 6 13 273 299 30 61 326 494 31 38 387 546 19 53 502 635 7 9 531 575 8 18 589 639 21 53 620 745 26 57 625 745 33 51 636 790 33 50 709 843 2 5 719 736 1 1 764 768 1 4 792 800 2 2 818 830 
14 26 43 152 287 16 38 224 314 29 44 233 378 3 8 321 342 16 33 335 416 25 39 364 463 10 13 369 410 34 68 580 729 38 68 605 767 15 25 706 771 14 34 715 807 9 24 771 819 5 5 785 813 1 2 848 853 
18 17 29 57 118 9 16 60 100 14 23 75 136 13 28 98 184 39 39 110 231 14 31 172 237 14 26 207 296 8 21 253 313 1 1 363 367 13 20 372 425 28 76 381 549 10 29 382 501 20 52 390 528 5 12 570 601 11 26 599 665 27 54 702 846 1 3 839 846 1 2 842 846 
14 39 39 18 159 25 71 64 228 14 40 250 326 10 23 277 358 11 11 279 317 16 67 388 528 30 68 394 564 4 4 426 444 4 6 453 467 12 22 597 645 14 37 606 721 23 60 623 735 25 68 698 827 10 32 751 813 
15 23 27 22 142 2 6 54 75 3 8 107 128 23 26 209 303 18 51 243 352 19 41 306 401 33 63 345 494 20 35 407 507 17 19 495 560 20 31 525 630 19 55 601 702 15 30 743 816 10 17 778 823 1 2 812 818 1 2 814 819 
18 1 2 25 33 22 39 114 209 2 3 224 235 1 2 298 306 15 30 306 390 14 52 463 553 21 49 480 615 5 5 504 527 10 13 535 581 20 38 561 682 22 74 576 731 1 4 593 603 8 12 595 627 30 75 649 805 39 40 655 800 15 28 677 753 11 17 781 831 1 5 791 805 
18 24 41 92 262 7 10 120 149 16 44 222 312 15 51 293 418 22 49 324 471 27 54 375 489 9 17 406 447 2 4 430 440 10 15 470 510 15 37 489 575 1 4 532 541 23 43 544 668 10 20 584 644 10 12 587 627 1 1 654 658 19 33 695 766 3 15 742 769 10 15 822 855 
