10 111
11 10 10 83 137 28 44 166 293 7 17 198 244 9 23 208 264 17 48 264 364 8 8 283 310 24 54 346 488 7 29 459 527 16 30 579 657 19 40 634 742 12 19 724 782 
10 20 51 37 151 27 56 77 195 2 3 235 245 13 23 325 410 24 61 521 645 22 31 569 666 22 42 585 709 6 13 590 623 1 4 635 646 10 13 662 724 
13 22 46 134 273 18 24 203 289 4 13 247 274 12 24 267 346 6 9 284 314 31 40 298 424 15 33 326 417 12 35 479 539 20 20 493 577 5 10 603 636 1 5 738 749 8 17 741 787 1 2 756 761 
15 6 8 8 35 12 55 93 241 3 15 150 192 31 49 163 297 12 21 165 230 26 38 226 342 10 20 397 450 27 42 455 575 17 28 535 607 4 21 594 630 10 13 679 725 5 16 704 749 3 7 712 732 2 2 713 727 1 6 717 731 
10 29 50 103 258 6 16 107 139 32 66 118 262 18 59 151 279 1 1 173 176 9 19 227 270 12 20 467 520 26 33 545 675 10 23 707 752 5 17 710 751 
9 5 22 95 161 10 14 98 146 14 65 135 250 11 22 224 278 14 38 279 406 19 61 321 435 22 55 481 597 31 45 540 674 28 61 580 724 
10 7 30 104 170 26 59 121 268 30 60 274 414 19 45 302 388 11 19 379 428 7 8 402 436 9 18 428 472 26 58 451 593 7 32 511 574 9 22 680 721 
12 36 49 31 188 1 1 146 150 24 64 159 297 35 70 365 521 17 31 384 458 4 8 502 523 12 33 662 720 7 17 725 770 3 10 751 771 5 10 764 790 1 2 775 783 1 1 778 782 
11 31 31 144 266 18 37 162 253 3 9 292 312 1 1 307 312 28 52 315 410 6 7 327 364 23 34 514 643 14 32 521 604 21 63 553 692 4 10 607 642 4 5 609 632 
10 13 46 1 146 13 24 10 78 13 31 104 193 18 49 142 248 41 61 196 341 12 38 258 341 12 24 275 351 2 4 374 390 18 30 677 762 3 4 750 764 
