10 128
10 29 35 8 155 27 40 111 242 2 3 116 131 3 3 375 390 28 29 426 551 34 41 489 639 6 7 526 552 16 16 550 631 29 31 595 695 6 10 675 703 
14 25 36 3 148 31 39 107 249 13 15 393 459 15 33 439 544 20 20 448 519 7 16 455 504 32 39 519 667 6 7 545 581 11 15 651 724 5 5 686 710 1 1 688 692 1 1 714 719 1 1 751 756 1 1 751 754 
14 2 3 18 33 14 22 59 124 28 28 128 251 7 13 152 196 3 3 154 172 9 27 256 355 10 12 335 377 12 12 360 409 16 29 573 697 7 11 575 616 33 33 601 743 6 9 610 645 12 17 677 747 7 15 703 753 
14 26 26 0 102 1 1 50 53 3 5 125 158 23 23 187 292 19 22 209 324 18 23 234 330 3 11 282 319 4 29 421 493 6 11 493 542 1 3 497 506 30 34 504 619 13 27 569 678 3 6 615 643 14 14 676 745 
10 15 29 31 152 21 31 73 209 15 20 86 182 28 33 184 320 6 7 217 247 21 33 330 474 8 18 421 483 12 14 441 514 6 6 465 489 24 24 516 605 
11 14 23 39 129 10 15 247 304 22 33 275 409 37 37 325 466 26 26 359 492 1 1 413 419 28 33 576 721 15 15 598 679 1 2 698 705 1 3 709 722 3 5 722 740 
11 21 21 139 250 14 27 167 235 31 41 198 344 16 26 256 375 17 21 267 352 22 35 350 468 9 12 441 488 18 30 473 567 2 7 482 510 1 1 646 652 14 17 657 751 
13 21 21 12 141 1 1 281 286 28 41 337 471 29 29 345 466 25 26 383 484 2 2 422 433 11 21 531 595 11 13 536 578 6 8 595 627 19 19 657 740 4 7 664 686 1 1 747 754 1 1 753 756 
12 28 42 18 131 13 13 28 69 4 7 68 90 21 38 83 208 30 37 258 390 4 4 303 324 11 15 352 406 10 10 376 428 5 10 399 433 8 14 423 498 22 41 524 650 1 1 739 745 
19 8 8 114 151 6 7 115 161 3 5 164 186 19 25 171 265 6 6 269 294 14 20 453 521 3 4 473 494 9 18 482 541 27 52 498 639 14 37 564 674 19 19 565 645 2 2 589 599 8 38 621 723 3 4 639 657 5 6 643 667 3 6 655 681 2 4 708 727 2 7 721 741 1 1 724 730 
