10 53
4 11 27 240 362 11 20 284 360 26 34 356 474 24 24 421 542 
5 10 14 70 130 19 20 246 348 14 21 250 336 15 15 318 391 16 19 437 505 
5 5 8 140 173 18 18 173 250 16 16 197 300 11 21 447 519 21 36 471 578 
5 26 34 185 309 12 12 239 308 21 21 291 370 1 1 453 458 8 9 502 550 
4 30 42 255 381 22 24 323 437 9 18 451 513 15 29 548 641 
6 2 3 34 49 13 17 244 301 19 31 274 370 23 36 430 548 16 16 496 573 5 7 525 554 
5 11 20 42 106 26 26 45 134 8 8 164 199 19 23 290 367 7 13 506 558 
4 28 32 109 227 25 43 120 238 13 13 137 198 6 8 341 365 
8 18 19 1 67 13 18 161 244 1 1 308 313 11 19 371 430 1 8 407 443 17 17 471 537 10 22 527 603 1 1 637 640 
7 9 13 82 128 18 22 134 204 18 18 288 375 6 15 295 350 7 7 314 349 15 15 492 555 5 12 552 601 
