10 233
21 1 3 65 76 1 5 79 94 3 51 86 203 1 7 94 109 2 18 150 193 1 5 151 166 2 62 180 274 4 35 216 310 5 61 221 352 6 70 234 357 4 37 272 396 3 26 283 356 1 1 290 293 2 24 322 389 7 64 354 487 2 29 395 480 3 25 445 505 5 29 483 570 6 23 556 653 5 36 594 685 1 10 661 686 
25 3 32 25 113 4 20 52 112 2 38 71 154 3 35 76 161 2 35 97 165 2 19 98 135 2 29 107 169 1 10 158 185 6 43 160 265 3 25 287 351 1 6 303 333 1 1 344 351 1 10 345 371 1 4 359 375 1 4 366 377 1 11 417 441 2 15 425 472 6 40 492 595 1 3 522 529 4 39 528 599 8 26 555 686 5 28 564 656 1 6 590 611 1 4 623 644 1 6 634 647 
25 4 58 85 221 2 29 107 181 2 33 110 178 2 11 118 169 2 19 153 198 4 35 180 258 3 22 181 238 3 31 214 295 3 23 258 310 3 12 263 328 5 42 293 421 2 24 317 403 4 62 336 472 2 13 423 485 1 1 457 461 6 70 473 610 2 24 511 561 3 29 537 614 3 14 546 601 1 3 585 591 3 30 592 655 1 13 635 669 1 4 640 654 1 12 652 679 1 2 672 680 
22 3 16 34 87 3 17 40 86 6 30 81 202 1 7 131 150 1 18 137 190 4 35 166 252 4 35 186 278 1 2 193 200 1 8 217 234 1 7 217 230 8 48 354 487 1 9 355 391 7 52 356 472 1 6 439 456 1 11 482 502 3 46 491 572 3 27 505 579 8 49 509 644 2 23 535 599 2 23 622 667 1 1 678 681 1 2 680 686 
26 4 22 37 96 4 20 64 167 4 41 68 185 5 30 83 180 1 7 99 125 1 11 104 133 1 14 152 203 1 4 161 170 1 10 184 210 1 9 253 269 4 38 297 370 1 11 301 334 1 4 311 322 1 15 325 350 7 43 373 481 1 17 422 451 4 41 467 576 1 5 495 507 6 70 506 630 7 54 513 639 2 23 553 616 1 6 562 591 1 3 568 577 1 16 617 657 1 4 625 637 1 5 665 676 
19 3 37 5 77 5 38 49 177 1 12 102 130 5 38 195 281 4 34 206 270 4 43 222 328 3 44 270 363 6 52 318 443 1 3 359 373 5 34 396 473 1 1 403 406 3 27 462 539 5 63 466 601 6 48 487 604 7 29 490 606 1 1 510 513 2 22 522 582 1 4 624 632 1 18 639 672 
18 2 46 37 113 4 39 82 162 1 1 87 92 1 1 114 117 4 33 122 240 5 62 128 256 4 23 164 227 4 36 209 291 4 38 265 350 1 7 291 326 7 53 293 412 3 19 304 361 1 10 362 391 5 41 525 646 7 43 549 641 5 60 552 673 4 50 597 680 1 2 676 685 
26 3 44 29 122 1 11 41 60 2 9 42 87 3 34 54 132 4 25 72 158 1 3 77 87 2 5 88 156 6 36 96 213 1 12 122 150 1 9 123 147 1 14 158 179 3 38 195 283 1 9 200 227 4 42 254 343 7 48 258 390 1 2 271 277 2 23 316 375 4 23 319 419 1 1 364 367 1 13 414 444 3 42 471 567 1 4 475 505 3 28 477 555 6 49 494 586 1 5 569 583 1 1 646 650 
22 2 33 1 66 3 30 15 84 7 59 23 133 2 44 38 130 1 10 47 75 7 64 67 192 2 8 72 145 2 17 141 193 1 3 227 232 1 1 228 232 1 18 237 280 6 26 253 343 1 8 286 304 5 64 440 570 1 16 478 508 1 6 513 527 3 29 533 592 7 45 540 665 6 35 554 682 2 23 567 611 3 35 570 649 1 6 635 654 
29 3 30 34 94 4 32 41 161 1 4 107 123 5 35 141 237 7 73 208 320 2 32 227 281 2 19 229 268 3 44 234 326 2 19 279 326 2 31 299 347 5 51 327 432 2 9 343 386 1 17 348 384 1 16 350 379 1 6 377 397 1 15 382 422 1 9 389 418 3 42 407 477 1 13 427 471 7 54 434 562 1 6 479 504 3 48 577 682 2 22 584 651 1 3 620 627 1 8 632 654 1 5 655 667 1 10 659 683 1 4 671 684 1 1 677 682 
