10 68
7 22 30 40 105 46 49 282 428 62 62 545 655 22 24 632 708 26 39 679 776 3 3 735 743 12 15 755 790 
7 33 36 5 89 28 52 17 168 34 34 20 80 55 73 170 325 1 1 351 356 15 19 391 428 23 23 554 604 
6 49 62 12 133 58 58 195 316 13 13 350 389 2 5 644 654 14 14 687 725 42 60 688 781 
5 54 54 35 144 27 36 89 174 47 47 259 390 29 48 556 676 23 36 691 762 
4 40 52 81 232 63 63 116 273 48 63 289 411 23 23 458 548 
8 31 74 89 245 18 18 214 272 34 46 423 545 55 76 437 564 14 14 464 495 31 88 472 627 7 10 518 544 1 1 782 787 
8 4 4 95 105 54 57 258 373 20 22 284 340 61 61 289 443 12 12 364 393 19 19 676 723 19 19 687 739 8 14 694 729 
9 13 15 39 72 20 43 204 282 56 85 247 382 3 4 474 483 12 19 490 527 18 20 498 557 44 44 599 707 16 17 753 787 2 2 781 788 
7 77 77 73 229 29 29 100 169 2 2 254 261 51 51 354 465 28 28 454 527 1 1 455 459 5 10 476 499 
7 7 11 133 158 14 14 281 329 51 51 319 462 36 48 378 506 46 47 461 582 37 55 516 667 11 13 549 580 
