10 449
53 1 16 5 32 2 22 30 82 1 21 38 78 1 23 65 118 5 56 94 189 1 8 95 109 5 42 159 250 1 17 160 193 1 37 203 295 1 2 210 217 1 11 230 260 7 51 232 359 1 12 274 302 1 5 306 318 3 33 307 404 4 24 345 415 6 43 352 453 3 19 357 421 2 44 409 481 2 20 410 454 5 32 411 497 8 40 412 537 1 6 437 448 2 10 441 477 5 48 443 588 6 66 455 604 4 22 467 565 2 15 483 535 1 11 501 532 1 21 525 617 2 16 525 565 5 43 533 621 3 28 535 618 6 54 544 670 3 13 556 599 1 16 562 624 1 14 568 602 1 2 577 585 4 31 579 662 3 32 600 679 1 13 601 636 8 67 619 748 4 30 621 714 2 13 643 688 2 17 647 687 5 46 660 751 2 13 708 756 1 8 712 732 1 3 721 729 1 8 721 742 1 1 721 727 1 1 723 729 1 2 746 752 
40 10 77 12 157 4 28 43 102 5 28 55 147 1 9 67 96 5 63 79 177 3 17 79 141 1 11 140 160 6 36 153 285 1 18 192 228 4 35 198 284 8 43 284 435 2 39 308 407 4 38 316 429 7 69 328 467 1 25 336 384 1 3 338 344 6 43 369 489 8 49 394 530 1 5 415 433 6 32 440 546 1 16 462 503 1 5 485 498 1 19 491 524 5 41 498 599 3 37 527 606 1 16 542 584 1 2 553 558 7 46 561 695 3 32 569 638 1 18 579 615 6 40 583 691 5 20 589 668 1 3 589 595 8 52 627 737 6 52 632 732 1 1 682 689 1 2 687 693 3 11 689 748 1 1 711 716 1 4 717 727 
41 3 37 5 105 5 46 52 189 6 72 61 203 4 40 97 208 8 31 97 210 1 1 121 125 3 35 130 202 5 66 133 277 4 46 134 226 3 46 145 240 5 26 187 271 1 11 189 219 2 25 198 259 7 43 198 318 8 42 209 334 1 6 214 229 10 52 224 368 3 30 225 309 9 31 244 390 2 18 298 347 1 14 309 346 4 19 355 432 4 68 376 501 1 10 382 405 1 10 389 409 2 14 430 478 1 2 437 444 7 54 454 603 5 33 473 559 5 34 480 588 2 15 483 523 6 17 517 641 2 40 559 633 6 54 574 709 1 7 642 659 3 21 643 695 1 1 725 729 1 3 738 745 1 1 745 751 1 1 746 749 1 1 752 756 
51 1 5 3 24 1 2 12 21 1 9 18 43 4 44 25 115 1 5 42 68 5 24 67 191 2 21 84 133 2 19 98 149 3 14 104 160 4 31 123 193 1 13 129 158 1 4 130 141 5 46 148 241 5 56 157 261 1 8 171 190 5 58 185 335 5 39 195 299 2 25 238 300 5 61 267 389 3 33 316 391 6 33 361 485 4 49 364 479 9 61 375 526 3 21 417 468 2 25 418 480 6 12 421 506 7 50 426 529 4 24 450 532 2 22 452 501 2 22 500 545 2 15 512 565 4 56 539 652 5 41 557 646 1 3 558 573 1 10 582 615 1 8 584 617 2 28 590 665 1 5 622 643 1 1 624 628 2 22 637 694 2 21 650 706 5 36 651 733 2 19 666 724 1 12 668 695 2 21 675 714 2 16 676 731 1 3 684 692 1 5 686 702 1 9 719 750 1 9 721 752 1 4 730 742 
45 3 12 21 72 1 9 31 49 3 32 36 107 7 42 42 153 4 37 42 122 4 42 71 176 4 38 76 197 7 33 103 222 1 11 129 149 1 2 136 143 1 19 166 221 7 39 167 298 2 23 168 251 1 11 183 209 6 35 191 310 3 33 223 302 4 51 229 339 3 30 232 295 4 39 235 345 4 22 268 370 6 30 277 393 6 51 288 425 5 47 333 444 3 39 334 411 3 23 336 395 1 7 357 374 2 15 363 411 3 24 376 429 7 35 380 481 1 4 421 435 1 10 432 473 2 14 437 474 1 2 447 451 4 54 448 598 6 66 451 587 5 50 472 602 2 18 512 556 1 10 516 544 3 21 521 578 2 20 548 592 1 24 589 626 3 13 626 669 1 17 681 709 2 15 707 751 1 9 713 740 
45 2 21 36 85 8 43 54 174 1 3 59 66 2 41 59 123 2 10 92 125 1 1 105 111 6 28 132 276 6 75 133 249 9 57 171 310 1 11 178 206 1 15 179 214 2 20 198 244 5 58 244 366 5 34 292 376 6 59 344 483 3 31 349 427 9 78 367 518 3 29 372 463 1 1 390 394 1 3 398 407 6 54 475 606 3 35 489 558 4 26 505 600 4 55 512 640 3 21 534 600 4 41 542 620 4 52 546 661 3 59 555 693 3 55 570 674 5 56 575 701 8 43 586 733 1 43 624 699 1 10 628 651 1 1 634 638 4 25 659 747 2 16 666 742 2 15 677 708 3 28 681 733 1 2 695 702 1 19 696 744 1 4 709 722 1 12 710 733 1 4 733 745 1 1 744 748 1 1 752 755 
46 1 8 8 23 4 49 27 107 6 46 47 166 5 47 68 179 7 34 88 223 2 27 89 155 6 43 108 210 1 19 110 153 1 4 121 130 3 15 149 213 4 45 151 276 3 30 152 219 1 19 179 225 6 37 183 332 5 41 283 383 5 56 284 415 3 40 289 379 7 80 320 466 2 12 322 360 3 15 357 452 1 16 360 397 1 6 392 416 3 27 396 464 8 24 407 541 3 60 419 541 3 26 425 489 2 14 444 503 4 70 453 600 2 15 490 539 2 22 505 562 1 3 510 521 1 28 521 585 5 54 523 668 5 24 533 611 5 38 537 644 8 38 543 666 1 29 543 599 3 31 571 649 5 33 582 699 1 19 584 628 1 10 620 650 1 15 626 677 1 17 673 700 1 7 712 733 1 3 745 751 1 2 749 754 
41 7 35 2 151 1 3 13 22 2 19 25 119 1 3 30 38 1 14 33 54 9 33 36 177 2 20 46 100 6 48 49 165 7 36 56 177 2 16 63 113 7 34 67 162 2 20 67 110 5 34 90 187 9 43 100 249 1 4 123 132 5 38 140 239 1 10 143 171 3 21 145 205 7 83 156 304 8 50 183 324 1 1 197 200 2 23 214 287 1 12 216 245 1 4 272 298 4 61 303 451 5 39 334 429 2 28 342 402 3 23 383 479 1 11 412 435 7 59 425 562 1 8 430 465 10 63 468 608 5 45 477 585 1 9 629 649 3 44 649 749 1 6 649 661 3 40 652 736 1 9 684 721 1 7 702 726 1 7 722 746 1 4 730 741 
44 1 23 3 67 1 1 28 31 1 3 32 40 2 17 33 81 5 39 40 139 5 40 52 137 4 52 53 144 4 47 66 169 1 6 72 87 2 12 92 137 3 30 105 195 4 33 112 216 2 17 157 202 1 4 166 176 1 10 179 216 4 19 226 320 5 22 253 324 5 33 335 439 5 45 354 443 3 19 363 428 5 41 366 493 1 15 404 438 4 52 427 556 1 5 433 451 5 35 493 602 1 5 509 532 3 68 509 626 7 42 519 648 5 21 527 646 5 38 532 632 6 40 544 673 5 30 545 632 3 37 556 639 6 75 559 692 6 44 564 696 4 34 572 641 2 32 581 665 1 3 655 661 3 44 662 752 1 6 669 691 4 29 672 744 1 8 694 717 1 7 723 746 1 1 742 745 
43 1 16 2 40 4 38 6 87 5 48 9 138 2 25 18 71 4 38 61 175 1 17 120 202 1 8 148 170 2 12 151 188 5 93 176 320 1 25 209 251 2 9 236 286 5 47 292 411 6 42 349 485 6 58 362 513 5 30 390 468 2 23 392 456 3 16 394 451 5 82 405 533 4 34 430 535 5 22 448 526 6 52 448 566 5 25 467 551 1 22 486 529 1 34 493 563 4 42 507 592 1 1 511 516 2 55 513 616 5 73 522 648 4 34 525 610 2 16 530 580 1 14 538 571 3 32 547 625 3 16 554 605 1 11 577 605 9 55 579 708 5 46 598 706 7 56 617 746 3 24 629 698 4 18 636 708 1 6 677 692 1 1 739 745 1 6 742 756 1 1 752 756 
