10 220
25 2 14 18 62 1 11 28 58 1 1 38 41 3 31 56 146 1 29 57 101 2 22 62 126 3 21 77 126 1 6 93 108 6 59 95 225 3 20 100 168 1 12 140 167 6 87 151 278 1 7 241 266 4 35 241 325 1 10 248 267 1 11 337 372 7 46 395 521 1 16 413 446 2 20 481 525 3 36 488 573 7 53 501 639 2 13 511 558 3 20 545 631 3 24 560 625 1 6 575 597 
24 1 13 30 56 1 3 41 50 1 19 108 166 5 43 126 250 4 47 140 243 3 13 162 211 6 35 170 281 1 12 261 290 1 17 326 374 4 42 375 477 3 31 380 457 1 3 382 399 3 60 386 510 3 43 404 513 4 57 423 538 5 33 434 524 4 43 449 570 5 45 564 658 2 19 582 625 3 47 590 693 3 29 617 681 1 11 653 684 1 3 662 668 1 1 687 691 
20 1 16 21 61 1 5 28 38 1 8 31 49 4 46 65 152 5 52 95 212 5 19 120 228 1 3 122 130 2 8 141 177 1 9 175 200 4 25 177 261 1 9 183 211 7 41 245 355 3 49 313 437 2 20 325 373 6 63 355 484 7 55 457 585 4 32 459 524 7 63 477 612 3 32 513 599 1 9 636 667 
19 6 59 56 181 2 52 91 185 5 44 194 331 6 39 225 336 1 12 254 316 3 61 292 427 7 51 314 447 3 33 321 399 2 20 336 400 6 62 338 463 4 26 349 441 7 55 376 513 4 38 415 509 1 8 468 495 3 50 498 594 2 24 597 650 2 22 603 649 1 2 646 661 1 3 650 658 
19 4 74 90 224 7 59 133 251 3 23 172 240 4 24 186 290 4 27 334 400 1 12 339 365 4 40 350 431 3 20 355 419 3 26 363 458 4 28 370 450 1 15 383 423 5 45 426 521 7 45 461 596 2 18 494 542 4 22 501 591 1 8 518 542 3 58 538 625 4 41 593 675 2 9 595 640 
18 3 12 55 135 3 54 97 220 3 23 110 180 2 14 129 183 5 37 153 258 2 6 183 220 5 53 209 319 7 48 215 347 4 31 237 335 5 48 256 384 1 4 285 304 8 48 289 406 5 65 349 477 1 14 357 397 5 47 362 480 6 53 495 612 1 5 535 554 3 34 536 602 
23 5 30 16 126 6 44 34 151 6 51 50 175 9 40 72 209 2 15 74 123 3 18 108 175 1 1 181 186 1 7 205 222 3 35 213 312 4 26 245 314 2 23 246 299 1 6 311 337 1 10 318 370 3 25 324 413 1 5 391 405 2 23 440 486 6 58 440 560 4 26 472 548 2 12 603 653 1 8 615 639 1 10 650 671 1 3 659 669 1 1 687 691 
27 4 38 33 118 4 19 43 113 4 33 50 140 1 1 59 64 4 39 63 150 1 3 66 73 4 51 124 261 1 4 124 148 2 19 129 183 2 20 178 228 3 21 196 255 1 4 243 257 6 45 265 368 1 1 288 292 6 46 416 515 1 9 475 497 3 27 506 598 6 31 506 588 3 21 549 606 1 14 580 608 3 26 582 654 1 8 630 652 1 15 646 685 1 9 648 669 1 4 653 665 1 1 656 660 1 8 674 693 
25 1 16 14 52 3 32 50 125 4 29 60 147 1 5 90 101 1 2 96 106 8 34 118 224 3 26 122 193 5 33 140 266 3 21 225 282 1 8 261 288 2 28 332 397 6 44 370 493 2 28 432 496 4 67 437 556 2 38 442 518 2 20 450 515 5 71 456 582 3 21 494 546 1 16 496 536 1 18 510 553 2 7 556 599 1 1 594 601 3 44 603 686 1 4 631 646 1 11 661 684 
20 3 18 13 57 9 58 38 170 1 9 40 75 4 36 73 159 1 2 195 201 2 28 226 287 4 31 277 368 5 38 286 365 4 40 296 394 1 1 357 361 1 17 368 413 3 37 377 454 2 16 386 446 6 34 399 509 9 50 480 610 1 2 494 512 3 20 495 545 5 50 571 662 1 18 651 692 1 2 677 681 
