10 190
21 14 32 95 188 13 19 125 181 17 27 196 301 21 42 203 338 4 7 223 242 11 15 317 367 35 37 356 495 38 65 415 566 13 45 433 560 15 62 476 611 23 34 485 587 2 5 505 517 1 1 505 509 8 20 554 610 12 48 571 646 1 2 575 581 11 12 656 694 1 2 724 731 1 2 730 736 4 7 744 760 1 1 751 755 
19 32 39 11 130 7 12 144 173 19 27 208 296 23 46 228 358 12 30 246 315 19 19 318 429 4 5 354 371 26 74 356 498 12 50 363 463 1 2 426 434 26 68 436 582 2 5 452 467 16 24 539 601 2 7 560 579 9 13 601 636 1 12 641 672 11 21 696 744 13 31 701 759 1 2 750 755 
17 18 25 12 98 8 13 21 60 9 16 100 152 24 32 114 236 25 33 122 235 18 38 152 296 11 26 215 286 27 46 281 419 4 9 435 460 4 6 484 507 3 5 590 611 12 28 606 676 26 59 617 730 27 64 629 756 19 23 681 755 1 1 710 713 2 9 711 724 
19 27 37 0 113 12 15 10 55 11 16 47 100 5 16 75 137 10 22 189 240 2 9 192 215 17 34 196 274 17 29 265 353 3 7 267 283 25 41 338 451 14 16 360 443 9 13 380 414 11 16 383 435 31 84 395 545 12 18 489 537 12 17 516 562 5 14 700 731 1 3 714 723 1 1 750 754 
20 8 8 19 54 17 44 30 137 4 6 74 90 5 21 76 113 27 58 96 233 12 14 97 192 9 33 277 337 6 11 288 315 42 47 315 451 4 9 331 352 1 2 404 413 10 25 417 462 27 48 486 581 12 24 577 644 1 1 578 581 10 17 590 658 8 16 657 707 18 40 667 744 6 29 704 747 1 1 752 756 
15 2 4 40 50 5 17 68 112 22 44 74 164 49 49 94 236 5 16 127 164 20 53 259 379 22 38 387 459 31 36 395 503 19 46 416 537 17 33 477 557 3 5 535 553 20 44 585 678 16 70 617 729 1 4 676 686 8 18 708 757 
19 16 27 1 96 1 1 15 21 26 26 82 181 17 43 120 245 17 46 131 272 13 34 210 283 27 47 230 368 5 25 232 298 23 56 236 378 3 7 325 342 9 15 338 377 16 27 389 446 5 6 447 470 13 49 447 543 6 14 498 533 1 3 507 519 17 50 656 755 7 11 679 707 4 10 729 753 
22 29 29 47 147 20 60 101 231 3 15 142 172 8 13 160 190 9 17 180 228 21 75 210 325 2 2 236 245 2 7 258 277 16 29 259 329 1 1 262 267 24 27 274 387 3 9 297 314 7 26 359 409 10 21 411 450 19 26 413 497 11 19 472 513 11 34 476 538 15 23 513 563 2 3 587 598 11 28 616 682 2 7 720 738 1 2 741 748 
17 37 68 194 320 4 10 217 245 5 26 253 305 28 35 253 380 30 59 255 372 11 14 276 325 20 51 295 442 3 9 320 340 16 40 444 518 7 16 492 528 17 23 503 579 9 24 512 574 9 30 513 565 4 9 530 552 1 5 597 608 30 44 619 724 17 32 632 714 
21 18 22 34 95 2 6 37 48 3 9 88 106 12 20 140 177 3 4 154 169 18 52 154 269 17 27 156 242 22 78 166 309 7 23 180 232 2 5 190 205 3 8 258 284 24 86 259 390 6 14 266 306 19 59 295 439 5 11 305 326 7 17 378 415 3 9 418 445 16 36 421 489 10 34 437 506 19 39 500 603 10 37 554 640 
