10 60
5 8 15 290 352 21 22 304 416 10 12 546 579 27 27 629 736 19 21 647 725 
11 1 1 170 177 1 1 234 240 1 6 242 263 16 16 374 449 1 3 396 406 21 21 415 493 13 16 455 528 15 15 540 596 5 8 622 664 4 5 671 698 3 4 697 712 
4 6 6 127 152 14 14 565 632 18 20 582 650 30 32 590 727 
5 15 15 16 92 23 23 304 407 23 23 372 517 4 8 540 581 3 5 560 584 
5 8 17 165 218 31 34 274 418 13 19 485 589 4 8 559 592 31 39 569 668 
7 16 31 4 114 5 6 227 258 12 21 249 342 9 10 327 386 29 30 564 666 8 8 594 626 1 2 711 725 
5 16 34 116 237 1 2 122 131 32 34 193 330 19 25 343 460 9 14 569 622 
7 34 35 107 225 14 17 142 243 18 29 147 267 2 4 606 624 5 9 699 737 1 2 722 732 1 1 731 734 
7 8 20 7 80 7 8 50 81 18 24 80 163 1 1 377 381 4 8 385 419 20 31 606 719 15 21 615 684 
4 5 5 25 46 21 29 98 245 29 37 146 278 19 20 614 701 
