10 35
4 47 53 268 390 26 26 330 417 2 4 518 528 1 1 679 682 
4 18 26 449 494 38 38 582 685 7 7 593 609 2 2 694 700 
3 51 70 432 559 11 19 483 526 5 5 683 698 
4 33 37 461 547 4 4 478 492 26 26 606 664 6 8 646 670 
4 34 44 64 170 21 24 118 177 1 1 132 135 23 23 363 445 
3 30 30 394 478 11 20 627 672 27 29 647 706 
5 11 11 208 235 19 22 280 373 12 16 288 315 18 24 613 665 14 17 621 669 
3 13 13 124 158 49 71 253 376 14 20 304 349 
3 23 43 90 198 38 43 538 635 39 39 616 705 
2 53 53 303 425 25 38 346 461 
