10 165
15 25 25 121 231 21 31 152 294 30 30 167 285 3 4 190 205 33 46 200 346 13 19 210 294 7 12 456 495 30 36 497 606 19 24 531 618 40 47 541 672 9 9 627 674 15 24 655 763 4 5 769 790 3 3 813 831 1 1 840 843 
15 8 8 15 55 8 30 127 284 24 25 191 301 31 36 228 372 20 22 246 344 21 21 357 447 13 21 443 547 34 34 661 803 28 31 693 805 16 16 695 761 24 24 727 841 20 21 756 840 6 10 791 835 3 6 794 813 2 7 828 856 
14 8 11 37 97 20 26 71 168 8 13 89 141 18 24 151 253 28 32 248 363 24 34 342 477 16 17 348 444 4 4 350 372 23 41 450 597 24 36 481 622 41 71 633 804 27 27 706 823 13 18 730 807 1 1 853 856 
19 18 32 101 192 34 41 131 298 39 39 146 291 10 21 264 367 6 6 349 372 16 18 443 518 10 29 449 559 6 6 469 494 6 9 525 566 22 30 527 634 22 33 579 693 20 20 622 692 15 26 684 775 20 33 688 855 18 24 703 800 10 10 774 829 3 3 779 793 3 9 807 836 1 2 808 816 
17 26 48 9 152 29 33 110 260 3 6 147 168 29 29 175 294 30 39 211 364 3 3 227 242 27 50 287 418 8 18 329 383 25 40 352 469 35 45 380 539 18 42 410 540 9 22 515 576 8 9 522 555 5 7 650 683 13 15 768 825 4 4 776 797 2 2 834 847 
13 21 21 63 213 11 11 132 183 19 22 153 245 13 20 157 234 23 26 180 295 11 20 279 348 1 1 373 378 36 36 391 517 30 34 434 565 23 42 506 674 10 14 658 729 33 54 679 836 33 41 699 819 
18 14 24 6 77 21 44 24 147 20 43 28 160 12 12 72 122 29 29 194 345 35 43 243 389 8 8 314 356 7 13 370 415 25 31 387 505 9 18 418 490 15 15 483 560 24 30 537 672 8 8 655 685 6 7 690 717 16 20 699 769 7 9 761 796 2 6 770 822 1 1 849 852 
18 21 21 69 182 8 15 89 141 25 34 117 237 27 35 179 310 6 14 218 259 28 43 258 421 14 26 353 449 27 41 454 579 13 13 467 516 4 8 506 535 13 18 546 616 26 35 621 772 14 15 637 694 9 23 703 776 5 6 769 792 2 3 792 812 9 10 793 831 3 3 826 842 
20 1 1 20 24 4 10 37 73 27 27 154 281 4 6 205 223 32 32 221 339 3 3 313 335 25 25 328 415 19 19 332 428 35 48 458 596 28 32 500 632 16 23 507 606 1 1 509 517 14 14 536 623 6 11 599 632 4 5 718 744 23 23 732 817 10 10 742 785 1 3 822 834 1 2 845 853 1 1 846 849 
16 15 15 9 85 4 5 62 91 3 4 73 88 18 18 130 219 51 51 143 300 25 34 163 282 27 48 185 339 28 32 219 383 12 19 458 527 30 30 583 701 3 4 628 643 18 37 629 723 16 16 639 712 5 5 673 703 3 12 810 855 2 2 840 850 
