10 183
19 30 62 13 133 21 41 14 103 16 31 16 84 2 4 80 89 1 1 86 98 5 17 250 281 25 51 271 378 7 18 287 323 14 37 306 426 10 25 339 382 21 40 356 463 26 30 444 563 8 26 465 519 1 1 509 513 11 17 522 565 8 33 619 697 6 12 683 708 30 30 723 810 1 1 804 807 
21 25 37 32 146 5 11 49 80 4 15 74 110 2 4 197 209 29 52 227 340 29 41 284 398 7 20 287 329 29 70 307 444 18 34 369 449 22 61 376 530 2 3 411 425 6 14 459 497 17 37 501 616 1 1 550 554 9 19 571 609 19 19 635 705 6 17 642 672 7 16 663 699 8 15 699 751 1 1 728 732 4 10 756 777 
14 36 36 9 155 10 23 103 162 38 65 133 271 13 32 233 325 15 31 360 444 7 18 430 493 4 11 433 459 16 42 478 634 40 52 496 645 20 48 577 665 4 10 590 617 2 4 605 616 37 43 652 808 6 8 669 709 
20 4 10 26 52 1 10 32 57 12 30 44 117 33 80 96 255 38 62 194 323 14 46 279 374 24 79 304 455 25 61 331 441 24 37 423 533 6 23 433 493 5 6 489 510 10 21 516 555 20 31 565 649 2 3 684 695 5 16 699 746 6 6 702 740 9 14 737 770 8 22 751 801 1 1 764 771 3 6 783 800 
16 13 20 1 60 18 69 21 145 34 57 53 161 16 19 86 171 6 43 110 188 16 35 138 223 8 27 164 216 3 5 169 196 34 49 250 399 23 38 375 484 27 40 511 654 11 59 636 747 8 17 651 682 5 21 665 701 10 18 676 728 16 34 693 787 
25 13 19 3 59 13 56 40 149 22 24 91 158 30 48 91 203 3 7 114 128 4 7 121 141 7 16 189 236 12 40 191 284 12 25 191 266 6 9 261 293 16 47 293 384 9 28 301 363 8 10 351 379 2 3 398 406 6 14 518 548 2 4 521 533 12 32 523 589 1 4 546 559 23 41 677 801 6 11 717 743 15 15 720 794 3 5 762 775 1 4 766 777 2 2 788 795 1 2 789 796 
17 13 32 65 135 24 41 87 221 39 64 159 296 20 49 170 291 7 10 215 248 4 14 236 278 34 51 335 469 4 5 369 387 14 19 370 465 17 43 379 516 13 19 400 450 1 1 477 481 1 2 542 550 18 49 636 737 11 26 645 701 17 33 676 759 2 5 781 797 
16 9 20 62 110 13 16 81 160 32 52 121 240 2 4 204 215 20 52 207 340 13 22 295 355 9 22 418 500 6 6 453 483 8 17 469 511 27 46 579 707 30 96 591 735 10 34 593 655 22 85 637 781 18 31 661 785 7 18 710 766 4 11 763 793 
20 8 9 57 115 19 21 94 178 10 21 101 166 4 10 148 172 27 63 202 314 25 62 219 357 8 18 241 280 4 9 293 323 4 8 293 310 4 11 314 338 12 44 336 417 29 50 404 499 32 42 476 594 22 35 555 678 1 4 608 615 8 16 720 756 3 10 742 764 5 6 775 795 2 8 788 804 1 1 793 797 
15 19 45 50 136 19 38 111 235 15 24 139 225 3 6 151 167 15 70 319 468 18 26 333 437 18 52 441 549 13 34 457 539 14 57 500 611 9 11 626 662 45 64 657 807 19 36 666 756 7 21 703 770 11 30 738 800 2 7 787 801 
