10 61
5 5 5 30 53 28 35 36 158 24 26 87 178 24 37 262 375 4 6 479 502 
11 26 31 74 193 3 4 137 159 3 5 159 182 11 21 201 254 4 5 247 266 6 11 355 393 3 7 472 491 1 1 586 591 5 10 631 671 2 5 635 653 6 6 662 687 
5 29 32 28 144 6 10 39 98 4 4 168 194 26 28 198 323 3 4 258 279 
8 21 43 159 291 1 1 163 168 13 16 227 293 13 26 242 316 3 3 510 525 11 11 553 610 6 14 646 695 1 1 720 724 
6 8 8 141 188 8 28 170 256 10 17 219 274 23 45 473 611 5 7 486 517 14 44 548 667 
7 2 4 5 18 36 36 19 155 2 2 78 86 12 21 224 291 10 16 453 535 9 11 548 587 1 1 721 724 
3 12 18 77 145 33 33 129 268 25 25 324 413 
5 16 30 150 284 15 15 251 313 15 37 383 516 2 2 488 501 28 28 600 700 
6 13 14 0 51 9 10 182 223 7 9 188 226 4 4 270 287 10 24 514 600 25 30 573 702 
5 7 12 171 214 18 46 261 397 4 5 391 408 16 33 440 577 26 43 489 618 
