10 46
8 2 2 94 101 4 5 98 112 7 11 234 259 18 18 248 291 10 10 256 285 46 49 677 781 26 52 702 817 5 9 788 817 
6 54 54 129 261 34 34 131 192 27 47 248 338 3 4 262 273 4 5 789 807 1 1 827 832 
3 46 62 31 181 48 48 248 380 7 7 741 765 
3 28 28 240 304 22 22 323 406 52 59 539 700 
2 55 55 294 430 35 53 421 586 
4 29 35 230 333 18 24 316 366 15 22 330 382 49 49 658 822 
5 4 12 121 139 7 7 184 205 13 22 503 556 41 41 568 661 23 40 665 771 
3 29 37 58 174 42 60 231 344 38 62 548 684 
7 11 15 77 113 21 21 474 551 21 22 487 540 23 50 558 656 6 6 692 709 8 9 708 735 1 1 819 822 
5 27 27 79 171 19 19 201 253 30 30 388 458 6 11 409 433 10 17 556 600 
