10 35
2 46 46 304 411 30 30 435 506 
5 16 32 11 94 19 32 317 383 46 46 461 588 19 44 601 680 13 13 633 670 
5 1 1 31 34 39 39 70 177 10 18 119 155 14 30 384 437 13 32 590 679 
2 32 46 26 122 54 54 177 298 
3 13 21 11 81 43 57 375 495 16 26 515 566 
7 11 15 12 45 19 19 62 104 12 21 182 240 5 9 611 635 17 43 646 722 10 19 677 724 3 4 725 735 
2 40 41 28 132 39 39 350 442 
4 18 19 228 277 30 69 365 480 20 53 579 675 6 6 679 700 
2 53 53 81 180 68 68 474 617 
3 44 44 137 222 17 29 405 463 15 15 517 561 
