10 105
11 26 51 20 131 4 14 115 146 15 33 219 285 17 49 240 337 13 22 260 317 23 30 446 576 17 28 529 602 3 3 562 575 2 6 658 672 7 16 664 695 1 2 682 690 
8 5 7 18 44 9 27 125 176 15 29 134 209 32 46 338 462 13 38 445 538 11 27 561 615 28 45 569 695 13 32 580 698 
10 21 45 32 136 5 10 36 66 7 9 85 114 7 19 103 154 32 32 104 241 13 27 240 340 3 4 289 308 14 28 365 455 12 37 373 453 9 34 406 506 
11 26 50 175 264 10 13 233 266 4 9 287 310 23 54 375 494 6 12 408 468 25 25 475 576 13 36 502 586 7 19 554 598 18 50 574 648 1 2 624 629 6 9 642 666 
10 33 75 28 159 4 9 38 57 22 38 198 330 16 16 360 435 25 25 385 517 11 35 448 541 1 3 497 505 21 36 553 644 1 1 556 560 5 10 645 674 
11 19 23 164 262 29 44 240 347 23 65 271 409 3 6 298 311 2 10 321 357 16 59 471 604 11 17 591 648 7 19 605 639 11 21 628 690 1 3 675 681 4 4 680 698 
11 4 12 16 44 2 9 63 87 29 35 226 347 18 18 268 335 9 16 310 370 7 10 391 424 10 17 407 446 11 25 410 477 2 6 448 459 18 25 449 534 22 35 530 665 
10 16 20 281 348 23 52 333 473 18 48 467 606 10 17 537 598 24 37 538 653 2 13 550 579 18 49 556 647 18 51 557 691 4 8 603 634 1 1 694 697 
12 15 20 27 99 36 41 160 299 19 30 184 257 10 23 219 264 7 15 268 324 10 21 269 373 3 6 359 380 7 7 382 406 7 14 439 470 7 18 524 583 8 18 628 666 2 5 669 681 
11 26 47 80 209 11 33 82 146 4 15 181 216 29 52 224 355 23 39 241 344 30 41 308 443 4 9 401 424 18 29 551 635 1 3 637 644 1 4 688 695 1 1 690 693 
