10 152
18 3 9 24 48 5 5 39 58 6 12 70 130 7 7 105 138 37 37 251 395 3 5 342 360 6 15 378 433 3 4 436 458 10 21 549 636 16 18 574 629 23 34 600 720 12 12 602 649 18 27 637 738 34 34 641 753 7 16 677 749 20 34 685 797 5 5 784 807 1 1 795 802 
23 17 29 69 188 10 14 88 131 16 18 189 270 5 5 214 233 29 29 248 357 6 6 250 292 13 21 296 348 28 41 316 456 3 11 332 363 2 5 356 375 5 8 359 385 20 26 370 488 14 25 401 496 8 14 411 462 5 25 464 534 5 5 526 550 10 22 605 695 5 15 723 785 2 3 768 780 5 5 777 809 2 2 791 803 1 1 812 819 1 1 814 817 
16 2 2 96 106 12 22 145 208 25 25 164 299 10 11 247 300 29 32 250 390 14 17 356 425 25 32 374 479 16 16 432 518 3 3 441 454 15 15 477 553 14 24 520 593 37 37 558 673 13 16 639 735 1 2 645 655 2 2 690 702 2 5 801 815 
16 4 8 40 63 30 30 41 161 25 25 105 214 18 27 166 276 25 25 167 256 1 2 189 198 16 23 205 281 3 6 253 277 33 33 268 421 5 7 374 400 22 35 409 504 7 9 463 507 38 38 565 706 2 3 786 798 1 2 807 814 1 1 813 819 
15 15 34 69 170 19 27 106 255 33 44 167 324 4 8 235 265 21 40 334 474 33 33 341 442 1 1 347 356 6 6 516 545 12 12 547 602 19 19 550 638 19 28 566 669 5 5 570 598 20 26 613 711 2 2 749 760 1 1 786 793 
12 38 40 107 262 23 35 189 292 6 6 191 214 36 36 198 347 21 21 249 334 5 6 271 293 38 51 427 574 10 15 467 511 27 44 602 756 3 5 643 666 9 27 659 763 13 21 729 807 
14 16 21 65 174 27 30 84 241 7 7 274 307 35 42 284 428 5 5 294 321 25 25 336 443 35 52 380 539 13 19 393 474 16 24 440 535 9 9 547 578 14 33 613 716 7 7 637 671 2 2 729 744 14 27 732 811 
11 3 3 26 36 23 24 101 210 21 21 186 284 20 42 205 366 15 19 331 428 33 33 443 578 12 12 448 527 27 40 456 589 21 54 475 625 33 33 682 796 15 18 707 765 
13 16 19 22 109 23 23 93 233 24 24 125 235 4 6 168 192 24 40 236 337 24 24 306 406 8 8 391 420 24 37 408 544 8 12 418 458 32 32 427 557 6 14 433 506 21 25 532 648 11 19 701 764 
14 17 28 138 235 21 33 156 262 6 9 171 207 3 3 278 298 5 12 330 375 22 43 541 678 13 20 582 657 20 26 598 708 19 38 637 788 31 43 649 798 33 33 650 773 26 26 681 815 5 5 715 733 1 1 811 817 
