10 166
17 11 11 32 89 1 2 42 51 11 22 43 113 5 9 59 79 4 9 77 97 1 5 101 115 4 10 130 150 19 44 135 205 12 23 148 199 8 18 156 189 11 20 231 280 13 13 263 330 1 2 277 282 5 13 322 357 5 7 329 347 5 13 334 370 1 1 364 368 
16 5 5 3 40 2 5 8 21 9 22 35 88 14 20 38 107 7 27 45 98 4 7 61 81 1 2 62 68 11 11 95 141 12 19 95 141 2 4 180 197 10 24 201 254 14 29 218 271 6 8 262 299 1 3 292 298 8 19 312 353 11 11 317 352 
16 8 17 23 80 2 3 24 37 6 25 48 104 8 12 70 116 9 15 82 126 10 17 89 152 10 15 118 161 8 20 128 176 8 18 132 186 6 14 176 216 14 27 197 268 9 35 212 273 8 27 233 282 1 1 280 283 8 19 304 342 1 1 363 367 
15 6 13 12 47 6 16 15 47 6 10 26 59 4 4 27 45 7 8 55 86 14 26 58 126 12 25 99 158 14 24 100 170 4 14 164 189 4 14 190 221 12 44 300 369 9 30 305 363 14 18 313 363 3 8 350 371 1 1 359 362 
15 13 24 59 119 8 19 59 105 4 12 81 108 11 16 92 137 3 6 149 166 10 20 154 209 16 29 168 234 14 14 168 231 3 6 207 226 2 4 224 237 3 5 257 273 11 16 270 318 5 7 273 292 4 7 293 319 8 31 304 365 
24 1 1 22 26 8 13 39 84 10 30 46 108 9 15 49 107 8 10 51 78 1 3 93 100 3 10 123 149 4 10 188 217 10 18 207 258 6 20 221 290 5 6 223 241 1 2 225 230 15 38 227 296 5 10 263 289 1 2 287 292 1 1 303 306 14 14 303 348 6 22 313 354 1 3 331 339 4 8 336 353 4 8 345 371 1 1 350 353 1 2 365 371 1 1 366 369 
20 9 18 7 48 16 23 31 93 11 21 62 119 1 1 62 67 5 7 65 101 7 30 107 171 11 19 108 178 1 3 147 156 3 7 169 190 9 11 177 229 12 27 230 292 10 23 248 301 6 11 274 308 15 34 297 371 1 1 315 320 2 6 333 345 3 6 342 360 6 7 343 367 1 3 351 358 1 2 354 358 
16 10 39 37 108 4 5 42 68 7 22 83 135 1 1 87 91 12 26 102 168 18 39 109 180 13 28 111 184 10 14 148 194 6 6 152 180 5 15 177 211 6 15 184 213 12 26 193 244 2 13 246 273 5 7 326 354 5 11 328 357 1 1 363 367 
14 1 4 2 12 16 38 22 90 10 18 31 77 6 11 57 91 13 22 69 126 10 30 175 230 8 12 188 221 7 10 236 267 11 13 241 279 14 28 259 326 6 10 263 293 14 22 285 337 4 9 285 305 2 5 358 370 
13 1 1 19 22 12 27 19 78 12 31 22 85 9 11 160 200 1 3 180 187 12 21 190 237 7 33 190 263 14 29 207 267 6 19 249 286 17 32 253 326 10 13 255 307 15 34 288 354 1 1 363 368 
