10 86
6 3 3 29 36 37 37 59 143 49 53 380 497 66 66 458 612 26 34 597 674 46 55 692 824 
8 14 22 168 208 23 40 191 275 52 52 198 317 16 21 395 459 51 60 495 650 25 27 573 645 40 40 711 788 18 25 758 809 
11 44 44 91 191 37 55 131 295 2 2 163 168 31 67 271 432 46 50 333 458 19 19 392 432 42 77 427 560 17 46 442 535 16 16 609 648 1 2 812 816 1 1 836 839 
8 13 31 186 254 47 50 254 367 42 67 435 586 10 20 458 497 37 37 530 654 8 8 640 665 38 53 713 848 28 29 733 793 
7 39 46 66 180 46 46 382 490 60 60 509 661 21 42 619 690 34 34 685 799 21 48 698 826 3 3 766 774 
7 6 11 35 64 23 29 107 201 37 37 182 269 9 10 217 238 36 36 377 452 28 29 394 473 90 90 471 620 
7 74 74 54 224 32 32 146 209 37 45 192 301 41 41 579 673 17 30 583 650 25 28 613 664 9 12 620 660 
12 17 21 70 123 1 2 88 95 15 15 162 200 24 26 183 240 52 65 239 372 43 64 310 451 4 7 319 333 69 69 359 512 13 13 475 511 2 2 699 704 22 30 783 842 1 1 842 847 
9 33 40 134 215 21 21 217 264 24 27 257 313 42 62 274 421 32 62 392 518 40 60 506 639 33 49 508 645 8 20 611 657 7 8 723 740 
11 46 47 9 131 30 30 153 203 54 54 172 307 11 12 335 364 10 10 531 565 32 40 670 759 64 64 671 809 11 12 766 794 4 5 793 814 8 9 823 843 5 7 838 854 
