10 58
4 17 50 9 109 27 32 195 296 21 40 321 406 17 17 511 568 
6 3 5 131 147 18 28 150 225 29 53 309 446 2 6 462 473 27 46 517 660 4 13 800 827 
4 8 27 24 93 28 54 32 161 35 44 189 343 13 16 375 431 
6 2 6 51 65 5 10 101 124 23 39 187 328 22 64 446 612 17 47 722 814 12 24 751 805 
7 6 11 92 129 40 73 145 311 1 7 340 353 26 34 345 430 3 5 399 415 9 11 722 772 1 1 745 748 
3 47 89 327 492 43 44 497 659 11 14 735 780 
8 20 47 43 184 11 29 158 259 20 40 174 285 30 42 233 374 4 9 329 353 8 23 498 543 1 3 725 734 1 2 775 782 
7 22 47 324 422 17 67 575 703 25 50 637 763 6 15 672 703 14 49 679 791 8 23 691 730 1 2 775 782 
4 17 23 66 147 35 60 205 347 31 31 448 561 1 1 831 834 
9 12 31 120 179 22 57 195 330 2 5 299 313 5 19 300 343 2 4 311 322 11 38 314 400 8 18 369 408 14 20 426 482 12 23 542 617 
