10 166
17 25 54 63 210 14 30 134 213 4 9 135 164 27 43 139 262 18 40 192 282 2 12 203 232 11 30 209 344 28 59 239 384 13 18 241 293 37 70 291 438 2 4 401 417 4 18 494 527 23 25 521 627 17 20 537 602 8 21 696 749 22 76 702 845 1 4 833 842 
19 8 16 28 76 17 36 105 198 26 42 121 235 10 21 173 231 20 42 175 281 14 21 237 284 1 2 357 363 20 23 371 446 15 40 418 515 23 39 532 638 11 26 565 631 16 39 569 642 10 30 607 709 17 45 633 783 10 22 686 749 16 46 713 809 16 47 722 832 3 7 808 836 2 3 823 834 
17 22 45 72 179 30 70 103 264 9 19 104 155 9 13 149 193 9 29 199 274 23 31 311 451 4 10 345 366 23 50 382 523 14 45 407 531 15 27 440 519 16 33 530 619 27 57 551 666 28 46 646 774 28 69 657 793 7 15 777 810 4 10 793 816 2 5 825 837 
19 5 13 34 61 16 33 50 122 7 19 95 140 1 3 127 135 18 18 130 201 17 52 133 263 4 4 194 222 23 34 228 328 13 41 236 323 1 4 256 264 5 10 303 331 12 27 316 386 3 7 442 459 21 21 538 629 21 40 561 680 43 53 581 738 22 46 620 772 23 23 731 809 3 12 824 845 
16 30 44 145 268 18 19 230 292 39 54 275 439 28 57 285 438 1 2 341 345 8 23 451 519 37 58 457 587 7 16 498 540 11 37 498 596 12 23 572 634 24 24 576 649 18 41 669 756 10 23 722 770 20 42 737 832 2 5 787 798 1 1 825 833 
17 18 36 17 99 12 12 55 108 1 1 58 62 4 10 175 198 35 43 209 363 2 3 335 347 27 70 370 536 48 86 498 656 18 37 534 642 18 28 568 645 37 72 602 755 18 38 634 747 7 13 714 746 9 9 727 764 1 2 784 790 9 12 790 846 4 7 798 821 
13 26 63 141 283 28 48 145 275 3 8 252 275 14 14 282 344 33 55 375 543 5 6 384 405 25 29 387 487 37 47 439 576 33 33 593 753 34 54 594 740 10 18 718 777 12 24 775 842 1 2 800 805 
20 11 24 127 175 6 12 130 182 30 54 155 324 21 38 211 362 23 29 223 294 26 63 275 397 23 51 312 406 8 10 318 353 8 33 418 497 7 14 444 485 4 7 528 546 24 24 534 658 22 36 642 743 14 35 652 737 3 4 681 696 24 24 701 785 2 5 704 719 4 4 786 807 7 12 803 835 1 1 843 846 
15 11 15 133 180 19 50 191 284 41 41 304 411 16 22 329 398 12 25 344 422 2 12 380 409 29 44 396 533 7 20 409 455 23 45 449 529 23 58 489 608 10 27 489 542 17 68 534 694 32 47 615 748 17 53 670 805 8 12 719 748 
13 16 35 38 117 11 12 124 178 11 35 272 339 19 38 293 388 30 52 336 435 37 55 344 458 12 24 403 478 23 66 444 570 22 68 471 636 38 63 581 728 27 53 589 719 15 42 690 786 17 27 736 829 
