10 493
48 2 28 15 88 5 46 80 205 6 47 87 242 3 22 101 177 5 40 123 229 1 4 123 133 1 14 124 171 3 21 145 203 3 30 146 224 5 21 167 258 2 12 189 249 4 73 195 351 5 38 215 331 8 44 226 352 2 27 237 281 3 18 280 351 6 35 299 412 3 15 309 360 5 36 319 423 3 20 333 387 4 26 337 414 6 45 367 473 3 36 380 471 11 56 396 531 2 14 420 475 1 10 424 450 5 43 434 510 5 49 445 582 2 22 472 529 1 2 493 500 6 71 499 622 2 21 518 573 1 5 527 553 6 65 550 677 2 13 553 595 3 39 559 637 6 57 586 701 4 39 590 699 1 6 648 665 1 6 653 665 2 39 655 733 3 47 689 776 2 19 704 745 1 11 728 768 1 8 743 758 1 8 746 764 1 7 762 781 1 1 765 770 
53 4 36 25 130 5 41 37 175 7 42 89 210 3 31 91 153 1 5 93 106 2 19 101 138 2 29 102 181 1 3 103 112 1 3 108 126 4 18 123 197 6 49 159 245 9 56 165 317 1 11 166 201 3 23 182 239 4 21 194 265 4 36 197 288 6 60 201 316 6 39 209 302 2 30 251 325 1 22 269 327 1 3 309 320 4 47 322 425 1 1 333 338 5 32 361 436 7 48 362 491 1 7 375 401 4 34 376 451 3 48 383 505 1 13 402 446 3 30 466 539 3 36 471 582 1 9 497 517 5 29 523 644 1 3 530 541 5 50 542 645 5 40 567 666 1 13 568 594 1 11 571 597 1 4 578 591 2 25 582 625 7 56 588 728 1 37 594 666 4 13 606 680 3 33 609 692 3 24 633 709 2 21 647 696 3 20 657 713 2 11 659 689 5 33 683 777 1 7 726 739 1 7 743 759 1 7 743 764 1 2 743 756 
48 8 61 0 148 1 18 16 56 2 28 26 93 7 40 38 174 3 28 90 149 5 38 117 206 1 16 118 151 1 2 164 168 4 42 172 291 2 21 173 216 1 3 190 206 1 6 218 239 7 63 249 399 3 17 251 306 9 59 257 406 3 25 319 380 2 26 330 375 1 1 334 342 5 39 336 447 3 25 341 396 1 9 379 402 7 66 379 500 3 30 395 467 1 7 415 452 1 10 423 446 1 6 430 446 2 28 435 510 1 17 444 483 3 59 450 577 2 27 472 536 5 48 490 622 5 65 497 624 5 41 506 597 4 30 506 626 2 12 522 554 4 20 544 612 5 44 582 685 8 46 583 712 9 61 593 736 8 40 605 743 1 13 620 664 9 69 628 757 2 14 685 730 1 7 713 730 2 16 732 773 1 4 740 751 1 23 740 782 1 1 767 770 
41 2 19 65 122 6 34 83 183 1 4 87 97 8 92 88 235 4 47 148 269 4 13 148 245 8 31 167 277 4 46 190 292 9 53 264 383 8 58 280 391 4 27 282 370 9 79 298 445 5 43 310 442 2 21 376 438 3 27 380 447 4 28 386 465 5 25 389 459 4 82 418 538 8 63 436 592 8 70 497 640 6 39 504 638 2 9 565 604 2 38 570 651 1 2 596 602 2 28 614 693 11 77 619 775 3 16 623 674 5 36 649 727 1 5 660 679 2 20 665 720 2 21 668 725 2 14 671 706 1 5 677 688 3 33 688 775 2 15 697 734 1 7 712 738 1 11 742 766 1 2 745 754 1 11 753 780 1 2 757 762 1 6 769 782 
53 2 17 1 32 3 17 2 73 4 47 21 161 6 56 35 155 3 23 45 111 2 28 53 116 1 7 84 103 5 22 109 194 4 55 119 248 4 20 126 199 6 32 158 266 1 10 173 200 2 20 180 227 1 14 237 275 3 41 240 369 3 26 243 303 2 13 244 287 8 80 258 405 4 50 264 373 1 14 284 328 2 25 321 382 4 47 324 440 7 22 351 470 5 52 370 489 1 22 378 435 1 2 397 403 3 18 413 462 3 16 421 484 6 41 434 550 4 29 438 530 1 9 457 488 5 52 486 592 1 6 528 550 4 64 538 651 8 48 550 662 1 9 558 575 1 33 567 642 6 48 572 704 5 53 586 714 1 16 591 631 4 26 619 698 4 39 629 735 4 31 659 733 6 47 674 761 1 7 679 692 1 5 686 701 1 4 694 703 1 5 699 716 1 13 703 728 1 22 712 755 1 8 753 774 1 11 759 782 1 1 778 782 
48 3 18 1 60 3 31 5 67 5 75 36 167 2 10 42 72 4 41 54 144 8 25 59 157 1 14 74 97 6 38 118 213 2 14 124 164 4 57 131 255 1 18 160 194 4 25 166 253 1 2 170 178 8 69 192 323 4 22 195 290 8 64 213 347 1 2 232 237 7 79 233 378 3 19 236 299 7 34 263 379 1 2 275 283 4 24 287 366 1 16 359 410 7 49 375 520 3 39 381 453 6 63 387 490 1 3 393 404 7 55 400 547 7 37 432 560 3 32 435 513 1 14 442 471 1 6 444 459 2 19 478 563 1 16 484 533 5 55 538 666 7 45 538 686 2 60 544 665 3 28 574 633 4 72 623 739 1 19 643 678 1 13 667 698 1 13 676 712 1 5 679 704 1 10 706 732 1 4 733 744 1 10 748 768 1 6 757 781 1 4 763 781 
53 6 39 7 95 6 50 31 170 4 45 37 151 2 25 59 107 4 35 76 172 6 54 83 196 3 50 110 230 1 4 151 163 2 18 153 196 10 44 154 308 3 27 154 222 6 39 170 284 1 12 171 190 5 55 180 294 2 18 183 249 4 29 199 272 1 13 201 235 1 34 223 283 5 51 229 342 4 29 237 315 1 1 256 259 2 15 304 355 3 27 304 380 6 54 332 442 1 32 369 437 3 72 385 491 4 29 387 447 4 57 424 551 2 11 427 463 2 25 472 522 1 14 486 517 3 19 487 555 2 22 489 546 1 7 501 518 1 9 507 534 1 8 514 544 1 9 526 543 2 22 529 578 4 40 555 678 3 35 558 674 1 20 576 633 7 51 614 721 1 17 619 665 3 51 621 745 1 10 627 649 7 37 640 771 4 35 651 731 1 18 663 703 1 11 674 699 3 20 713 770 3 22 717 780 1 1 724 730 1 9 751 777 
51 5 29 49 150 1 25 53 116 5 7 53 175 8 79 71 202 2 23 77 119 6 56 78 188 1 10 78 102 1 5 88 99 2 30 101 165 1 8 133 160 6 51 163 269 4 32 172 262 4 32 185 308 4 36 197 292 2 16 265 298 2 36 301 381 2 17 320 368 1 3 333 341 1 2 356 361 5 55 362 473 3 22 380 458 1 10 387 414 6 70 400 556 2 43 423 532 1 3 441 447 1 12 451 483 2 30 460 569 5 76 471 613 5 35 482 583 5 50 493 591 1 36 512 598 11 48 524 670 7 43 524 660 1 10 525 555 4 31 557 636 1 3 560 576 6 71 570 688 4 43 583 666 3 15 590 641 4 25 608 713 3 24 609 663 2 13 609 656 4 44 611 732 4 42 668 754 1 10 702 728 2 15 708 763 1 5 723 750 1 11 747 773 1 10 758 777 1 2 762 769 1 6 763 782 
49 1 24 28 78 6 50 48 184 4 40 48 142 7 51 73 207 1 11 73 99 5 36 81 191 3 30 86 167 1 15 114 151 3 54 121 233 1 4 132 152 5 45 133 230 1 18 164 199 2 21 179 238 5 34 198 286 6 40 213 302 1 19 227 269 1 2 231 238 1 2 247 253 5 35 253 396 7 31 275 387 2 25 303 351 4 52 323 454 3 33 345 419 2 14 349 390 10 55 350 506 4 29 366 457 1 3 400 409 5 35 401 500 1 11 428 452 1 6 507 525 4 55 517 666 2 25 548 594 6 32 568 668 6 39 570 702 5 21 582 681 5 46 586 671 3 56 615 765 9 62 638 765 4 25 652 736 3 23 687 759 1 5 689 700 1 16 698 726 2 18 705 756 1 15 716 752 1 6 717 731 1 6 725 750 1 17 729 777 2 12 743 778 1 5 761 773 
49 1 5 14 30 5 33 15 101 5 78 36 162 2 32 46 105 5 58 65 169 2 30 83 143 4 53 88 201 3 48 121 216 1 2 133 138 6 25 138 229 5 40 169 260 6 32 191 290 8 93 200 339 1 3 206 216 7 43 217 358 1 15 230 269 5 27 231 312 3 24 256 313 10 75 262 414 1 18 268 313 6 45 269 412 3 23 301 369 2 14 328 385 4 28 351 431 1 13 359 393 6 43 367 485 4 51 373 495 3 24 375 456 5 46 400 483 5 7 445 563 1 24 453 503 5 27 481 630 1 23 527 583 6 54 547 669 2 14 573 614 1 1 594 597 4 53 600 724 1 15 602 632 1 12 603 632 1 6 605 628 3 22 637 719 3 22 663 733 2 30 699 774 1 5 726 741 1 14 728 758 1 18 730 764 1 14 734 770 1 6 758 782 1 2 764 772 
