10 60
7 10 10 21 61 15 25 143 248 14 14 256 328 8 18 537 590 13 23 606 665 4 6 634 653 2 4 669 686 
8 11 19 81 155 5 11 160 206 3 3 220 234 18 29 330 430 2 3 461 480 21 30 585 682 5 5 665 688 1 1 710 713 
5 28 28 241 380 8 13 264 322 3 7 358 392 15 23 499 598 14 20 564 650 
7 7 7 37 61 5 5 162 193 29 29 372 479 15 23 463 560 17 17 556 642 4 4 633 649 9 16 643 690 
4 8 10 143 190 26 30 187 314 25 36 353 475 4 4 448 470 
7 3 4 244 268 26 29 254 387 5 11 392 437 13 14 441 495 16 33 519 627 2 4 625 642 1 1 708 712 
5 22 22 10 112 8 8 63 99 22 22 354 426 13 15 408 476 1 1 697 702 
8 10 10 110 158 13 23 348 443 10 12 376 431 23 23 496 589 17 19 569 657 6 9 659 688 3 11 662 700 1 1 709 714 
3 23 24 486 565 11 18 564 664 31 31 574 698 
6 25 32 66 203 28 45 208 350 6 19 218 295 1 2 423 434 1 1 657 660 1 1 713 716 
