10 97
8 22 33 250 353 18 55 320 451 15 64 431 547 26 27 562 706 21 42 601 741 8 16 606 648 29 63 645 774 1 2 777 781 
11 12 25 49 113 12 17 78 118 9 14 364 401 27 59 366 493 7 16 422 469 24 53 458 588 1 5 471 483 13 27 491 576 19 43 662 755 8 26 668 717 8 10 742 776 
8 21 42 9 135 34 90 96 243 8 16 119 158 26 43 200 321 3 10 502 522 31 45 542 698 12 24 676 764 6 9 729 762 
11 29 53 17 158 28 46 38 149 6 16 97 153 9 27 110 177 9 20 140 189 19 48 152 258 5 20 180 215 3 8 330 347 8 46 331 419 16 58 513 639 12 13 716 779 
9 21 31 42 129 4 4 194 210 5 13 237 271 21 64 274 408 36 75 275 410 28 58 312 451 25 48 516 619 8 17 614 670 7 14 622 668 
13 5 18 123 157 29 33 165 319 1 4 198 215 30 74 210 355 27 71 212 355 2 15 279 309 20 45 373 496 10 17 381 420 4 5 389 413 2 2 471 481 22 26 648 759 1 1 746 749 1 4 750 764 
9 27 64 63 179 36 59 71 221 32 62 176 286 8 10 355 395 5 19 461 504 30 59 505 653 2 4 673 683 8 9 673 717 1 3 722 733 
7 25 33 10 118 7 8 141 167 3 12 192 217 19 43 196 281 31 66 331 478 34 43 605 737 28 55 614 733 
12 3 10 56 81 6 20 57 110 12 30 80 161 6 13 196 226 5 5 262 284 20 62 308 464 11 27 392 441 19 86 444 588 12 31 465 521 22 67 469 603 18 32 681 768 4 15 732 762 
9 28 28 3 115 27 66 91 233 20 59 141 246 12 28 172 235 14 34 321 398 21 22 426 537 23 51 457 566 1 2 497 504 9 9 695 724 
