10 49
5 12 12 208 251 42 52 281 421 12 12 302 334 1 1 316 320 22 22 653 702 
6 41 41 199 332 41 49 237 350 1 4 340 361 7 9 390 406 1 1 399 403 3 4 641 651 
4 21 21 95 172 1 2 361 367 41 72 365 500 28 43 508 633 
4 32 44 4 116 23 36 296 380 40 40 512 598 15 15 518 569 
7 27 27 15 90 4 6 263 279 5 7 399 418 7 8 438 462 15 15 527 574 40 40 544 674 10 10 624 651 
4 22 31 103 166 1 2 208 213 46 57 585 694 15 20 615 669 
6 18 18 151 197 23 31 318 430 9 9 380 408 1 2 405 411 34 54 517 629 8 13 631 659 
5 9 9 227 250 43 57 293 429 11 11 411 457 13 19 496 545 10 12 631 662 
2 69 69 251 357 26 26 472 537 
6 40 59 100 222 21 28 185 258 24 40 448 529 6 8 550 574 9 9 638 658 3 3 708 716 
