10 163
17 35 37 23 167 11 11 58 107 7 12 120 175 23 40 140 266 28 28 226 337 14 14 227 296 2 3 265 279 4 9 329 363 29 42 329 479 22 22 442 545 19 52 511 670 2 3 651 667 4 4 657 678 25 30 674 822 22 39 699 838 2 2 751 761 1 2 816 822 
20 39 39 9 168 11 11 30 78 9 11 65 110 14 25 110 206 1 1 132 140 1 2 152 163 4 4 162 181 36 41 202 353 9 13 218 280 9 20 328 395 14 29 426 546 2 2 469 479 34 51 508 672 14 14 520 578 4 9 593 623 9 14 639 702 14 19 739 829 1 1 746 749 10 17 774 828 1 1 843 847 
20 26 26 51 170 18 20 163 253 6 8 173 213 5 9 256 291 11 11 285 325 12 12 313 357 2 2 413 424 4 4 465 478 19 19 479 568 3 4 506 521 26 39 508 658 8 8 539 570 9 13 577 622 2 2 604 616 17 25 637 731 4 5 648 673 41 41 701 844 17 36 705 825 2 4 796 809 4 4 825 845 
13 25 54 31 180 12 17 160 254 39 39 167 291 2 2 205 217 33 35 223 335 11 16 240 308 12 18 263 341 10 18 303 361 22 47 357 511 33 47 505 653 2 2 606 621 18 18 665 771 9 11 783 826 
15 36 44 26 185 7 24 97 172 10 10 187 222 11 11 214 269 10 15 320 384 11 11 469 563 9 9 477 530 19 37 514 638 25 38 597 766 20 24 609 775 19 19 694 784 28 34 706 836 7 12 713 775 4 6 724 752 7 9 796 839 
11 19 31 33 126 23 23 101 184 19 32 127 272 13 21 182 244 35 54 238 392 24 42 248 382 11 11 457 507 22 38 600 748 29 32 706 845 20 23 714 796 12 12 761 818 
13 28 28 52 207 9 14 139 186 6 9 274 312 22 49 330 474 20 20 361 456 36 50 477 631 17 20 539 646 38 41 593 738 1 1 633 637 3 3 638 658 24 24 646 735 18 18 745 807 1 2 783 792 
14 12 24 48 109 3 3 84 98 29 29 153 267 37 37 276 400 1 2 350 360 6 6 354 383 15 15 361 428 21 28 456 549 7 12 513 566 19 27 566 657 25 28 605 721 24 24 663 780 30 37 665 810 1 1 844 847 
23 21 44 78 247 1 1 121 124 13 22 128 210 8 8 145 182 6 9 198 256 3 5 234 255 6 7 318 347 9 13 323 361 2 3 398 409 2 4 458 473 33 53 474 630 12 12 487 541 26 30 615 769 3 4 632 647 11 12 666 712 40 40 685 830 19 25 743 845 2 2 786 794 9 10 788 828 1 2 802 814 6 7 817 846 1 1 823 829 1 1 839 843 
17 7 11 147 198 6 7 156 189 23 23 281 371 16 16 299 367 19 35 326 462 7 9 442 487 24 31 444 567 24 38 479 613 20 27 604 731 12 34 617 723 16 25 672 761 19 24 707 830 9 9 725 767 27 36 726 840 4 25 735 804 8 10 745 787 1 2 779 785 
