10 107
11 22 28 101 185 16 19 193 260 22 32 290 429 43 43 297 445 8 12 298 356 6 6 305 330 1 2 351 361 9 13 397 447 22 22 468 573 5 10 635 663 1 2 745 753 
11 44 44 6 155 14 20 35 115 2 2 115 130 40 46 181 337 6 6 300 343 9 12 301 331 11 13 315 384 3 16 329 388 14 29 593 736 10 10 657 706 1 1 776 780 
10 17 34 81 194 34 34 138 255 8 13 163 215 12 19 203 317 14 23 274 373 20 50 346 484 6 8 537 587 11 13 568 607 21 21 584 685 6 10 663 692 
9 22 22 85 208 19 30 86 199 29 47 100 241 15 18 304 380 6 8 330 359 1 1 346 352 27 47 473 629 23 23 656 763 10 10 677 737 
13 20 29 16 110 8 8 59 105 1 1 156 160 11 16 182 253 5 13 204 254 22 38 303 432 1 2 305 314 11 13 525 591 18 25 564 667 22 22 569 662 16 29 611 684 18 27 624 728 11 19 675 734 
9 25 29 135 235 12 17 296 351 2 2 299 310 22 22 352 448 21 25 364 466 26 41 550 687 19 33 621 767 17 17 647 719 7 16 650 705 
10 15 15 34 108 7 7 58 93 12 26 151 254 17 17 217 295 18 29 223 307 11 22 389 490 19 19 442 524 39 48 523 666 4 6 589 612 13 13 703 769 
17 5 11 8 53 10 10 50 105 9 27 98 193 12 20 116 200 6 6 316 346 14 17 351 458 6 7 410 439 6 18 470 542 15 24 487 573 9 22 542 632 19 19 608 704 6 7 611 647 25 33 646 779 11 21 692 758 7 9 697 734 2 2 716 727 6 6 737 762 
10 18 44 38 175 1 1 141 146 31 36 238 354 34 34 340 490 13 14 359 419 20 30 487 607 22 22 585 672 7 22 669 730 1 2 697 704 4 5 723 745 
7 12 17 71 132 34 34 172 311 8 10 183 238 23 24 403 506 32 32 418 532 17 34 589 710 30 34 611 747 
