10 258
26 1 1 15 18 2 10 20 51 1 2 46 57 4 30 52 120 3 32 79 158 5 31 84 175 5 36 154 264 5 19 216 307 3 15 245 311 5 61 280 423 3 44 303 395 1 22 411 484 2 16 419 462 4 53 420 547 3 17 428 478 2 18 432 471 8 31 516 648 2 16 541 599 3 20 587 658 4 23 637 701 4 15 639 704 2 22 661 716 1 5 663 679 1 1 674 679 1 7 677 710 1 7 686 709 
31 1 1 16 20 1 6 63 82 7 57 73 195 6 47 130 241 5 48 139 261 1 4 186 197 4 56 243 383 4 32 263 337 1 1 317 322 1 12 332 365 6 47 364 479 2 17 369 418 1 8 377 407 1 2 390 401 2 24 400 453 1 6 406 422 1 4 416 429 2 13 430 475 4 36 488 560 1 17 503 552 2 24 529 597 3 24 546 603 1 18 547 595 1 6 581 602 2 11 584 666 2 25 607 669 1 9 622 649 1 14 638 679 2 22 647 708 1 10 651 675 4 18 658 717 
26 6 35 14 122 2 22 32 90 3 41 95 197 4 42 108 225 2 16 122 176 3 46 127 223 5 65 213 338 4 43 235 321 1 11 274 311 2 36 284 361 3 42 287 371 1 19 318 361 1 1 358 361 2 16 378 422 5 32 415 501 3 46 418 515 1 12 422 455 2 28 446 501 4 58 457 594 5 65 460 571 6 69 560 693 2 17 627 677 1 1 629 632 1 4 642 651 2 11 661 704 1 5 698 709 
21 2 34 2 89 6 56 19 148 4 33 80 176 2 16 111 159 4 15 189 254 4 68 197 334 6 28 246 359 5 45 247 341 3 40 262 351 3 40 290 388 6 32 356 496 1 10 365 400 1 1 493 496 5 18 497 629 5 18 517 620 3 29 533 610 6 56 560 693 3 33 590 662 1 28 622 693 2 8 673 712 1 1 689 701 
27 5 64 43 177 1 10 74 105 2 17 74 124 3 45 171 249 6 34 187 277 4 36 210 309 1 4 251 264 4 28 297 373 4 54 317 421 4 35 318 398 1 3 327 334 3 35 379 444 1 15 387 429 1 1 407 410 1 11 408 442 1 12 499 536 6 28 516 609 3 45 520 632 4 35 524 624 1 5 526 540 1 23 542 588 7 34 569 711 2 14 580 636 3 30 638 714 1 1 654 659 1 2 663 671 1 3 706 715 
19 8 42 8 135 1 11 43 73 2 28 63 133 1 8 73 96 5 58 133 239 10 64 192 333 1 16 232 272 4 44 236 338 4 36 293 401 8 50 377 511 6 67 396 538 2 19 471 522 4 64 484 580 6 19 525 638 5 51 528 660 3 27 565 630 4 47 585 716 1 6 603 631 2 28 613 663 
30 1 8 3 23 4 47 20 104 3 34 48 139 6 29 64 173 3 28 80 208 3 30 100 166 1 8 136 159 2 44 138 218 4 37 155 234 4 34 185 258 4 34 206 287 1 20 245 286 1 4 287 298 6 42 373 490 1 27 375 423 2 9 420 461 2 21 430 501 5 20 468 596 4 24 473 540 2 15 494 539 6 70 511 628 1 12 512 543 1 8 566 590 1 14 578 625 1 23 635 678 1 6 655 671 1 8 678 696 1 10 685 715 1 3 699 706 1 2 708 713 
28 5 55 148 268 1 3 161 170 1 3 170 178 4 18 191 279 5 48 230 313 3 20 234 293 1 19 244 276 5 31 248 343 5 40 259 367 5 43 305 426 4 34 335 426 1 8 347 363 2 19 366 410 3 19 367 422 1 6 375 395 1 7 417 432 6 71 443 554 1 7 473 489 2 26 497 569 1 2 513 518 5 63 514 639 1 17 527 573 3 19 601 649 2 14 602 635 1 16 648 679 1 13 669 708 1 3 688 702 1 3 700 713 
28 2 11 17 60 4 41 35 145 3 19 69 141 3 22 79 155 1 5 94 108 4 29 101 180 1 12 142 176 3 51 162 233 2 13 196 243 6 27 252 372 8 60 254 378 1 3 268 277 1 7 305 324 4 34 307 388 1 8 326 345 4 56 338 434 1 2 338 343 5 78 379 512 5 33 412 503 4 32 447 528 1 10 461 491 2 19 475 522 1 11 548 570 2 15 595 642 2 17 629 662 1 8 651 675 1 7 663 701 1 1 714 717 
22 2 25 41 90 3 37 70 141 1 11 116 146 3 23 126 197 1 17 172 215 3 26 225 303 8 33 275 400 1 2 317 323 4 39 330 407 10 27 363 503 7 53 367 484 2 19 385 443 5 33 439 547 9 57 459 599 3 32 483 566 3 43 521 620 5 30 535 636 6 48 549 665 1 17 614 662 1 7 629 663 1 2 673 679 1 2 698 705 
