10 61
5 51 51 23 154 65 71 236 388 2 4 521 531 12 13 731 758 10 11 754 780 
6 42 42 61 159 24 26 66 139 11 11 143 170 18 18 171 221 37 37 605 691 15 15 738 775 
5 23 60 55 175 50 75 110 240 4 5 271 283 18 22 333 400 66 66 395 535 
5 20 33 317 408 51 51 391 531 46 70 459 606 57 57 501 636 20 22 623 680 
6 35 35 103 212 13 20 203 249 8 8 458 480 45 45 489 617 45 45 517 624 8 15 595 628 
7 32 32 13 83 34 39 126 243 24 24 523 583 50 53 645 774 12 19 707 742 3 7 753 765 1 1 763 767 
5 13 13 247 295 69 69 375 504 7 14 393 428 46 46 407 507 8 11 479 504 
7 3 3 21 33 2 3 118 127 39 39 218 353 56 56 347 474 60 60 425 576 26 53 662 778 2 3 771 778 
10 38 38 49 139 31 39 99 201 4 4 121 131 52 52 130 279 5 9 153 174 1 1 333 337 15 15 372 411 15 25 506 562 5 8 725 744 4 7 769 781 
5 48 76 180 336 55 55 291 423 47 56 610 729 13 13 722 752 11 17 741 782 
