10 55
4 18 33 70 135 26 35 71 182 25 33 541 641 8 23 591 642 
9 2 7 46 62 1 1 161 164 6 19 169 206 9 42 182 276 4 8 338 369 4 10 502 524 16 48 541 651 11 18 603 654 13 20 634 707 
4 6 13 169 202 7 19 300 349 26 45 379 483 32 51 449 591 
6 7 30 38 96 21 60 177 287 23 29 189 290 19 44 254 363 5 39 304 397 3 4 621 649 
8 15 20 7 89 4 7 289 314 15 30 292 373 4 7 319 344 6 13 371 402 5 13 423 457 10 30 530 588 9 15 632 669 
5 30 34 78 200 10 17 277 317 6 10 365 387 18 52 561 667 8 14 574 623 
6 15 31 4 64 21 24 35 118 12 19 95 146 21 36 552 668 2 4 574 584 2 7 657 672 
4 9 12 176 210 24 33 327 417 20 47 374 502 22 41 470 572 
4 23 29 56 162 10 20 206 251 10 31 261 320 22 30 321 410 
5 7 12 37 74 17 34 177 271 4 8 372 399 24 49 483 595 28 59 545 658 
