10 101
6 17 18 189 241 53 53 254 374 41 41 275 372 36 49 441 557 54 58 600 765 31 34 770 840 
17 7 7 74 98 28 31 106 168 6 13 164 192 5 10 186 206 2 2 282 288 24 24 298 357 6 8 341 359 30 34 370 460 23 24 392 493 6 15 398 421 23 23 410 473 2 3 445 452 3 3 524 532 45 45 572 689 14 15 573 604 15 27 748 798 13 26 802 845 
8 45 60 33 186 14 14 38 73 2 2 104 109 46 46 196 315 72 72 234 364 49 58 481 600 6 10 490 515 9 12 619 665 
13 25 33 54 151 33 33 319 414 41 56 366 487 31 51 398 487 21 34 405 487 39 60 502 620 1 1 514 517 21 21 689 742 1 3 689 695 25 28 717 809 16 21 726 765 7 8 743 764 2 2 835 841 
11 13 13 8 41 34 73 49 214 28 43 97 173 51 71 113 251 45 57 142 296 30 30 191 259 30 30 217 334 6 10 333 360 6 6 389 404 18 28 592 663 12 12 699 727 
9 45 50 29 129 45 90 87 255 14 25 118 172 33 33 224 320 11 11 331 358 22 23 338 416 23 23 526 587 11 11 642 671 26 36 666 741 
10 16 16 63 91 32 52 80 187 22 32 281 367 28 28 290 359 19 19 295 351 36 39 432 532 34 56 456 563 20 24 512 575 35 41 559 640 3 3 798 808 
8 21 29 75 141 28 31 139 211 61 61 191 323 31 64 284 388 50 69 297 430 14 14 320 359 68 68 581 739 3 3 834 843 
8 41 49 2 134 14 18 174 224 89 89 221 390 30 37 269 384 27 33 363 429 41 54 477 622 10 20 606 645 7 9 809 833 
11 64 64 55 196 24 33 94 170 66 66 183 352 4 4 254 266 5 5 296 309 29 43 429 521 36 52 461 589 32 52 512 669 10 20 635 687 4 4 649 661 5 5 828 841 
