15 146
10 61 104 14 239 50 72 27 209 85 94 409 697 8 8 560 581 104 120 718 947 15 15 812 875 42 44 869 994 29 31 1117 1187 51 51 1341 1466 5 7 1434 1449 
10 22 22 63 130 12 16 206 234 72 72 241 422 1 2 358 364 37 46 424 527 21 29 510 585 63 104 674 934 27 37 816 936 83 83 1214 1413 107 107 1265 1451 
11 69 89 325 530 100 100 574 785 21 21 682 735 41 78 811 993 111 111 893 1175 114 114 938 1194 23 23 1079 1145 13 22 1183 1236 5 6 1278 1297 1 1 1316 1320 10 13 1355 1400 
10 63 84 221 398 29 38 372 475 30 32 478 562 25 44 550 638 50 50 624 785 93 118 858 1095 18 35 1101 1174 44 75 1186 1382 62 99 1234 1378 38 46 1264 1350 
10 102 102 102 333 32 32 521 571 27 48 565 698 52 54 658 794 42 43 719 812 71 71 733 883 40 40 831 926 58 58 1108 1261 11 20 1151 1202 3 5 1357 1370 
9 39 39 113 217 76 76 118 307 69 82 234 407 28 34 468 537 106 106 724 988 72 107 833 1109 10 16 1076 1116 35 35 1170 1277 2 2 1452 1457 
12 9 17 399 428 9 12 483 534 54 85 771 941 69 91 843 1110 49 57 844 974 67 76 882 1030 44 46 890 998 4 7 987 999 4 4 1121 1141 45 84 1158 1314 80 87 1204 1380 4 7 1362 1380 
8 73 80 148 416 19 20 162 211 31 51 168 269 80 81 219 399 80 80 680 910 80 97 901 1115 42 77 991 1179 62 62 1298 1434 
10 49 76 260 381 34 34 339 407 54 77 415 587 86 143 842 1132 14 26 869 945 79 79 903 1092 88 114 919 1190 22 22 1091 1156 31 43 1146 1246 8 18 1403 1442 
9 83 149 17 259 37 37 116 222 77 93 159 387 91 95 343 544 49 57 518 687 65 130 551 759 41 65 1060 1245 38 49 1185 1290 40 40 1319 1414 
10 6 10 191 214 27 36 372 453 105 132 404 677 20 27 440 497 28 42 500 592 132 140 708 968 45 71 784 939 50 72 1097 1246 36 36 1104 1185 13 36 1239 1322 
11 3 10 128 146 38 56 343 457 38 38 509 636 61 88 816 986 72 72 840 990 32 40 857 954 71 86 873 1077 99 136 1051 1327 36 36 1249 1332 19 22 1253 1298 16 16 1325 1364 
8 31 52 30 136 71 87 148 357 76 97 309 491 66 102 387 585 61 116 509 800 72 85 516 714 38 41 619 727 33 44 996 1116 
10 25 58 32 165 35 61 299 458 103 103 317 538 49 66 461 596 49 49 689 843 42 42 872 1013 82 91 965 1142 24 41 1134 1204 45 45 1167 1303 23 42 1277 1352 
8 102 107 333 616 74 77 484 656 38 38 636 757 92 120 945 1158 78 112 1209 1462 13 37 1286 1354 47 71 1291 1450 26 32 1380 1446 
