10 58
5 18 32 75 138 57 140 145 404 47 109 791 1014 10 13 1084 1122 3 9 1243 1261 
4 49 100 110 375 32 87 221 400 30 37 396 493 47 60 436 650 
5 28 55 277 447 49 51 806 1019 36 103 842 1040 35 122 900 1165 2 6 1361 1379 
4 40 49 115 273 33 79 177 348 42 64 501 665 20 32 649 734 
6 37 92 6 207 15 34 148 245 49 152 155 405 44 53 372 560 16 22 826 905 12 12 1279 1334 
5 9 22 344 392 20 46 763 850 43 77 1031 1213 41 68 1136 1354 35 43 1198 1356 
9 38 38 73 300 22 53 401 512 21 76 565 703 11 35 754 819 3 6 917 936 25 70 1110 1305 12 24 1153 1212 2 2 1326 1337 3 3 1347 1363 
6 30 57 103 287 9 12 318 366 49 156 488 743 20 33 533 613 15 46 710 821 15 26 902 979 
7 2 6 317 331 13 20 453 516 42 87 566 779 51 93 615 869 10 20 768 822 29 62 1017 1146 1 2 1356 1362 
7 32 60 71 212 24 70 618 840 2 4 766 780 26 75 833 960 71 112 864 1105 8 13 876 913 14 42 1264 1330 
