15 365
22 12 79 94 287 12 105 119 406 2 22 168 226 5 55 195 316 8 89 222 451 11 107 252 457 10 89 451 641 1 7 454 471 1 13 521 543 12 80 546 794 6 16 601 689 5 41 629 864 8 84 751 960 9 67 778 940 12 84 835 1067 7 57 873 1030 9 91 1131 1333 8 70 1189 1355 2 26 1237 1296 5 49 1294 1414 7 33 1338 1458 1 13 1389 1432 
23 10 69 69 259 9 86 148 328 14 93 160 379 11 89 171 416 17 66 299 539 7 140 310 536 11 79 325 514 10 93 362 567 1 1 381 385 1 20 402 442 10 101 509 761 3 27 550 611 5 91 563 716 1 5 654 666 14 160 659 943 1 5 740 756 6 55 776 964 10 168 895 1150 1 3 1223 1231 1 3 1280 1293 4 20 1300 1356 3 27 1382 1450 1 10 1429 1457 
22 16 110 15 287 9 49 107 286 7 58 134 292 9 68 143 343 6 41 147 292 2 21 378 428 9 85 388 573 13 87 425 711 10 87 578 826 8 57 601 794 6 87 636 884 12 105 679 933 12 44 851 1117 9 68 1050 1221 8 90 1080 1363 2 20 1201 1266 5 49 1326 1421 1 9 1327 1356 3 17 1346 1407 1 2 1405 1409 1 5 1420 1438 1 9 1425 1448 
24 15 113 26 299 1 2 82 92 1 3 85 93 3 16 226 271 11 75 315 512 7 55 329 448 1 14 409 442 1 118 723 963 3 35 726 812 6 121 764 1028 11 39 784 1002 17 150 812 1098 7 67 833 953 1 24 870 924 4 36 870 954 8 68 930 1113 16 128 937 1218 18 100 1134 1391 8 64 1160 1373 1 1 1171 1174 2 42 1197 1281 10 77 1216 1402 2 10 1356 1406 1 2 1443 1453 
24 2 18 19 74 7 116 46 320 3 24 80 129 14 94 224 447 8 87 283 500 8 87 366 566 8 70 517 739 6 51 632 747 21 159 648 936 14 102 730 997 8 87 737 927 12 182 819 1094 3 35 831 921 5 54 833 954 6 55 970 1109 9 38 970 1125 1 6 1024 1045 3 27 1045 1110 2 14 1110 1151 4 66 1139 1254 1 14 1181 1213 2 14 1318 1383 1 11 1418 1446 1 3 1436 1443 
20 16 96 27 290 14 104 233 503 3 15 252 299 9 74 407 616 1 2 501 509 14 112 527 806 9 93 589 804 1 25 655 710 3 34 666 756 10 131 672 915 4 13 724 794 7 63 725 871 8 67 868 1037 6 56 888 1037 6 41 912 1040 7 73 977 1140 15 114 1100 1345 4 24 1205 1302 8 97 1255 1427 2 18 1407 1459 
27 7 93 48 281 5 38 70 169 5 28 82 187 4 18 141 202 8 70 207 379 5 16 239 326 15 68 359 608 3 45 617 749 9 89 630 768 2 7 745 795 6 48 790 895 14 94 849 1135 5 50 862 991 8 59 901 1049 1 6 912 929 1 19 987 1038 3 62 1023 1176 6 42 1032 1143 12 83 1059 1300 13 90 1121 1360 1 15 1176 1216 5 24 1189 1266 3 18 1244 1300 4 74 1263 1428 1 6 1281 1295 1 5 1310 1331 4 34 1367 1449 
23 1 8 29 48 11 161 57 322 7 54 72 248 10 79 178 398 13 181 271 536 2 14 404 437 9 73 456 635 8 84 583 852 4 66 674 823 12 101 705 880 8 65 717 868 3 35 913 1022 1 12 913 942 11 45 943 1073 8 75 991 1162 13 70 996 1190 6 87 1038 1233 12 95 1079 1316 3 32 1086 1204 6 57 1277 1412 1 1 1308 1313 1 17 1352 1393 2 24 1401 1461 
25 8 111 140 394 4 45 144 257 5 47 146 268 10 67 163 349 3 39 197 328 9 68 202 346 11 99 206 405 3 43 262 373 7 39 373 466 6 46 507 617 10 104 544 800 6 40 565 699 10 90 665 946 3 22 730 794 8 53 793 977 4 38 826 914 4 40 848 975 4 46 948 1055 2 11 960 1002 11 83 974 1195 7 58 1055 1241 9 106 1104 1313 1 4 1116 1129 6 67 1270 1412 1 5 1430 1445 
27 12 68 90 293 16 128 282 566 1 8 380 396 2 15 468 540 10 90 500 753 1 1 604 607 16 150 696 980 1 17 733 764 3 29 763 840 14 59 799 1022 5 45 806 932 6 64 855 974 1 7 922 947 4 61 983 1109 7 58 986 1141 9 76 1086 1268 7 86 1155 1392 10 112 1184 1429 16 59 1185 1417 1 27 1214 1276 1 5 1313 1328 4 23 1343 1432 1 3 1393 1403 1 24 1396 1435 1 15 1415 1452 1 7 1425 1442 1 1 1449 1452 
26 1 8 173 195 1 26 195 263 4 70 289 450 15 106 361 577 19 70 374 632 3 48 394 489 12 101 410 648 2 39 496 613 2 22 500 563 3 20 505 578 9 96 583 873 10 83 788 1019 11 56 825 1027 8 98 942 1139 11 132 960 1213 7 56 981 1098 5 46 1027 1119 1 11 1089 1113 2 21 1090 1139 1 3 1091 1113 10 75 1121 1347 1 9 1132 1161 14 60 1194 1454 1 6 1335 1368 1 18 1411 1448 1 3 1430 1454 
25 9 77 9 172 12 108 34 318 4 54 73 169 8 84 189 377 1 9 214 263 5 39 241 335 6 67 421 535 5 34 486 582 7 67 496 675 9 64 536 746 18 159 633 920 1 1 694 698 16 84 780 1072 11 96 827 1043 11 61 828 1011 2 32 945 1021 13 121 994 1228 1 8 1001 1027 5 84 1063 1249 2 27 1255 1305 2 10 1280 1338 1 10 1291 1310 1 5 1309 1326 2 29 1374 1442 2 29 1392 1440 
26 6 51 17 125 17 92 86 374 1 11 146 177 7 70 284 447 1 12 370 398 10 83 375 612 3 17 443 501 1 13 489 521 4 51 609 741 10 66 618 841 3 31 684 744 3 34 738 827 12 92 778 1056 8 103 786 1052 7 44 836 962 8 121 867 1110 5 52 1013 1100 7 47 1093 1207 6 29 1165 1272 6 60 1174 1328 9 70 1178 1333 10 65 1215 1389 1 30 1238 1300 1 10 1318 1359 4 71 1341 1455 1 1 1451 1455 
24 1 7 33 49 5 42 78 238 4 49 86 208 2 13 119 150 1 16 140 179 15 85 245 457 7 72 261 399 8 40 323 466 3 39 336 421 12 92 442 671 12 101 452 718 9 32 535 697 10 110 635 810 1 3 820 830 8 82 910 1134 6 41 981 1087 2 26 1044 1105 7 100 1057 1338 7 130 1086 1355 7 73 1143 1318 10 146 1154 1405 5 51 1247 1350 5 41 1249 1369 1 11 1294 1315 
27 15 125 17 268 13 102 59 347 9 86 78 306 4 70 96 363 11 141 172 422 1 5 311 323 4 54 312 462 1 17 362 388 14 96 389 641 3 52 487 592 2 11 533 575 8 82 700 877 1 1 762 765 10 96 783 1052 8 137 806 1021 9 106 921 1200 6 66 938 1088 1 24 1120 1196 7 42 1186 1313 3 33 1208 1291 9 86 1219 1429 1 17 1293 1333 1 4 1296 1312 2 18 1389 1434 3 16 1401 1458 1 3 1452 1458 1 1 1454 1458 
