10 65
6 18 48 269 393 13 26 339 406 17 34 490 573 53 83 535 786 60 89 688 901 2 6 719 736 
6 6 22 52 104 8 15 145 184 27 53 367 495 54 105 517 768 38 98 755 1000 21 31 982 1061 
6 11 34 53 153 25 66 302 426 7 26 617 660 27 53 719 837 62 94 809 1039 47 76 992 1230 
6 35 35 212 359 21 31 384 469 24 46 736 856 47 97 956 1162 7 14 1242 1272 1 1 1286 1289 
6 32 61 91 251 40 89 359 569 6 9 529 561 18 28 598 689 32 60 692 892 6 6 753 776 
7 3 7 211 227 30 95 219 399 18 26 433 521 64 79 552 811 18 25 618 690 9 17 1027 1077 12 38 1214 1279 
10 16 33 141 223 14 27 194 259 9 20 224 292 10 25 239 292 15 48 555 647 13 44 870 950 50 86 925 1138 2 7 1165 1188 3 5 1210 1222 11 15 1232 1274 
8 66 117 10 246 9 9 228 262 36 81 250 430 6 12 271 305 9 17 1001 1045 5 17 1156 1197 9 13 1206 1252 1 4 1264 1276 
4 25 71 31 166 48 61 85 282 37 89 331 548 25 44 524 648 
6 10 34 120 187 45 59 300 484 23 61 364 516 5 10 369 394 42 42 512 704 19 35 937 1020 
