10 234
24 8 92 2 225 9 76 121 277 8 64 185 369 10 60 198 363 5 43 427 550 1 6 497 518 1 7 539 563 14 71 566 759 8 64 648 828 13 90 743 948 7 37 791 945 1 1 795 798 6 46 850 940 9 69 995 1205 11 101 1037 1306 8 74 1128 1309 4 39 1144 1259 4 42 1155 1278 1 7 1223 1243 1 9 1247 1269 2 27 1259 1330 1 1 1294 1297 1 2 1317 1322 1 1 1327 1331 
22 11 62 6 166 6 102 14 284 8 61 16 207 8 82 147 289 4 24 160 245 10 65 197 449 3 91 278 476 1 1 350 356 6 58 359 488 9 89 363 546 3 55 497 639 7 45 543 672 2 32 561 636 3 32 603 665 13 54 751 995 15 71 775 997 2 15 810 856 12 98 965 1212 5 36 1039 1145 1 12 1133 1161 1 3 1216 1224 1 10 1316 1343 
26 8 90 1 253 10 70 18 246 6 60 146 272 9 105 294 516 13 92 300 568 1 10 319 343 1 4 403 412 1 9 451 483 1 2 459 465 1 11 642 668 1 12 699 730 3 60 720 840 7 81 731 962 15 88 747 984 13 121 813 1077 10 86 835 1063 2 19 843 887 2 30 855 931 10 61 887 1058 1 4 906 919 10 51 929 1115 2 39 1036 1121 1 3 1064 1074 2 20 1098 1141 1 17 1202 1273 1 3 1348 1358 
15 8 90 85 325 13 101 153 382 2 14 184 215 12 158 335 566 13 121 344 604 10 121 349 602 15 137 550 817 5 12 683 801 9 70 708 879 9 96 781 1047 15 78 913 1131 9 118 957 1221 7 67 958 1106 4 63 1099 1217 1 21 1310 1357 
23 16 82 44 315 14 84 122 309 9 96 202 424 4 42 236 310 1 4 350 362 1 2 385 394 8 35 389 542 4 31 476 560 8 25 479 591 1 1 569 573 2 19 572 626 11 76 651 880 3 15 744 819 5 67 765 901 13 78 771 1036 4 40 923 1014 4 43 1036 1149 6 71 1121 1282 9 66 1122 1298 4 30 1191 1304 1 3 1201 1210 1 9 1273 1296 1 2 1352 1358 
20 1 6 14 31 8 54 76 212 8 86 89 286 1 2 119 126 7 98 147 349 8 102 185 410 11 76 228 442 5 27 250 353 10 139 341 595 4 46 535 638 9 119 645 895 7 68 647 828 11 74 766 1014 8 68 859 1016 5 91 921 1171 18 66 985 1212 3 104 999 1200 1 2 1288 1296 1 8 1306 1326 1 2 1317 1323 
23 5 71 4 148 13 116 229 485 5 61 271 459 1 7 389 408 4 22 426 507 9 93 450 648 3 30 465 541 10 58 534 763 4 31 582 718 5 70 617 791 9 68 690 875 3 51 754 891 3 30 778 844 7 50 899 1013 5 60 974 1121 12 92 978 1222 8 49 1000 1174 3 35 1012 1093 2 26 1021 1075 3 20 1112 1194 4 35 1139 1210 6 39 1228 1326 3 36 1282 1354 
23 3 22 0 57 5 92 5 188 2 16 28 71 6 88 82 335 8 88 121 307 9 64 161 396 7 62 347 502 3 18 359 428 9 33 366 528 6 92 621 811 4 62 638 741 7 35 676 789 13 105 681 888 3 27 703 780 7 97 736 999 4 46 771 938 4 75 809 967 8 89 826 1058 7 42 902 1064 11 81 1028 1222 1 9 1264 1282 1 2 1332 1340 1 1 1338 1342 
32 7 74 31 195 12 89 156 368 1 5 158 167 15 54 163 371 2 24 170 231 11 75 254 480 6 54 274 442 1 4 300 310 11 53 325 508 3 38 385 469 1 27 467 514 2 7 474 508 1 89 490 719 5 45 510 605 2 21 770 832 2 23 817 864 8 79 823 1056 6 62 836 1003 1 34 884 952 1 13 979 1016 3 49 1042 1169 1 19 1044 1086 5 50 1099 1207 5 42 1148 1260 6 61 1176 1325 2 29 1221 1282 1 14 1284 1314 2 26 1293 1341 1 10 1301 1326 2 27 1303 1351 1 7 1312 1332 1 2 1335 1342 
26 2 19 5 69 4 40 24 106 11 71 147 325 6 67 265 394 1 4 267 277 7 71 277 453 1 1 385 388 13 115 397 605 1 12 422 459 8 37 456 627 2 29 508 580 1 11 545 587 8 79 614 808 6 41 686 824 11 72 735 907 4 25 743 844 6 48 770 914 11 122 858 1096 5 42 870 956 2 12 952 996 8 88 956 1142 6 80 966 1123 2 33 1140 1196 5 74 1178 1351 4 38 1185 1260 1 17 1221 1257 
