10 239
23 4 35 15 105 9 66 20 151 7 60 65 235 6 36 68 162 4 43 138 243 15 81 166 386 1 9 185 218 11 66 224 487 5 30 270 386 3 23 339 416 1 3 445 456 1 2 450 461 7 40 471 609 10 57 486 723 12 57 498 694 11 40 591 855 6 54 869 1043 7 74 910 1091 7 87 1065 1242 3 31 1084 1164 1 14 1090 1119 7 55 1148 1281 1 2 1336 1340 
27 2 25 30 115 4 36 63 194 6 69 104 264 6 46 174 301 4 36 220 333 12 92 284 548 1 8 312 330 10 83 458 667 7 91 464 637 13 79 471 689 2 18 659 707 4 37 732 822 8 63 735 897 10 110 784 1040 6 64 837 975 5 45 873 983 5 74 895 1055 3 29 896 985 3 27 920 978 7 111 968 1198 11 72 1059 1217 1 8 1106 1123 4 51 1162 1277 4 37 1193 1261 1 10 1250 1275 1 6 1316 1329 1 1 1332 1335 
23 6 29 55 152 3 24 79 138 3 16 175 223 11 134 198 440 3 55 214 312 2 18 240 284 2 23 252 321 6 54 387 556 4 46 449 541 2 23 504 547 8 91 591 749 5 23 662 739 15 97 672 900 16 75 729 947 1 20 773 816 6 31 782 906 15 85 792 1002 11 130 885 1106 1 1 924 927 13 126 972 1207 1 19 1090 1127 1 15 1214 1246 1 9 1265 1287 
19 13 77 110 335 8 89 113 333 14 64 120 385 9 78 168 380 1 6 219 233 3 58 235 329 11 76 303 518 9 72 359 549 2 32 621 690 9 86 767 972 12 34 802 1041 13 67 865 1097 6 64 873 1064 12 75 945 1191 9 92 1133 1321 3 21 1178 1259 1 8 1190 1212 2 8 1291 1320 1 1 1333 1336 
22 1 5 4 14 11 84 187 419 6 64 326 483 1 8 363 396 9 86 451 699 12 98 452 688 11 96 566 788 3 27 577 651 3 33 591 659 10 64 693 835 13 89 698 936 1 5 759 771 10 32 851 1046 5 11 907 971 5 19 938 1019 4 53 970 1072 8 101 1099 1316 7 43 1129 1268 7 44 1162 1291 6 37 1204 1307 2 22 1279 1331 1 26 1282 1338 
23 13 71 125 365 5 49 142 240 3 31 144 218 1 2 193 203 22 95 206 473 11 90 269 491 1 19 279 317 3 25 295 361 2 14 628 692 2 13 714 752 9 97 837 1079 14 67 925 1126 7 97 941 1142 13 116 990 1202 8 74 991 1147 2 25 1032 1106 9 97 1039 1288 11 109 1141 1321 3 49 1176 1282 2 30 1227 1310 2 23 1274 1340 3 25 1278 1338 1 1 1332 1336 
22 11 115 3 223 5 24 99 201 6 60 134 301 10 44 147 328 9 114 205 423 12 99 222 451 12 77 243 455 10 82 255 490 5 44 377 474 4 41 487 578 1 5 507 522 1 5 517 531 1 10 524 559 3 43 590 708 8 78 596 781 1 12 624 654 9 85 814 991 1 15 1012 1048 11 110 1084 1321 8 47 1088 1220 7 65 1158 1323 4 35 1190 1257 
27 2 26 0 55 11 117 19 270 9 116 30 246 1 4 53 69 2 25 116 175 7 56 138 277 1 2 202 207 2 13 239 287 11 85 279 527 8 71 291 488 1 3 324 334 10 91 434 661 8 96 463 703 4 37 503 589 2 26 510 568 10 92 652 894 4 87 696 851 8 75 702 898 1 14 720 757 6 54 739 952 2 30 803 870 4 34 874 946 1 8 878 927 10 74 1010 1224 7 48 1011 1154 2 24 1080 1133 6 65 1121 1299 
27 5 78 90 290 9 75 123 282 4 54 141 289 6 92 294 495 1 13 322 355 2 33 334 413 4 28 335 400 7 82 394 565 3 17 405 457 4 29 453 537 2 10 458 496 5 26 486 566 5 62 522 678 5 53 530 629 12 102 542 800 8 83 678 861 6 42 685 811 1 32 739 835 3 29 830 900 2 16 854 902 11 84 866 1075 9 52 991 1159 16 71 1076 1325 4 16 1118 1185 1 2 1207 1211 1 8 1281 1313 1 1 1286 1289 
26 1 4 6 19 14 91 33 300 10 70 55 258 5 28 183 286 1 10 221 249 5 16 267 356 3 27 270 349 1 1 310 315 4 64 513 649 5 39 538 727 8 52 577 748 4 38 588 685 4 46 603 704 10 47 629 814 19 172 650 911 5 37 752 887 12 91 786 1008 12 71 817 1007 1 3 891 900 2 24 1096 1167 2 28 1143 1218 6 57 1166 1333 1 7 1200 1219 1 22 1248 1289 1 4 1274 1285 1 2 1311 1317 
