10 52
6 10 27 72 181 32 33 260 473 1 1 512 520 34 42 573 746 16 18 1007 1084 19 25 1120 1209 
6 34 37 31 257 15 15 110 183 32 32 596 702 50 80 725 951 25 49 738 935 4 8 885 911 
9 4 4 220 240 50 50 367 590 32 34 661 816 5 7 787 811 11 11 960 1053 10 22 1030 1105 21 21 1054 1151 9 18 1100 1156 15 15 1102 1169 
3 19 24 154 278 38 39 361 514 57 57 617 873 
5 3 3 84 109 47 47 223 412 8 8 641 687 35 68 1100 1290 21 21 1191 1283 
7 11 18 227 284 56 56 281 519 15 20 496 582 23 28 584 712 2 2 601 612 2 2 1021 1031 6 15 1243 1288 
4 35 35 250 409 38 50 307 515 34 48 528 696 33 33 717 889 
5 35 47 146 336 11 56 266 410 45 59 285 504 18 28 667 766 9 9 1132 1187 
4 30 30 111 229 44 49 318 496 18 18 499 602 23 42 639 785 
3 58 78 35 291 27 31 239 422 31 39 555 697 
