10 434
39 6 39 47 159 8 95 132 314 13 113 133 392 3 48 147 247 13 68 157 367 8 85 164 353 7 67 200 360 12 82 205 446 8 44 215 404 7 75 232 418 6 94 329 518 18 94 362 634 1 7 546 560 5 47 565 682 6 61 636 797 14 96 645 851 7 56 709 879 3 22 771 837 2 16 782 829 13 105 783 1011 10 76 830 1019 4 31 850 923 5 83 915 1092 4 38 937 1016 14 95 941 1186 11 117 945 1183 5 47 960 1059 9 114 965 1174 2 31 967 1028 1 12 967 992 2 31 992 1052 1 1 1042 1047 1 11 1056 1081 6 64 1079 1236 12 74 1081 1312 8 96 1100 1290 1 10 1242 1275 6 51 1244 1401 1 3 1354 1362 
42 1 16 15 48 13 121 71 352 9 68 72 329 7 66 86 342 2 26 127 183 6 54 223 378 6 36 330 461 16 66 356 562 14 94 365 599 8 105 417 693 14 98 423 705 8 41 532 674 17 106 575 844 3 43 581 678 11 77 585 826 4 42 601 703 4 32 621 706 4 26 655 737 3 23 663 723 10 99 671 869 9 146 687 958 2 11 708 757 10 93 752 963 14 110 814 1086 17 137 815 1068 1 16 847 887 1 5 849 861 1 3 918 925 8 44 949 1102 7 36 965 1112 4 28 1062 1133 7 54 1122 1241 2 12 1135 1182 2 19 1156 1192 3 42 1164 1260 2 28 1189 1254 4 55 1205 1359 6 75 1243 1383 1 9 1360 1388 1 7 1363 1382 1 2 1394 1401 1 2 1403 1411 
45 3 36 77 164 5 48 93 192 14 129 107 366 11 52 191 371 2 73 198 428 10 128 206 442 8 69 218 451 2 12 271 312 14 105 283 533 3 26 286 361 14 44 287 539 6 69 330 454 1 2 333 339 10 77 374 550 18 174 395 663 7 52 464 573 7 60 490 629 3 29 541 604 7 93 549 735 1 1 627 631 14 87 628 869 6 59 629 810 6 76 709 923 4 67 785 930 16 97 820 1099 1 9 831 851 15 72 1014 1279 8 54 1032 1219 2 28 1040 1112 15 72 1040 1260 1 5 1098 1112 5 91 1103 1287 4 86 1163 1392 6 60 1166 1354 5 44 1222 1333 1 21 1270 1313 1 15 1293 1337 1 9 1322 1345 1 7 1336 1354 1 8 1337 1354 1 3 1367 1373 1 1 1382 1385 1 16 1382 1413 1 2 1384 1389 1 3 1399 1409 
41 8 87 4 201 6 53 25 188 1 11 58 95 9 74 67 300 8 50 111 275 8 77 156 375 5 30 162 302 2 20 189 247 14 87 194 462 5 42 228 324 4 20 248 321 4 56 306 432 7 37 382 486 5 23 384 472 3 21 420 480 12 99 436 671 5 57 515 626 13 90 526 798 4 29 562 659 5 34 565 650 7 110 571 762 13 96 574 851 9 87 706 910 6 47 721 825 11 88 737 1000 5 32 749 836 15 73 810 1025 5 33 962 1091 1 10 1017 1046 11 135 1033 1303 12 89 1047 1322 10 59 1052 1196 1 1 1074 1078 4 52 1142 1305 9 86 1180 1384 1 17 1189 1219 6 35 1199 1293 1 29 1269 1336 6 41 1292 1406 1 11 1300 1330 1 2 1311 1316 
45 9 30 0 150 14 105 45 315 7 35 51 173 1 7 158 177 12 126 189 437 1 3 208 215 7 34 230 336 1 26 233 278 4 20 380 447 5 63 396 555 6 56 411 525 14 108 412 689 2 40 483 577 7 72 494 738 6 41 525 626 1 20 534 583 1 6 538 552 4 58 547 674 13 78 605 847 5 48 614 746 8 28 632 742 4 49 680 766 15 110 696 935 6 54 726 898 9 116 751 989 13 131 757 1022 2 20 761 806 7 79 765 940 6 35 815 912 4 22 823 914 7 69 869 1066 2 20 879 921 6 60 882 1012 12 77 883 1064 10 54 994 1181 8 45 995 1145 1 6 1013 1025 4 14 1014 1067 11 95 1146 1350 1 9 1148 1171 6 55 1291 1411 4 16 1317 1376 1 4 1384 1400 1 3 1388 1399 1 1 1404 1408 
48 1 11 2 27 6 75 102 251 1 10 114 141 7 64 121 258 1 4 148 165 11 78 189 444 3 22 192 248 5 62 241 389 7 76 252 453 6 59 330 474 8 34 421 578 2 21 439 500 16 105 469 701 5 25 490 607 5 42 515 623 7 82 530 803 12 125 562 837 3 47 584 668 10 80 584 843 4 35 619 702 2 29 619 681 18 98 659 937 11 75 678 926 5 34 738 832 2 24 775 836 1 6 781 803 7 78 781 950 1 11 811 838 13 79 815 1089 1 17 829 862 8 121 853 1110 10 54 880 1013 10 65 884 1073 2 30 940 1014 3 38 1091 1166 10 78 1140 1323 12 70 1187 1389 6 52 1200 1310 10 64 1206 1362 2 45 1255 1352 2 17 1258 1331 1 8 1261 1290 2 29 1286 1354 3 33 1317 1386 3 20 1322 1392 1 1 1340 1345 1 7 1357 1384 1 1 1384 1395 
42 10 60 19 183 3 34 84 163 8 53 93 211 6 56 176 302 6 63 194 336 3 56 339 454 1 15 360 389 12 58 366 546 1 1 394 398 13 77 417 663 9 57 451 613 8 112 460 674 5 63 483 618 11 112 503 738 10 63 517 702 11 68 518 722 4 49 526 626 12 90 531 805 3 9 532 583 3 45 622 708 9 110 627 871 2 24 649 701 7 65 662 803 6 41 670 796 12 81 685 910 2 30 721 771 10 113 764 988 7 68 799 936 15 74 822 1083 1 10 885 923 2 16 914 959 7 48 944 1105 13 99 995 1230 2 10 1011 1064 7 60 1011 1171 4 64 1077 1216 6 50 1121 1238 1 3 1164 1182 5 30 1286 1405 2 26 1291 1349 1 1 1311 1314 3 19 1341 1400 
43 10 105 41 229 4 26 94 156 6 50 132 276 1 8 150 166 10 67 154 351 1 4 195 211 4 33 224 308 10 99 241 458 1 12 263 292 9 97 313 514 8 80 314 462 14 103 384 604 4 33 398 498 8 60 405 586 1 1 419 424 13 104 445 665 10 114 481 729 6 77 534 724 5 23 535 604 11 76 575 743 9 110 625 884 10 69 647 869 11 62 658 800 1 10 664 691 7 37 750 905 4 55 773 874 1 7 792 809 5 35 806 985 11 80 836 1026 1 6 842 862 3 34 936 1020 16 112 1007 1276 1 11 1010 1038 6 79 1061 1226 4 30 1083 1149 12 79 1110 1307 8 108 1164 1404 6 41 1186 1278 6 56 1217 1382 1 4 1284 1298 3 23 1323 1387 1 19 1329 1380 1 21 1336 1376 
45 10 92 41 252 16 108 85 361 6 73 160 311 2 13 186 236 7 60 250 409 5 47 292 469 1 5 302 315 1 6 406 426 3 47 449 520 5 41 451 532 4 33 478 574 8 62 483 631 8 51 528 721 8 37 555 666 4 50 565 652 9 88 578 844 14 69 579 826 4 42 658 768 3 22 671 731 3 48 695 806 1 5 696 707 13 133 696 975 9 107 717 996 10 62 752 954 15 72 777 1034 1 9 788 810 11 96 899 1126 14 120 941 1219 14 100 956 1176 6 29 971 1095 1 9 1029 1053 4 22 1050 1122 7 70 1070 1212 4 22 1109 1166 7 35 1124 1245 11 94 1198 1368 1 12 1215 1252 6 48 1218 1325 1 10 1221 1249 7 43 1227 1328 4 32 1246 1330 3 19 1248 1311 1 11 1333 1364 1 11 1369 1405 1 5 1377 1388 
44 2 58 59 215 8 67 82 257 14 99 121 360 9 65 172 389 11 64 223 454 12 80 258 455 1 3 296 308 11 137 340 621 8 38 386 513 3 17 388 435 6 39 473 593 8 77 516 717 7 94 561 779 2 19 579 626 4 28 583 687 1 2 591 597 3 28 606 673 4 52 615 813 1 2 634 639 1 5 680 694 9 117 690 928 3 33 698 780 10 68 727 987 2 6 746 791 17 144 774 1050 1 7 797 822 9 102 833 1038 8 88 948 1174 5 87 1074 1215 7 95 1082 1330 13 112 1090 1326 2 43 1106 1202 6 38 1112 1217 7 69 1112 1292 4 24 1117 1206 9 87 1119 1320 14 162 1131 1398 7 91 1142 1319 4 56 1173 1274 3 45 1174 1303 1 9 1262 1291 4 22 1329 1395 3 9 1346 1395 1 1 1403 1406 
