10 245
30 6 25 94 189 2 28 109 206 4 28 122 231 3 23 127 189 1 12 193 218 11 87 201 428 5 30 234 336 3 30 243 325 9 96 409 663 2 29 433 505 2 11 436 471 4 59 458 580 3 95 459 645 15 70 463 671 3 43 528 633 4 53 556 659 4 43 705 799 6 55 731 924 4 22 738 810 1 29 823 904 8 64 900 1054 2 20 930 974 5 19 933 1012 1 14 948 976 2 29 1082 1156 3 34 1099 1184 1 8 1117 1144 4 15 1148 1222 3 23 1186 1267 4 32 1199 1272 
24 8 67 113 337 5 69 167 353 1 2 171 178 1 11 332 359 3 41 365 435 6 31 387 491 8 66 405 551 2 22 539 598 8 100 588 803 14 128 640 892 9 44 698 844 11 76 733 919 4 36 765 874 1 26 773 823 4 54 775 879 8 108 816 1039 4 35 848 941 2 17 978 1023 8 80 1052 1271 10 109 1095 1270 5 72 1134 1260 1 13 1197 1233 1 4 1264 1274 1 1 1271 1276 
24 1 6 13 30 3 37 13 163 9 89 96 311 2 22 227 269 7 65 235 360 1 8 277 303 1 2 302 308 5 29 321 409 11 66 359 538 6 61 389 523 9 62 423 643 10 90 468 647 8 62 645 816 7 55 729 870 5 69 751 899 2 24 791 867 6 62 834 986 4 22 866 954 3 36 887 980 2 51 1009 1123 10 76 1018 1207 8 110 1041 1232 4 32 1121 1205 1 16 1232 1277 
25 7 71 11 214 8 42 28 145 6 75 55 211 2 15 97 131 6 83 99 281 1 2 152 157 9 90 182 414 4 38 257 356 6 26 291 382 12 83 296 493 5 107 299 492 12 80 326 538 4 68 399 535 10 68 527 753 4 20 624 692 2 28 693 762 8 80 728 891 3 28 848 909 1 5 895 905 1 5 1011 1035 3 61 1018 1133 3 13 1143 1192 3 17 1145 1213 6 39 1156 1274 1 11 1204 1245 
24 12 87 25 255 1 5 280 308 7 120 308 505 10 117 373 609 7 67 465 614 4 27 510 584 4 42 588 701 1 4 633 642 8 122 712 967 11 70 739 910 7 88 783 942 8 107 843 1029 6 74 898 1033 6 66 905 1052 10 100 926 1123 3 24 937 987 3 23 962 1017 1 8 974 1009 7 52 1009 1183 10 50 1103 1264 2 16 1126 1162 1 14 1141 1178 1 12 1215 1240 1 5 1232 1251 
21 11 62 25 195 2 45 226 322 9 113 310 500 9 44 374 519 8 38 429 613 1 14 447 479 8 63 505 727 3 48 614 736 4 29 622 694 4 59 624 766 1 11 704 734 3 29 740 816 15 97 744 986 8 55 749 905 8 50 838 949 7 34 840 951 1 12 881 929 10 113 900 1141 12 57 974 1195 3 36 1060 1125 4 35 1098 1183 
23 6 51 11 124 12 164 153 407 1 14 188 222 7 56 249 360 6 56 296 412 5 39 433 524 10 103 512 744 7 70 539 696 6 63 552 687 3 25 625 680 14 85 626 850 3 16 736 782 4 26 765 847 1 4 768 782 4 45 772 852 4 26 792 856 7 71 928 1086 2 18 930 979 5 51 944 1066 3 36 1004 1060 13 106 1054 1275 1 4 1143 1155 1 3 1163 1179 
25 4 32 9 77 9 61 235 420 2 24 327 375 7 93 345 582 9 49 358 529 5 60 378 510 7 71 403 586 14 80 563 806 4 32 582 705 1 19 590 630 11 82 608 809 1 1 695 700 5 46 783 903 13 102 805 1005 5 40 810 878 3 30 811 884 8 71 857 991 2 19 895 949 3 54 903 1041 3 45 1083 1213 1 3 1102 1110 2 25 1112 1159 1 10 1156 1179 3 39 1169 1248 2 25 1203 1264 
26 3 14 9 77 6 94 48 285 10 111 104 320 1 2 187 194 1 12 188 217 5 30 279 369 5 128 299 530 7 90 335 505 6 50 351 456 6 41 358 526 4 31 444 530 9 97 614 857 2 21 733 778 11 116 756 1003 2 17 820 877 3 25 875 936 6 49 921 1038 3 36 921 1010 2 18 952 999 8 57 972 1114 8 59 986 1156 5 39 1001 1134 3 27 1021 1090 5 64 1065 1217 6 40 1086 1196 2 52 1112 1249 
23 5 38 114 223 2 38 214 279 1 18 288 331 12 45 337 549 15 130 420 628 3 25 498 570 6 60 564 716 5 40 690 768 5 41 730 820 3 27 746 804 2 24 801 861 11 95 809 991 4 31 858 929 7 46 976 1104 13 130 982 1206 8 107 992 1241 7 92 1064 1257 5 55 1126 1275 1 6 1131 1146 5 34 1151 1271 2 20 1183 1234 1 8 1242 1266 1 5 1263 1275 
