10 170
17 41 41 91 247 25 41 97 235 20 20 301 381 17 47 312 453 38 49 407 640 20 26 482 574 56 96 493 783 22 23 577 699 7 7 638 694 54 68 753 1050 48 48 795 1051 10 10 930 995 6 7 1121 1159 63 63 1218 1451 18 18 1282 1342 3 4 1319 1341 1 2 1495 1504 
18 37 63 81 282 11 13 172 217 37 37 263 402 45 45 267 517 21 21 492 560 12 15 557 629 65 65 560 818 2 4 823 841 37 37 860 1003 15 26 894 1008 50 50 939 1176 8 18 943 996 5 10 966 1004 2 2 1124 1131 32 67 1140 1357 24 24 1172 1296 16 18 1423 1496 1 1 1502 1509 
18 12 23 74 158 29 36 91 264 35 81 98 378 21 21 200 288 34 34 234 397 18 18 347 434 27 30 391 577 12 17 396 457 23 25 696 825 12 26 738 830 34 34 810 927 5 8 1038 1070 63 63 1171 1367 26 44 1178 1386 45 56 1235 1485 12 12 1275 1344 41 54 1310 1491 2 2 1462 1478 
22 16 16 42 109 63 94 125 422 9 19 261 326 29 29 361 459 19 35 365 476 47 54 461 662 8 24 473 586 23 23 599 694 8 8 668 706 24 43 810 1001 2 3 875 884 1 1 972 976 45 59 1009 1217 18 19 1036 1123 44 62 1081 1259 18 18 1098 1179 20 43 1223 1387 1 2 1236 1242 21 42 1263 1431 9 18 1282 1338 11 15 1444 1505 6 9 1456 1491 
17 47 71 6 228 6 8 104 141 49 78 167 436 19 24 235 345 26 40 335 479 29 29 362 485 7 9 388 421 36 36 454 596 9 9 490 531 14 14 592 643 18 25 827 912 38 38 833 981 63 63 1017 1256 37 67 1049 1311 66 66 1241 1503 8 8 1242 1276 6 6 1474 1507 
12 20 30 95 225 8 13 114 157 9 26 273 349 54 68 293 504 18 76 350 563 51 94 475 736 57 76 625 906 61 79 633 833 58 68 676 977 16 35 848 1006 64 64 902 1192 9 15 1093 1136 
13 11 17 78 166 40 40 184 411 76 76 261 539 34 53 359 575 45 69 514 730 57 57 559 771 20 34 639 800 30 74 801 1045 20 36 836 924 55 55 1042 1291 28 31 1244 1455 9 12 1431 1497 2 2 1439 1447 
16 23 58 161 397 22 23 228 342 11 14 237 293 2 2 249 258 44 88 367 642 24 24 438 513 14 21 525 610 66 66 681 973 17 23 732 820 50 80 881 1152 75 77 898 1156 78 78 962 1245 4 8 1023 1054 47 47 1100 1307 1 1 1367 1374 1 1 1491 1496 
19 22 44 73 327 18 43 112 258 5 7 136 170 29 66 195 382 3 4 385 404 37 48 389 517 11 17 446 505 26 26 572 655 37 59 602 797 40 76 688 966 22 54 732 964 18 18 903 987 20 40 1155 1282 42 91 1194 1446 36 56 1200 1372 43 43 1257 1482 11 11 1267 1344 7 9 1277 1327 7 15 1439 1484 
18 27 43 12 163 24 25 21 131 48 53 32 285 1 1 110 113 40 51 229 448 46 46 248 491 68 68 314 523 12 23 330 402 55 81 662 918 7 14 696 743 13 13 920 968 12 31 1038 1133 23 45 1048 1240 5 9 1065 1097 22 23 1080 1179 1 1 1085 1102 13 13 1439 1504 2 2 1448 1459 
