10 63
4 78 87 23 227 109 111 140 380 55 68 326 495 49 49 648 752 
8 45 59 82 225 74 74 101 241 9 23 484 547 13 17 492 530 66 69 969 1154 33 33 984 1062 16 16 1047 1091 10 11 1152 1181 
6 27 32 9 66 90 141 496 767 48 48 593 693 49 64 648 807 27 27 1195 1270 35 43 1201 1293 
8 28 28 56 119 17 18 344 397 1 1 374 379 22 22 597 658 45 53 816 908 32 37 839 932 80 101 938 1158 45 45 1171 1268 
6 87 87 48 273 26 29 289 350 103 103 818 1081 4 5 830 842 40 40 922 1040 104 104 1075 1261 
8 19 20 75 146 52 77 301 488 5 6 345 364 61 61 693 863 54 68 747 904 44 67 877 1101 33 33 1258 1370 2 2 1396 1404 
6 26 45 222 331 49 58 425 574 66 70 484 672 50 90 601 734 13 13 1061 1095 67 67 1220 1376 
6 35 39 328 404 37 49 791 881 55 66 796 961 54 55 906 1102 134 134 921 1202 17 22 1080 1133 
5 33 59 33 137 100 100 392 600 7 7 621 640 95 95 1088 1252 49 58 1197 1346 
6 33 42 21 122 73 104 87 330 54 54 128 257 6 6 548 563 34 37 737 819 76 76 962 1168 
