15 259
15 61 98 10 344 24 31 13 154 27 36 199 349 66 66 350 694 29 48 369 528 52 52 411 628 6 11 556 601 23 34 677 812 10 23 904 963 35 87 941 1254 67 67 972 1314 16 38 1002 1137 52 54 1261 1538 20 37 1357 1477 68 110 1440 1721 
13 97 105 285 597 53 97 291 587 21 70 295 513 55 55 472 720 73 79 615 935 41 76 621 929 69 69 1035 1334 21 21 1130 1259 56 59 1261 1483 60 65 1274 1511 15 17 1604 1673 6 6 1611 1636 3 3 1702 1718 
18 3 3 371 385 72 72 605 884 5 5 734 754 47 100 755 1077 7 9 781 818 55 96 873 1184 42 73 882 1139 51 75 1046 1300 45 83 1083 1411 21 39 1122 1276 44 69 1183 1409 28 48 1225 1402 9 10 1238 1294 3 8 1278 1303 56 80 1279 1554 60 64 1345 1678 21 24 1501 1632 8 8 1651 1693 
14 67 76 90 388 13 24 132 209 65 102 596 878 57 57 598 824 61 61 634 904 54 54 1089 1349 44 44 1103 1295 12 21 1199 1284 71 71 1233 1524 47 47 1275 1458 33 33 1307 1440 17 20 1458 1531 18 18 1581 1689 3 4 1621 1647 
15 10 11 33 84 22 43 44 223 55 56 298 604 60 60 632 931 68 79 842 1170 63 63 914 1214 37 50 989 1123 27 27 998 1152 52 52 1106 1395 47 47 1263 1508 49 60 1352 1584 40 40 1435 1589 7 18 1645 1716 15 15 1650 1711 11 11 1678 1727 
20 25 32 39 194 42 45 129 337 81 81 150 489 7 8 187 237 70 136 197 525 49 49 341 552 10 14 392 441 34 34 482 594 1 1 518 523 17 27 531 672 24 24 541 634 6 6 899 938 26 40 953 1096 77 77 994 1325 39 63 1044 1281 36 39 1181 1368 23 39 1206 1358 8 9 1430 1467 2 2 1613 1621 13 15 1642 1692 
18 25 25 282 396 38 42 291 487 85 95 378 716 36 58 399 595 35 39 413 628 1 2 530 540 52 68 748 1091 39 83 786 958 8 8 811 862 45 45 823 1023 3 6 828 848 7 31 871 960 26 37 1033 1197 53 60 1075 1280 31 31 1403 1557 16 22 1423 1514 19 21 1616 1710 15 18 1665 1725 
19 1 1 38 44 87 101 153 485 24 29 224 354 76 76 312 614 11 12 399 447 51 66 424 671 47 67 491 726 14 16 621 695 8 12 771 810 42 43 793 946 27 48 835 1006 30 63 961 1171 29 31 997 1124 8 13 1071 1117 29 61 1229 1449 26 38 1334 1509 25 36 1526 1652 9 9 1568 1602 6 6 1665 1692 
17 29 30 154 267 21 40 274 410 12 15 349 409 42 66 353 617 23 23 420 544 61 61 632 857 54 68 917 1189 13 13 1080 1137 47 47 1188 1461 36 93 1246 1541 33 87 1256 1575 32 45 1259 1430 8 12 1343 1387 66 66 1472 1728 20 33 1558 1664 36 36 1565 1695 12 12 1638 1694 
19 37 50 108 285 53 53 179 361 41 68 187 465 40 40 288 549 1 1 607 610 48 48 736 935 30 34 828 982 76 86 883 1192 20 20 1264 1378 9 11 1280 1323 1 4 1313 1333 28 28 1326 1448 67 87 1386 1707 37 74 1441 1681 43 54 1500 1725 13 17 1525 1625 10 10 1584 1625 8 10 1680 1719 2 2 1699 1709 
17 16 16 81 153 56 61 240 485 27 30 295 419 59 78 316 631 25 30 337 473 39 51 460 708 30 30 484 656 24 24 587 694 27 44 600 829 25 25 862 968 10 12 1069 1118 52 71 1188 1470 60 74 1342 1626 9 17 1419 1463 30 53 1476 1621 55 55 1532 1722 4 5 1684 1710 
21 49 50 276 474 7 16 287 325 87 87 378 691 11 18 382 443 14 14 661 719 4 8 711 738 28 56 759 902 14 24 803 885 37 93 868 1202 24 31 957 1084 8 12 968 1023 24 24 1082 1195 44 44 1085 1233 59 62 1181 1437 67 72 1220 1544 17 37 1271 1450 44 52 1325 1523 38 75 1397 1717 3 5 1495 1514 7 7 1614 1658 1 1 1726 1729 
19 52 52 114 300 22 60 199 399 10 10 231 275 33 45 272 448 7 13 282 332 41 41 321 471 10 10 371 435 55 72 462 718 47 70 478 748 16 26 675 779 36 70 711 933 18 34 860 1012 12 30 881 969 52 65 920 1146 42 70 949 1171 40 67 1174 1462 32 41 1504 1680 26 54 1549 1695 1 1 1723 1727 
16 61 82 20 348 32 34 152 315 40 50 183 392 48 49 230 430 8 9 275 308 11 11 476 521 45 45 507 742 27 61 511 689 70 76 537 824 13 22 711 786 18 27 822 921 29 32 974 1121 30 64 1357 1561 41 67 1366 1577 50 56 1404 1619 11 11 1583 1626 
18 21 21 276 363 5 10 295 328 54 54 361 621 51 81 489 772 44 91 499 759 2 6 586 609 46 78 863 1208 35 45 931 1102 57 76 950 1199 40 57 1019 1207 17 23 1034 1110 62 93 1153 1423 50 76 1320 1622 11 13 1429 1476 10 17 1600 1688 14 26 1603 1680 11 14 1613 1683 5 7 1624 1653 
