15 249
17 35 70 107 305 5 5 124 147 63 63 245 513 6 7 264 296 15 15 339 405 52 66 556 835 19 34 610 735 25 58 638 821 75 75 679 996 10 14 699 760 4 8 741 771 1 1 863 868 19 19 930 999 51 54 964 1188 38 56 1219 1373 63 63 1354 1576 19 19 1469 1542 
18 32 35 34 263 1 1 39 43 83 83 50 330 41 66 55 264 39 63 243 441 47 53 351 543 1 1 629 635 39 45 704 906 25 34 814 958 29 30 858 982 25 25 928 1030 24 36 1083 1226 6 6 1093 1128 21 24 1155 1257 64 76 1267 1555 18 19 1421 1503 28 37 1467 1598 6 6 1582 1610 
15 11 17 21 83 37 37 232 457 21 38 372 509 48 48 463 701 34 36 472 648 21 34 487 603 36 36 508 633 29 29 735 858 56 72 851 1087 26 47 1151 1327 26 26 1178 1298 52 52 1209 1524 74 74 1221 1505 15 25 1565 1640 9 9 1603 1642 
12 7 8 55 88 34 40 217 367 8 15 258 300 28 28 268 413 79 119 315 643 54 75 344 566 45 45 405 598 51 68 876 1108 24 27 886 991 48 60 1065 1334 53 99 1113 1414 65 77 1302 1555 
19 23 25 130 261 74 74 253 504 14 14 377 434 4 6 380 401 1 1 464 472 62 62 533 800 55 60 722 1008 77 77 779 1085 26 27 864 1024 15 15 883 950 17 31 891 1080 27 27 1034 1160 13 23 1111 1181 47 50 1280 1554 2 2 1302 1313 4 10 1434 1462 29 40 1454 1626 5 6 1471 1494 2 2 1534 1542 
19 15 16 11 74 32 32 19 219 38 57 479 738 9 9 546 593 7 8 590 630 47 83 648 951 45 45 769 935 54 67 775 1034 1 1 810 816 45 51 1071 1289 61 61 1134 1427 68 68 1211 1415 46 46 1368 1554 9 11 1457 1523 2 3 1513 1525 1 4 1515 1526 14 14 1543 1616 11 14 1565 1624 2 3 1589 1605 
20 31 31 23 175 54 79 43 309 49 49 68 300 27 44 216 434 10 13 245 315 26 62 299 481 30 51 334 460 34 34 469 606 14 23 525 613 4 6 602 625 1 1 652 663 20 41 705 839 8 11 808 838 51 51 878 1100 11 12 905 965 2 2 1120 1140 15 21 1205 1286 51 51 1300 1519 38 38 1419 1571 20 25 1467 1594 
16 25 25 32 163 90 112 36 336 12 29 58 150 20 47 313 473 28 28 393 540 23 46 729 907 57 91 849 1153 38 38 865 1069 72 72 880 1175 10 10 890 936 14 26 938 1016 58 84 1272 1539 13 43 1459 1579 15 20 1499 1583 9 28 1519 1597 22 29 1521 1630 
17 49 75 34 312 60 71 74 355 13 14 123 177 58 60 330 574 52 52 644 893 22 42 663 845 29 95 881 1145 40 40 915 1116 29 29 964 1074 10 21 1011 1078 54 84 1022 1344 40 111 1074 1358 19 29 1210 1304 20 23 1336 1432 5 12 1427 1461 33 48 1463 1636 9 9 1578 1615 
17 34 67 128 388 9 17 184 240 26 28 252 349 3 4 347 373 64 64 347 660 9 12 397 437 30 30 448 583 91 91 468 797 12 20 514 578 16 22 701 794 5 10 784 826 55 72 838 1075 48 51 882 1116 10 10 956 1005 34 42 1151 1334 56 56 1260 1560 24 28 1500 1637 
16 1 1 27 33 60 102 39 341 36 59 111 387 43 52 270 463 43 43 515 724 37 65 567 821 27 49 582 787 19 21 645 750 31 33 744 872 26 43 767 943 19 19 1008 1096 32 76 1022 1344 47 107 1037 1329 26 81 1334 1541 28 31 1391 1537 22 29 1500 1596 
14 55 55 33 339 48 75 94 344 41 41 144 402 20 21 154 251 51 64 270 584 29 41 338 490 59 97 474 783 24 24 613 690 24 24 671 757 34 43 826 999 50 55 877 1096 36 60 1134 1324 21 24 1269 1388 38 51 1449 1631 
17 34 50 50 237 49 76 430 702 51 65 465 722 15 20 468 527 29 50 533 726 41 46 659 861 41 41 722 866 37 57 908 1105 48 48 917 1150 41 44 932 1124 26 63 981 1230 16 18 1190 1291 34 35 1250 1401 50 86 1291 1590 1 2 1381 1389 7 7 1544 1601 7 7 1591 1632 
16 59 77 59 321 36 40 104 265 19 27 161 281 22 22 236 338 21 29 463 573 27 36 470 617 38 51 515 681 39 47 544 699 31 40 558 762 58 73 648 890 24 24 697 800 42 47 703 902 10 12 1123 1202 28 76 1156 1445 34 38 1342 1487 13 13 1485 1568 
16 7 30 14 110 23 74 175 375 39 47 495 660 44 68 566 759 19 19 630 698 28 99 672 970 15 17 682 766 49 68 799 1075 12 14 819 896 27 35 974 1140 33 33 1055 1186 26 38 1152 1318 71 71 1186 1511 46 69 1346 1644 65 85 1378 1636 29 29 1478 1617 
