10 56
4 15 39 286 411 47 86 314 541 46 102 802 1032 36 59 803 960 
5 47 63 84 308 41 41 253 437 13 39 402 480 36 87 922 1115 13 19 1175 1229 
6 42 155 30 284 34 43 61 188 24 58 84 255 49 49 367 565 6 27 501 564 2 2 1331 1338 
3 85 124 244 489 33 66 630 756 29 85 778 977 
8 2 7 310 326 42 82 461 623 15 32 522 605 13 40 536 613 18 21 583 708 13 27 842 936 18 33 903 998 9 27 1029 1088 
3 31 111 79 336 60 79 541 778 45 99 810 1042 
6 41 87 431 604 2 9 605 624 45 46 762 1013 1 2 898 905 34 36 1135 1317 13 33 1276 1338 
6 2 6 26 38 44 122 194 412 50 53 538 712 6 10 547 578 29 34 835 980 2 8 1248 1266 
7 3 9 229 249 13 15 720 776 49 57 773 939 33 77 823 972 12 22 844 915 20 34 1198 1280 5 38 1210 1337 
8 16 43 140 267 1 1 245 250 38 73 469 636 3 7 602 619 51 136 781 1032 1 4 893 901 16 46 1124 1235 7 15 1282 1319 
