10 145
11 58 58 76 353 112 112 224 529 28 48 556 709 6 6 580 610 33 33 843 958 43 56 862 1073 6 8 1043 1067 19 27 1117 1230 8 9 1135 1169 44 94 1198 1478 56 65 1199 1489 
16 35 73 136 370 72 78 225 522 20 31 253 356 37 53 311 503 3 5 344 359 7 17 425 484 22 22 483 567 32 59 535 722 10 17 828 870 42 42 1011 1198 15 37 1184 1303 38 63 1314 1515 30 30 1381 1487 9 9 1396 1441 18 18 1429 1497 6 7 1485 1518 
16 24 40 29 182 28 28 32 165 16 21 75 172 1 2 191 200 34 55 251 529 22 22 258 364 45 66 259 540 18 25 487 568 48 48 651 867 37 85 882 1136 13 18 1049 1111 30 41 1156 1291 18 20 1204 1298 43 43 1280 1452 26 30 1361 1504 2 4 1478 1498 
14 70 70 85 371 24 43 111 275 22 22 115 203 33 63 151 380 7 7 415 452 17 26 473 554 1 2 540 550 62 85 583 885 31 60 953 1194 8 12 980 1037 9 14 1084 1125 44 62 1132 1341 27 37 1266 1387 41 48 1299 1477 
14 23 38 141 311 10 11 210 258 40 40 258 405 5 6 385 426 42 77 408 674 71 85 430 728 2 2 545 554 30 31 727 878 29 29 948 1106 61 74 1032 1315 48 81 1113 1396 29 30 1193 1319 6 8 1324 1351 1 2 1524 1531 
15 40 40 463 615 36 64 522 724 35 59 604 834 56 56 639 835 34 34 693 844 4 7 707 733 13 15 795 854 6 12 907 940 29 29 978 1081 44 49 1023 1223 46 46 1038 1228 28 45 1257 1417 15 15 1287 1343 22 33 1293 1392 2 2 1324 1335 
16 29 29 1 153 40 60 91 329 81 81 107 358 51 80 241 466 28 28 322 466 2 4 441 462 10 10 444 498 28 40 507 692 33 42 516 673 16 58 742 897 18 33 757 864 34 42 953 1126 2 2 1115 1126 11 11 1212 1318 11 31 1247 1372 17 17 1279 1384 
15 52 74 160 400 4 4 225 256 36 71 281 504 15 20 293 368 33 33 445 586 14 23 570 651 53 89 688 974 53 72 699 958 46 57 716 910 16 16 722 782 32 41 921 1099 15 17 1010 1072 25 32 1044 1190 37 37 1339 1506 4 5 1442 1459 
14 74 74 53 338 20 52 203 358 6 9 241 277 10 15 252 307 45 45 346 546 24 24 729 870 83 83 756 1056 36 36 1058 1179 1 1 1083 1089 20 20 1189 1284 52 52 1229 1497 40 73 1277 1514 9 18 1457 1519 3 3 1490 1503 
14 16 36 180 336 54 54 192 344 59 73 198 458 1 2 379 388 34 51 639 810 37 37 686 821 3 4 751 765 16 37 961 1059 56 56 991 1168 74 85 1014 1302 17 20 1070 1164 44 62 1123 1352 4 8 1373 1404 3 4 1511 1528 
