10 472
41 11 112 2 240 4 106 21 277 4 37 33 143 2 16 142 177 12 58 145 407 8 126 145 415 3 21 147 218 6 73 226 368 11 106 324 617 13 113 338 609 8 123 338 540 16 65 341 641 10 61 346 525 6 34 348 451 12 122 361 648 5 37 382 503 11 78 410 686 5 69 439 631 17 96 503 800 7 87 532 784 2 22 658 712 12 101 664 899 15 81 753 1033 9 64 793 965 2 45 810 911 5 33 810 885 12 107 816 1024 14 100 939 1190 7 74 1089 1233 12 55 1113 1322 1 7 1175 1203 11 48 1197 1384 7 62 1239 1354 12 56 1274 1438 5 44 1321 1410 7 40 1339 1468 1 2 1383 1389 2 18 1426 1473 1 3 1468 1477 1 5 1495 1508 1 1 1504 1508 
47 9 43 7 157 17 111 39 339 4 29 40 112 1 9 53 76 1 7 58 72 12 59 62 288 6 61 80 276 21 172 120 422 7 27 197 327 6 47 210 386 4 108 345 633 3 65 373 482 14 77 405 681 9 85 443 627 10 163 448 748 9 43 519 646 6 74 538 695 6 159 573 780 13 107 603 870 1 4 613 622 14 117 633 929 1 5 653 666 3 24 661 724 3 36 666 751 5 50 706 822 7 48 751 885 16 72 924 1170 8 88 961 1116 9 123 982 1231 1 6 1000 1020 7 49 1023 1164 8 108 1058 1299 7 62 1062 1217 9 48 1105 1265 6 95 1106 1333 10 73 1127 1357 9 99 1145 1361 4 43 1148 1250 8 26 1183 1350 3 47 1185 1298 5 55 1193 1312 12 100 1218 1489 1 7 1320 1345 3 19 1323 1385 3 34 1345 1412 2 36 1350 1416 1 1 1501 1505 
41 12 99 21 291 4 37 84 160 4 76 186 316 2 14 273 312 5 56 275 431 4 18 281 336 12 48 287 488 9 81 301 484 6 46 339 447 2 38 379 456 4 63 387 530 16 114 403 692 12 88 435 698 2 26 477 539 16 51 483 757 9 113 497 741 8 82 515 738 8 148 582 844 4 22 622 730 7 78 711 903 11 73 713 885 12 92 765 971 2 24 766 809 14 132 856 1155 7 41 917 1077 11 141 932 1215 16 99 966 1264 5 29 983 1072 5 44 983 1063 9 56 992 1153 12 113 1023 1278 8 74 1058 1273 14 53 1096 1311 12 62 1201 1418 6 38 1224 1333 1 15 1242 1294 3 31 1293 1365 5 46 1310 1426 5 40 1314 1428 4 49 1316 1428 5 36 1346 1425 
43 8 69 1 208 13 109 39 324 1 38 58 146 10 24 80 325 12 68 132 370 3 24 161 224 6 43 162 317 6 40 171 276 13 102 190 443 3 26 193 278 1 10 235 269 5 5 241 352 3 32 256 331 11 75 357 543 11 115 396 671 15 91 445 694 5 41 537 654 15 147 565 850 14 91 721 971 7 51 762 887 1 10 773 796 12 106 777 1056 15 97 781 999 12 85 833 1119 3 33 890 972 12 78 897 1081 9 109 935 1165 12 34 955 1155 5 56 967 1145 9 95 1072 1299 15 136 1088 1389 3 17 1113 1194 4 28 1135 1230 10 62 1162 1358 13 84 1205 1412 5 57 1207 1341 1 7 1244 1259 1 9 1336 1355 5 52 1341 1448 1 22 1393 1438 1 14 1434 1464 2 14 1454 1504 1 5 1483 1499 
46 3 31 35 103 10 97 45 249 11 91 57 262 6 62 74 239 1 11 100 139 9 73 218 459 2 21 269 331 6 51 298 384 9 89 388 665 11 91 550 719 16 130 559 833 10 115 566 788 9 34 577 725 7 61 624 778 7 78 625 822 10 116 635 854 9 34 637 850 10 80 652 921 1 5 658 669 5 57 668 836 1 9 675 706 1 19 685 726 3 25 702 807 17 112 759 1047 5 45 770 883 15 103 844 1104 1 15 857 883 1 16 868 908 3 34 897 983 14 58 906 1164 9 117 907 1133 4 14 965 1060 21 104 1026 1287 7 69 1083 1252 3 24 1089 1139 10 61 1128 1290 9 64 1167 1407 12 101 1187 1405 3 20 1188 1230 1 24 1212 1262 8 86 1292 1481 6 33 1347 1471 1 11 1395 1426 1 19 1433 1464 1 3 1489 1499 1 1 1506 1510 
52 2 21 20 72 9 91 58 253 10 82 86 388 12 57 105 289 10 112 105 355 8 70 110 339 3 35 139 224 1 6 163 184 3 41 199 273 4 30 212 283 8 74 218 376 6 87 236 454 1 2 271 279 3 65 301 390 14 83 313 561 11 50 323 497 1 4 342 352 7 78 428 613 15 82 436 680 8 40 505 672 2 17 509 563 9 123 540 756 7 97 543 764 4 66 572 755 4 35 576 670 6 27 612 757 9 109 617 893 6 87 675 864 3 24 770 861 3 32 811 893 2 16 823 875 2 30 824 892 3 28 842 943 1 11 858 886 7 66 914 1105 13 74 933 1154 1 26 968 1028 6 62 984 1152 14 113 985 1231 7 81 1038 1213 15 151 1056 1356 9 49 1064 1200 11 107 1214 1475 2 30 1263 1327 7 48 1321 1426 4 22 1325 1403 3 69 1364 1502 6 41 1389 1487 3 29 1399 1455 2 12 1419 1462 1 10 1436 1467 1 1 1501 1507 
50 13 144 11 310 2 57 57 181 14 107 84 376 12 83 210 453 11 59 245 495 4 39 307 405 13 74 312 480 6 73 318 470 1 9 322 338 3 21 331 395 1 9 360 395 5 71 391 532 6 35 416 640 1 12 435 464 2 13 446 497 3 49 498 608 1 4 523 532 1 10 543 566 9 120 580 854 6 68 585 769 15 128 602 858 10 49 604 805 11 87 678 887 5 52 705 872 2 18 718 770 18 115 720 997 11 87 730 949 7 137 747 1038 5 36 787 882 6 33 801 911 13 81 827 1050 7 36 840 983 3 16 975 1028 14 130 992 1281 3 36 1038 1106 4 28 1066 1171 8 60 1076 1242 9 101 1121 1369 1 6 1152 1164 5 37 1227 1339 5 41 1228 1297 1 6 1257 1273 6 40 1266 1382 5 71 1306 1442 6 24 1326 1415 7 27 1330 1465 3 29 1371 1435 1 6 1396 1412 2 24 1445 1489 1 2 1474 1480 
51 12 100 9 246 7 51 57 211 18 157 80 372 4 50 133 288 4 22 146 244 1 6 157 184 4 23 166 252 12 86 193 448 12 93 195 411 6 61 195 384 1 3 207 213 1 7 219 235 3 18 265 308 3 39 345 450 2 20 350 404 4 37 419 515 12 89 424 627 3 29 433 507 1 3 440 448 7 91 497 744 4 19 554 610 1 16 563 587 2 21 671 715 2 50 676 781 17 94 681 895 1 14 740 764 7 38 741 890 3 31 759 847 19 144 804 1100 13 81 824 1064 12 78 832 1063 1 16 842 873 10 133 931 1222 11 98 933 1156 6 114 959 1181 14 122 1030 1258 1 5 1081 1093 17 180 1144 1430 8 76 1186 1368 16 118 1187 1471 1 5 1193 1209 3 33 1210 1290 3 31 1260 1329 1 9 1277 1296 8 90 1291 1487 5 56 1316 1440 3 41 1326 1424 6 56 1359 1462 6 73 1360 1499 2 14 1403 1442 1 2 1437 1444 
48 3 22 57 157 13 94 67 262 7 84 127 296 3 26 132 218 4 60 198 350 5 34 230 326 1 8 257 272 10 101 312 534 16 92 321 575 12 115 348 608 8 88 351 528 1 2 379 389 7 57 396 527 6 73 412 621 3 28 417 483 2 21 465 525 6 129 499 768 2 12 525 556 8 83 542 817 13 125 555 810 12 80 620 877 12 83 621 844 10 71 627 819 11 89 655 950 12 140 685 950 14 147 687 946 9 118 711 924 5 49 798 919 8 54 932 1078 8 39 939 1096 11 67 951 1182 1 15 980 1014 1 9 990 1014 1 7 1004 1017 3 51 1006 1204 6 93 1007 1244 8 45 1032 1185 1 2 1076 1084 7 80 1146 1320 6 51 1171 1283 10 59 1178 1381 8 84 1183 1375 8 99 1293 1482 3 29 1347 1408 1 14 1456 1481 1 12 1460 1486 2 14 1469 1510 1 7 1475 1498 
53 4 32 64 137 10 82 89 257 1 9 110 133 18 100 112 363 9 101 183 381 9 91 188 429 3 55 206 296 6 52 242 334 1 8 272 297 8 49 273 464 7 56 308 469 5 73 333 483 8 59 412 535 2 30 430 489 8 108 457 683 5 48 481 609 6 61 499 645 4 35 510 640 5 63 560 668 9 64 580 755 6 53 594 730 1 8 602 631 11 66 604 787 12 90 619 885 10 59 625 803 17 97 668 955 14 126 693 963 17 180 730 1009 3 57 750 843 3 54 771 939 1 13 823 857 2 11 826 871 5 66 829 1024 4 40 908 1015 2 25 916 966 4 38 956 1050 8 121 985 1201 1 13 1011 1035 4 25 1011 1100 3 29 1051 1133 9 115 1097 1361 1 11 1126 1164 5 65 1164 1286 2 26 1192 1249 1 7 1220 1233 4 21 1226 1288 7 62 1231 1356 16 103 1284 1501 2 16 1329 1367 4 26 1334 1420 1 7 1429 1455 3 29 1441 1508 1 6 1443 1464 
