15 685
44 10 74 6 184 8 47 16 146 13 42 20 232 7 57 62 220 9 86 66 326 3 39 78 162 10 87 89 297 10 94 105 298 6 39 117 250 8 96 118 288 12 145 125 415 3 44 136 234 4 27 139 253 15 77 188 416 7 38 207 337 3 24 285 357 7 60 293 447 1 8 394 410 11 101 445 654 10 72 448 631 9 62 479 643 3 26 511 563 14 99 586 871 4 38 614 696 4 51 681 828 6 47 682 882 3 18 715 773 3 26 720 796 4 32 748 824 9 85 844 1059 4 30 970 1061 12 105 1060 1290 1 26 1064 1115 16 65 1068 1311 4 69 1177 1312 3 24 1186 1230 4 57 1247 1417 5 35 1255 1343 7 55 1271 1414 8 50 1291 1456 5 35 1293 1381 3 27 1363 1425 4 32 1380 1488 3 27 1443 1507 
45 1 19 20 59 12 67 56 250 9 115 70 314 1 7 113 128 5 51 165 257 4 35 168 240 6 76 188 325 2 19 244 300 13 49 285 486 1 19 311 349 6 56 339 433 11 40 414 592 16 93 429 651 1 18 456 495 12 69 504 686 8 47 533 700 9 58 548 698 11 32 725 841 13 76 731 961 2 22 758 806 10 80 783 989 5 52 843 940 8 71 884 1131 1 1 902 908 9 83 907 1086 1 6 956 972 1 7 961 980 6 75 971 1154 6 68 1022 1164 8 45 1023 1143 4 28 1103 1257 10 98 1116 1295 7 65 1157 1289 15 59 1204 1405 1 17 1218 1249 2 16 1230 1282 10 39 1238 1439 10 88 1242 1464 18 116 1250 1518 11 71 1301 1482 2 19 1371 1409 1 2 1381 1387 3 48 1427 1501 1 6 1447 1462 1 20 1452 1497 
45 13 120 18 228 11 57 36 260 6 41 43 189 9 108 64 260 1 10 73 102 1 27 218 261 6 88 234 398 3 58 235 363 8 56 270 421 7 38 291 420 5 61 293 411 7 61 317 469 6 51 335 452 6 35 379 476 8 81 403 548 3 31 450 510 3 46 483 577 1 6 487 506 1 181 488 772 7 64 510 698 3 39 522 597 13 108 546 794 11 53 559 823 14 98 602 888 17 151 602 876 17 85 624 899 14 100 656 891 1 8 708 731 10 112 905 1156 7 52 983 1125 5 30 1004 1107 14 119 1044 1272 7 66 1096 1250 1 22 1104 1140 11 126 1153 1405 3 19 1196 1276 8 63 1214 1385 8 75 1249 1393 4 31 1330 1441 4 37 1338 1422 5 42 1374 1497 1 9 1403 1423 3 10 1409 1449 1 12 1444 1468 1 1 1489 1492 
50 1 26 0 57 1 9 5 33 10 97 9 217 10 71 64 276 4 38 69 146 4 11 89 155 1 13 156 187 1 17 180 209 5 39 187 315 4 39 218 306 11 34 227 424 1 1 256 260 1 5 283 292 10 106 416 630 11 93 420 696 3 10 449 503 3 32 468 552 9 80 479 767 9 96 502 744 11 131 508 793 8 49 520 708 10 108 705 999 4 28 715 800 1 6 725 740 6 62 758 917 15 74 776 1062 1 8 790 809 21 94 821 1106 5 36 824 912 8 51 831 1037 1 32 879 955 5 88 889 1059 4 95 913 1135 1 1 922 925 9 81 938 1103 8 129 956 1211 7 66 1005 1171 3 49 1019 1143 6 54 1090 1252 3 20 1096 1172 15 111 1123 1412 3 38 1205 1273 5 51 1288 1391 12 63 1302 1470 7 72 1313 1491 3 58 1343 1430 3 23 1360 1432 5 43 1363 1507 5 102 1369 1503 4 24 1459 1517 
38 1 8 101 123 6 23 152 239 1 3 217 224 6 37 309 397 11 60 346 566 12 104 370 601 5 29 430 510 8 81 517 743 12 61 531 780 10 30 567 729 10 99 644 945 8 106 676 949 2 19 676 727 5 28 707 821 6 63 745 909 9 50 774 932 13 71 799 1097 1 1 809 813 13 89 881 1111 11 50 881 1055 9 91 882 1118 13 141 935 1225 5 36 953 1078 8 106 985 1214 5 55 1007 1126 1 28 1037 1105 14 132 1078 1333 11 59 1093 1278 11 65 1100 1285 14 136 1129 1400 7 64 1133 1255 15 59 1205 1411 3 25 1235 1308 16 64 1267 1514 6 57 1352 1498 1 12 1376 1398 4 54 1380 1512 1 8 1465 1491 
46 8 77 16 205 6 68 24 145 9 130 90 298 10 69 135 367 3 40 163 246 6 68 194 357 5 57 243 433 6 40 275 379 15 130 277 563 5 42 318 408 6 31 358 445 1 49 380 477 10 54 429 596 13 129 488 769 17 138 511 802 4 34 516 596 4 42 561 659 6 66 653 809 1 19 687 728 1 1 701 704 17 160 745 1030 4 62 774 892 16 131 784 1066 6 77 788 948 2 21 866 918 4 39 875 963 2 17 981 1018 1 1 1006 1010 9 90 1036 1260 10 24 1037 1223 1 7 1070 1104 15 110 1102 1394 7 64 1102 1262 14 97 1106 1319 5 40 1219 1341 11 108 1223 1469 3 31 1226 1321 7 116 1275 1480 7 29 1314 1424 4 26 1385 1450 5 28 1398 1504 3 56 1415 1512 1 14 1453 1488 1 5 1453 1462 1 12 1460 1485 1 7 1491 1509 
50 4 54 11 138 15 81 47 345 13 131 115 397 1 2 120 126 8 42 159 328 1 3 186 193 10 67 190 396 2 14 248 292 8 103 250 452 3 43 281 379 3 13 342 400 1 12 369 401 1 3 412 424 10 122 523 820 5 67 559 664 6 92 612 882 21 114 667 957 7 69 680 866 9 87 702 934 8 49 750 955 5 66 802 999 11 115 806 1107 8 152 858 1155 5 50 944 1100 5 75 991 1140 10 89 996 1162 4 20 996 1055 4 33 1042 1194 6 76 1064 1247 9 123 1136 1391 11 68 1148 1355 11 62 1150 1388 1 10 1197 1216 13 68 1245 1476 9 79 1249 1389 1 8 1264 1290 13 113 1287 1481 1 14 1289 1325 1 7 1333 1348 9 58 1345 1481 4 29 1347 1432 4 36 1356 1443 1 3 1396 1403 2 6 1410 1456 1 28 1425 1499 3 16 1443 1516 3 44 1446 1517 2 18 1470 1516 1 2 1478 1489 1 3 1491 1499 
45 20 75 32 292 10 92 33 291 13 153 61 355 10 71 85 298 3 25 170 249 14 114 192 488 11 35 367 512 1 4 458 476 1 13 467 496 2 13 486 539 7 76 593 754 1 6 600 622 13 96 683 904 3 19 685 741 13 67 711 919 10 39 715 875 7 50 722 875 1 10 806 836 16 143 854 1118 18 98 862 1121 10 42 863 1106 9 133 943 1208 4 83 970 1164 4 64 970 1081 5 54 1042 1161 9 72 1084 1236 12 160 1095 1384 3 24 1148 1202 5 41 1169 1252 8 44 1192 1306 8 62 1200 1350 4 35 1243 1350 4 43 1243 1335 7 67 1248 1417 1 15 1250 1289 2 36 1279 1387 3 46 1305 1410 6 32 1317 1411 6 42 1320 1436 1 10 1361 1387 5 29 1405 1504 5 39 1406 1497 2 14 1421 1475 1 9 1427 1451 2 13 1444 1481 
44 5 30 46 134 1 4 68 81 4 60 75 183 9 83 121 325 4 69 136 269 7 82 165 407 1 2 165 170 10 129 178 415 16 75 196 423 11 50 204 385 3 13 246 298 15 150 266 569 2 22 270 341 8 88 276 517 5 38 362 458 4 56 382 535 2 22 426 488 4 40 480 579 6 49 481 618 14 88 481 778 8 62 514 683 6 101 629 845 3 16 672 738 12 88 687 932 13 29 711 942 5 56 718 837 8 59 742 867 8 116 893 1107 7 56 941 1088 11 74 955 1211 1 5 958 973 11 130 960 1238 6 68 985 1152 8 78 1006 1218 2 15 1064 1136 9 76 1065 1295 17 64 1089 1343 1 23 1104 1177 8 47 1123 1356 12 78 1134 1324 1 2 1289 1295 1 37 1320 1397 5 37 1330 1404 3 28 1378 1440 
49 1 5 2 19 8 64 43 192 16 91 53 350 3 40 62 143 3 54 115 249 13 70 124 310 1 6 146 160 11 63 149 371 2 16 164 205 1 15 183 210 1 4 188 200 7 53 279 414 14 101 389 621 4 50 398 504 7 39 474 646 8 26 475 596 11 56 512 663 4 43 557 685 3 32 608 693 1 20 625 665 6 39 639 765 11 55 713 916 9 83 784 977 3 19 795 854 10 16 808 951 7 48 827 930 1 11 849 873 7 38 856 951 4 42 906 987 11 87 914 1139 1 18 1001 1039 11 92 1039 1280 17 93 1106 1348 4 44 1121 1233 9 53 1157 1312 11 73 1171 1359 5 49 1200 1311 13 145 1231 1495 1 16 1234 1281 10 89 1263 1458 1 4 1267 1280 9 60 1268 1420 5 102 1290 1493 1 6 1380 1408 2 25 1432 1490 2 6 1446 1519 1 4 1451 1460 1 3 1485 1493 1 8 1494 1513 
43 10 115 8 268 11 89 56 270 6 33 129 233 21 131 189 475 2 11 211 240 12 116 213 432 4 53 261 373 13 94 281 486 1 8 294 314 13 52 303 517 4 42 314 401 1 8 339 357 8 73 344 480 15 86 389 661 1 1 418 421 11 74 454 616 4 36 480 560 6 59 507 676 11 83 516 724 4 45 578 694 7 60 591 735 6 144 593 876 5 33 643 722 1 6 653 670 12 75 669 848 4 57 726 839 4 56 766 853 2 14 783 818 7 78 784 934 1 8 798 819 4 28 865 973 9 68 959 1176 7 42 1127 1279 1 21 1169 1219 7 76 1188 1479 7 93 1208 1436 3 39 1209 1292 21 95 1213 1513 7 106 1247 1434 7 43 1253 1371 12 73 1255 1456 3 25 1307 1388 3 19 1350 1439 
44 8 57 15 159 8 88 109 325 15 140 126 386 12 99 204 499 3 75 209 358 20 118 321 624 8 72 368 541 6 51 406 537 13 99 436 733 7 51 480 593 3 28 515 577 1 5 570 580 6 86 625 892 4 20 657 723 15 132 698 977 1 3 712 722 1 7 753 794 7 47 775 929 11 101 800 1040 10 97 847 1047 12 76 890 1087 13 93 914 1136 7 94 915 1094 2 19 1010 1068 8 94 1035 1230 5 64 1135 1303 4 34 1137 1203 3 25 1152 1215 11 71 1199 1382 16 113 1200 1465 7 15 1208 1329 12 87 1221 1508 1 3 1243 1252 3 33 1258 1350 11 54 1288 1479 3 18 1294 1353 4 55 1332 1440 4 62 1385 1504 4 50 1385 1490 2 42 1389 1481 1 14 1424 1457 1 6 1493 1511 1 1 1508 1513 1 2 1514 1519 
43 10 37 37 272 13 101 124 383 8 115 273 515 8 102 274 448 7 53 304 434 1 6 307 339 7 124 384 612 9 78 433 670 8 63 453 599 5 63 495 645 8 36 624 759 8 92 676 882 4 28 739 818 10 51 781 959 6 41 793 899 4 63 800 901 9 58 833 1000 1 4 843 855 10 83 899 1060 17 120 908 1199 6 98 939 1111 5 47 954 1065 15 82 979 1259 9 87 996 1208 8 45 1063 1192 4 34 1065 1170 14 106 1069 1359 7 77 1075 1208 13 137 1075 1376 11 92 1099 1384 9 81 1122 1293 9 65 1138 1338 4 30 1199 1286 2 12 1207 1253 6 37 1212 1308 4 32 1226 1308 6 64 1289 1474 1 14 1293 1327 2 20 1361 1434 6 47 1395 1491 1 6 1481 1495 1 5 1494 1510 1 2 1511 1516 
43 5 36 15 143 3 18 40 115 12 89 48 221 6 49 82 212 1 23 137 186 7 67 202 343 6 56 234 399 5 59 287 409 10 83 360 559 13 69 381 597 12 141 385 688 13 107 426 707 2 19 461 514 5 71 474 677 9 47 501 636 8 75 515 720 6 54 577 702 7 77 593 757 5 68 652 833 3 32 744 808 14 121 753 1028 1 7 792 813 4 37 819 934 13 86 861 1062 12 77 883 1108 5 42 903 1023 1 8 921 946 7 70 934 1078 8 107 1044 1266 4 42 1067 1163 1 2 1080 1085 11 155 1085 1330 8 50 1149 1330 14 119 1156 1429 13 73 1222 1450 6 24 1232 1373 12 59 1284 1487 8 66 1304 1460 3 54 1304 1440 6 19 1312 1436 5 45 1338 1465 1 6 1411 1426 1 1 1510 1516 
56 10 103 51 301 7 51 66 179 6 55 70 245 10 122 169 374 21 68 170 457 2 27 179 242 11 88 228 472 5 112 238 465 3 32 272 341 1 1 280 285 2 26 316 374 5 49 332 448 2 20 338 390 9 107 445 658 5 25 491 595 2 26 514 576 4 37 531 620 10 130 579 860 11 67 605 811 1 21 617 661 1 14 671 707 4 26 676 764 1 32 689 741 1 9 713 744 7 64 715 858 12 84 727 925 3 62 855 948 3 33 870 965 7 57 878 1038 6 33 920 1058 6 60 936 1086 11 92 979 1268 5 53 1073 1200 6 44 1084 1286 6 74 1098 1242 9 55 1112 1305 6 85 1163 1344 13 84 1190 1446 9 82 1240 1461 3 31 1240 1325 5 52 1284 1381 1 9 1302 1325 4 39 1306 1396 7 49 1316 1443 6 45 1321 1457 5 62 1324 1447 2 21 1352 1398 1 8 1353 1372 4 37 1400 1489 3 19 1414 1477 6 34 1415 1500 2 7 1418 1458 2 24 1447 1498 1 3 1511 1519 1 1 1512 1518 1 2 1512 1519 
