15 152
10 1 1 316 319 14 25 480 543 71 128 579 864 54 144 934 1204 34 79 964 1158 14 22 1021 1067 29 51 1165 1292 57 115 1210 1462 3 7 1406 1421 5 6 1406 1441 
13 13 51 58 173 4 6 259 277 2 7 507 524 48 48 782 939 61 100 1048 1294 45 107 1136 1383 29 126 1150 1374 34 68 1189 1429 10 10 1272 1315 19 19 1277 1333 6 18 1393 1435 15 21 1395 1446 1 2 1446 1454 
8 3 8 254 273 61 120 409 668 8 18 539 571 26 60 789 944 78 140 822 1098 18 44 836 927 42 99 1018 1307 47 82 1196 1418 
11 17 56 90 221 20 35 119 214 15 19 176 277 42 109 337 594 50 57 376 588 43 52 396 576 6 13 410 445 32 55 422 567 8 34 721 788 22 56 809 933 27 63 826 1040 
13 28 144 203 443 19 110 226 489 26 41 269 421 13 19 320 378 3 10 563 586 45 119 578 828 43 118 609 852 16 46 652 777 16 42 728 815 12 18 1167 1208 39 69 1253 1409 2 12 1312 1332 5 16 1437 1466 
9 30 63 145 312 4 11 276 302 49 99 289 499 37 138 540 833 47 62 834 1007 15 26 842 913 66 108 842 1092 16 46 1268 1391 17 43 1304 1389 
10 3 9 110 129 27 49 136 242 36 55 364 513 12 23 567 621 68 97 680 933 4 10 792 812 42 117 879 1102 60 76 1061 1299 26 74 1147 1325 3 7 1188 1212 
9 25 39 170 337 42 102 356 556 18 50 609 717 35 52 661 889 39 116 887 1109 21 62 945 1105 29 67 1139 1331 62 70 1146 1325 13 24 1393 1437 
12 12 25 58 134 16 60 134 249 3 11 205 249 18 51 247 438 56 88 420 682 14 17 527 603 31 31 556 731 17 36 716 804 6 9 753 801 25 39 827 951 50 108 954 1187 25 51 1312 1425 
13 13 21 143 204 20 35 213 302 3 14 434 459 26 57 691 956 1 2 694 701 47 137 734 973 31 54 741 869 31 103 978 1152 21 46 1027 1164 16 32 1118 1182 47 86 1249 1459 19 54 1331 1450 18 51 1335 1448 
9 5 15 358 392 59 64 452 701 19 40 563 682 3 7 640 656 15 38 670 772 58 96 1012 1279 59 122 1067 1313 29 81 1266 1449 32 38 1315 1463 
8 51 72 17 304 9 56 51 188 5 10 216 243 79 79 769 1015 59 137 1078 1352 66 81 1182 1441 20 39 1278 1396 20 47 1329 1433 
9 39 66 90 273 27 62 216 327 26 41 347 435 48 54 538 758 19 27 698 785 40 58 813 980 22 41 821 969 36 81 894 1152 13 73 1048 1209 
11 26 57 51 196 14 22 70 117 22 104 97 345 31 43 140 231 55 55 231 491 9 12 238 271 59 144 613 873 7 13 675 710 32 53 777 925 26 100 810 1027 3 7 1419 1435 
7 48 100 36 299 52 84 230 430 71 88 644 883 25 56 820 950 11 79 1029 1218 28 45 1036 1200 35 37 1327 1473 
