15 151
10 10 14 0 33 98 99 91 333 13 15 346 379 84 84 671 876 64 115 835 1065 70 118 953 1265 55 96 1183 1391 22 24 1202 1257 82 130 1301 1595 14 18 1541 1600 
9 86 136 10 299 44 44 339 436 63 92 420 568 59 59 585 698 135 135 622 956 69 102 1007 1299 19 36 1449 1520 20 25 1473 1545 3 4 1566 1580 
10 15 19 184 235 142 142 450 770 33 46 590 687 36 38 741 828 133 144 967 1250 48 48 1146 1290 26 28 1165 1224 93 93 1462 1722 52 62 1580 1727 4 4 1684 1696 
8 66 132 223 490 108 108 353 622 94 94 633 857 85 85 750 942 40 59 1036 1187 26 32 1050 1130 118 118 1270 1522 3 3 1679 1687 
11 39 49 356 454 88 88 777 1029 63 63 934 1059 78 94 987 1183 134 134 997 1285 1 2 1059 1064 29 59 1294 1431 74 113 1431 1650 12 25 1659 1721 11 13 1669 1700 4 4 1700 1710 
13 2 3 0 10 6 6 423 439 37 69 581 707 7 9 775 800 64 64 845 1057 6 7 863 884 11 16 885 913 89 89 1060 1268 96 111 1236 1529 92 118 1320 1600 69 127 1406 1646 7 7 1685 1702 3 3 1716 1723 
8 95 105 243 498 119 119 315 573 33 33 347 453 44 52 599 716 3 3 677 684 116 116 805 1119 97 124 921 1214 36 38 1631 1727 
13 14 14 149 193 79 116 337 594 41 63 402 528 22 22 449 532 106 106 494 745 33 82 643 909 26 55 1259 1374 74 74 1297 1497 37 148 1343 1562 19 20 1483 1547 6 6 1573 1590 11 23 1616 1664 15 16 1639 1685 
12 17 19 43 91 64 64 95 362 22 22 231 301 86 95 375 596 43 52 880 1040 46 46 1010 1128 25 46 1028 1099 90 149 1038 1365 30 38 1275 1376 76 82 1360 1609 25 25 1645 1710 4 4 1676 1687 
8 1 2 96 100 118 164 412 733 107 138 447 757 52 110 581 802 108 110 688 942 64 66 822 985 57 70 1033 1214 50 63 1593 1720 
12 17 20 78 130 68 68 188 390 40 42 770 855 7 10 788 807 85 108 902 1152 23 28 948 1013 70 70 1039 1218 16 18 1253 1313 38 64 1263 1385 70 144 1342 1677 32 32 1465 1580 53 78 1544 1676 
9 49 95 250 413 19 19 331 371 92 105 567 827 21 32 610 685 87 87 684 902 83 191 759 1080 28 28 1057 1134 102 105 1179 1424 21 32 1664 1729 
8 36 70 176 345 58 58 306 471 106 127 377 654 95 95 533 820 19 19 814 872 23 35 912 1009 63 64 975 1142 113 135 1296 1529 
11 16 18 269 314 53 65 306 450 94 94 317 625 13 14 616 649 12 14 624 657 106 191 807 1149 73 112 848 1133 32 51 1159 1267 25 33 1351 1417 78 90 1483 1690 1 1 1719 1722 
9 69 70 15 169 81 81 86 282 80 88 195 435 26 26 330 381 72 95 348 533 18 35 885 963 59 59 1425 1571 72 72 1569 1724 10 21 1581 1626 
