10 178
15 35 84 273 463 49 68 328 489 1 3 417 426 34 38 501 694 25 71 515 664 54 77 605 868 73 108 742 1053 21 39 920 1032 33 95 1026 1278 38 145 1067 1278 22 40 1113 1244 56 120 1134 1376 27 110 1229 1448 41 64 1286 1453 14 22 1520 1578 
13 69 133 70 355 5 12 202 239 48 84 295 472 6 10 339 368 52 81 396 622 32 32 667 832 43 106 784 997 42 89 864 1165 72 72 1009 1252 1 1 1015 1019 44 84 1024 1248 41 70 1262 1486 52 111 1306 1571 
17 29 52 118 266 39 61 148 319 94 112 364 687 41 123 663 891 7 12 755 791 32 80 760 927 42 92 775 1067 41 99 830 1072 40 120 833 1116 22 56 1034 1224 27 72 1081 1240 22 49 1245 1383 37 114 1354 1546 15 32 1416 1492 15 45 1469 1540 16 49 1532 1625 3 6 1557 1574 
21 44 74 20 328 4 8 33 57 62 73 94 350 26 39 141 274 54 134 159 432 9 15 238 306 45 91 272 484 1 2 570 576 37 97 613 864 4 31 744 809 28 30 747 873 12 14 748 788 11 57 855 968 30 77 859 1066 6 25 926 983 26 63 977 1125 18 39 1089 1182 4 10 1164 1186 65 86 1325 1570 16 74 1421 1609 4 7 1559 1575 
21 36 76 31 233 88 88 164 448 19 32 238 307 20 165 254 511 1 2 257 265 12 30 287 363 20 34 329 415 26 54 511 649 38 106 855 1102 57 107 907 1158 48 122 948 1208 31 118 1019 1317 8 18 1110 1160 9 17 1250 1287 2 4 1321 1330 63 63 1348 1572 12 45 1421 1565 18 57 1465 1594 18 85 1480 1628 7 29 1559 1630 2 3 1626 1636 
16 53 53 88 364 76 81 141 442 23 76 198 362 3 9 306 324 10 37 325 409 34 44 573 739 41 83 580 782 38 52 957 1140 67 108 1007 1307 55 97 1106 1413 7 10 1108 1141 66 95 1312 1576 8 17 1322 1381 9 14 1500 1539 9 27 1504 1552 13 39 1559 1629 
23 45 86 71 247 41 127 130 444 1 1 282 285 67 131 288 578 3 6 310 329 2 5 492 505 21 68 573 710 13 35 693 783 25 82 767 921 40 115 775 1061 38 107 836 1040 14 31 890 954 53 111 1010 1297 19 61 1031 1137 44 61 1121 1374 5 8 1189 1214 43 61 1365 1571 14 22 1384 1448 13 28 1488 1556 7 22 1494 1555 15 42 1543 1622 4 11 1589 1624 4 12 1596 1620 
13 11 32 79 160 59 101 132 396 26 87 189 451 24 70 193 352 43 43 441 616 76 87 703 1019 50 109 780 1060 38 58 1072 1204 54 133 1087 1369 52 74 1198 1416 20 37 1200 1304 27 74 1266 1422 23 29 1437 1559 
18 22 47 42 158 42 92 77 296 60 115 125 420 60 95 137 427 6 21 194 230 26 51 605 712 10 12 877 925 24 56 988 1121 23 67 1015 1178 46 78 1047 1316 7 7 1076 1106 9 23 1076 1118 30 46 1105 1263 74 120 1110 1421 31 71 1340 1538 43 65 1368 1594 37 56 1484 1606 2 3 1541 1554 
21 38 127 42 330 56 99 51 325 55 84 142 340 28 28 242 331 14 37 426 490 35 94 447 610 63 70 474 685 3 14 591 624 14 19 676 746 69 110 691 944 66 127 782 1102 5 12 1000 1041 15 39 1002 1113 17 34 1052 1129 2 4 1213 1230 30 52 1283 1423 13 26 1288 1353 9 38 1376 1447 5 6 1545 1569 3 5 1572 1586 1 4 1575 1587 
