15 60
3 31 31 474 565 89 89 919 1129 33 50 1117 1233 
4 67 82 113 357 13 13 207 247 39 48 703 822 14 14 928 960 
3 58 58 112 240 31 42 479 559 97 97 567 777 
3 21 26 60 141 84 115 325 499 51 51 953 1054 
6 31 62 212 346 14 21 286 353 38 97 796 980 79 88 905 1132 37 66 1051 1182 3 3 1110 1117 
4 71 71 172 390 15 148 277 525 11 11 575 605 50 60 635 767 
4 17 17 426 467 81 81 543 751 77 77 1046 1198 2 4 1189 1198 
4 17 17 255 307 10 10 273 300 104 110 742 945 6 14 1098 1128 
3 112 112 352 591 52 52 719 884 20 20 1173 1232 
3 82 82 239 411 114 114 933 1135 10 13 1175 1209 
4 22 22 602 667 9 13 740 772 27 27 974 1039 73 73 997 1143 
5 66 69 452 594 26 34 748 837 18 35 810 901 18 20 1106 1161 12 19 1117 1179 
4 60 99 521 738 59 59 745 912 32 32 828 942 12 12 1192 1221 
3 73 73 572 741 38 69 751 879 72 72 824 1059 
7 33 36 5 87 22 28 366 442 7 7 454 474 38 46 619 784 24 30 658 723 9 15 1105 1135 9 9 1106 1130 
