10 52
5 9 10 342 388 44 44 480 717 48 48 508 736 33 33 952 1072 3 4 1251 1267 
6 44 44 86 303 31 63 261 451 22 55 387 543 14 14 534 592 23 49 750 921 1 1 1209 1214 
6 4 8 307 346 23 31 530 689 19 19 910 1010 33 63 939 1135 52 52 1025 1253 2 2 1099 1106 
5 18 18 95 162 39 62 257 506 35 55 336 485 25 41 886 1003 39 39 1075 1228 
5 25 26 56 146 40 72 323 513 69 69 545 767 23 29 1144 1246 8 13 1216 1250 
4 26 26 262 390 28 56 285 517 20 29 408 517 52 76 707 912 
6 48 79 72 327 14 26 467 572 23 47 740 990 39 63 776 970 21 29 1007 1132 4 5 1245 1267 
4 28 28 9 147 43 58 337 514 32 78 399 595 42 60 730 902 
5 35 42 52 255 30 44 253 426 34 64 369 620 15 19 445 517 12 12 508 549 
6 43 70 90 309 20 35 549 695 40 40 765 917 12 12 881 932 30 46 964 1132 15 32 1118 1223 
