15 72
6 26 80 138 299 44 70 162 367 69 138 226 489 12 37 322 420 4 6 1386 1404 10 20 1398 1460 
5 52 146 306 591 36 73 855 1004 25 43 881 1014 17 26 1137 1196 8 21 1217 1263 
3 9 21 20 70 75 88 64 346 55 71 1036 1289 
5 9 12 226 271 27 43 414 535 55 62 704 959 36 59 743 964 13 13 743 824 
3 43 87 113 305 1 2 752 759 88 125 951 1215 
4 58 126 42 296 50 97 1139 1341 21 37 1173 1274 1 2 1414 1419 
6 30 49 179 345 32 48 267 394 6 19 691 753 39 52 725 899 14 49 944 1053 32 48 1275 1449 
5 37 58 774 918 27 57 1202 1347 24 45 1248 1407 46 102 1257 1454 2 6 1450 1461 
4 15 26 307 397 28 45 347 465 36 124 686 951 57 138 1014 1287 
7 19 56 507 623 2 9 694 713 22 32 754 851 23 39 787 900 27 109 839 1114 35 69 1184 1448 9 26 1264 1353 
4 51 52 30 210 33 66 810 968 103 117 965 1257 9 30 966 1041 
2 64 91 237 496 92 92 465 700 
6 19 44 176 278 16 49 656 846 56 125 775 1041 30 96 829 1013 19 21 1094 1171 36 99 1155 1418 
5 40 68 108 270 31 31 129 296 30 64 324 582 13 31 693 760 24 40 1080 1165 
7 22 52 150 279 43 90 344 580 30 60 420 539 4 18 1105 1137 35 93 1245 1459 8 22 1360 1403 1 4 1421 1430 
