10 47
3 38 105 141 308 49 96 499 751 50 97 869 1089 
5 28 52 59 167 10 19 143 202 25 34 182 317 52 79 898 1116 6 11 1216 1257 
4 22 64 598 800 35 85 639 813 26 70 715 857 29 65 719 879 
5 17 31 815 944 25 28 934 1021 29 47 971 1088 50 81 1045 1242 33 55 1067 1222 
7 1 3 6 13 30 95 63 243 18 34 183 276 25 58 617 772 33 56 719 878 1 3 784 798 5 14 1124 1153 
4 21 52 362 466 4 4 678 696 25 92 893 1103 60 75 1027 1260 
2 53 121 376 624 65 74 924 1160 
5 3 5 383 402 62 105 560 811 14 31 647 730 43 94 654 831 19 45 803 914 
4 36 84 150 350 15 48 208 297 45 120 369 561 22 23 820 921 
8 7 16 74 102 18 38 153 242 26 62 605 736 54 120 616 871 35 61 731 869 1 1 773 776 1 1 802 807 2 3 1243 1252 
