15 109
9 42 53 200 329 19 40 495 571 56 57 630 816 55 64 631 792 53 63 698 856 22 27 711 770 22 29 904 971 47 47 982 1101 11 11 1048 1073 
7 38 41 192 332 107 123 581 886 46 50 619 714 30 30 788 861 21 21 1297 1336 42 42 1493 1595 29 29 1517 1584 
5 54 55 88 252 39 54 335 492 13 15 379 414 109 136 764 1032 119 131 1053 1323 
9 2 2 241 246 70 116 310 583 81 88 363 547 69 69 549 733 72 80 1181 1362 16 16 1196 1236 3 3 1483 1493 20 22 1492 1536 3 4 1552 1562 
11 124 124 18 265 8 8 285 305 47 92 293 532 10 17 413 481 9 15 462 495 13 16 556 606 14 24 611 681 81 98 685 857 18 24 841 909 5 5 1035 1049 19 29 1161 1302 
5 67 106 333 587 88 88 897 1124 76 96 1175 1403 110 110 1320 1538 1 2 1579 1589 
6 20 20 11 60 154 154 69 350 63 63 99 245 27 31 322 403 75 75 1082 1275 44 49 1418 1528 
11 65 70 93 225 11 17 155 189 3 3 460 468 22 45 662 740 120 139 664 949 2 3 696 704 38 43 759 901 125 125 966 1264 13 13 1307 1348 12 12 1313 1352 17 17 1403 1441 
8 103 103 163 454 106 130 227 534 6 7 386 414 64 103 1119 1348 13 13 1125 1150 26 43 1151 1261 24 137 1267 1585 1 1 1512 1515 
5 103 116 292 561 116 129 293 535 41 59 758 877 83 121 761 1023 8 8 1322 1346 
8 42 78 194 470 43 53 1099 1292 46 70 1153 1406 83 83 1248 1483 46 82 1306 1502 25 25 1334 1420 7 10 1370 1396 24 24 1451 1514 
5 89 89 219 438 126 131 298 603 31 46 522 610 58 65 798 1021 70 70 1311 1497 
9 79 100 312 556 31 40 537 622 15 15 690 734 21 21 755 811 65 123 873 1162 92 98 1000 1194 16 17 1231 1276 48 48 1466 1596 1 1 1479 1484 
3 101 101 526 740 103 110 625 881 118 118 996 1254 
8 74 155 252 537 3 3 711 720 79 108 804 1000 33 40 880 961 57 81 1040 1199 76 79 1086 1388 5 5 1227 1242 6 7 1329 1349 
