10 95
11 62 64 28 207 107 107 553 831 33 65 735 894 33 33 848 935 69 69 1237 1446 96 96 1273 1490 7 7 1297 1322 34 40 1388 1465 16 16 1430 1480 18 23 1431 1485 3 5 1440 1452 
7 120 120 205 480 91 126 447 664 61 61 660 831 48 79 688 824 101 101 974 1245 74 74 1356 1527 34 34 1430 1511 
8 42 50 152 258 71 71 230 412 50 86 486 667 65 88 621 918 2 3 836 852 27 47 862 943 203 203 1146 1452 1 1 1250 1255 
12 42 42 196 350 42 53 302 437 46 78 521 694 13 13 523 556 15 19 523 571 49 49 582 833 98 98 661 915 51 51 704 832 89 89 736 906 11 14 1130 1177 11 13 1171 1210 12 12 1400 1448 
11 8 42 48 163 8 29 544 600 30 33 563 680 72 72 784 938 148 148 901 1206 106 106 966 1239 23 23 985 1045 27 95 1004 1291 56 68 1042 1182 2 2 1059 1067 21 21 1438 1490 
9 76 124 85 351 57 65 155 344 21 40 181 273 111 126 390 660 52 90 695 962 37 37 783 866 54 54 860 983 64 106 973 1165 11 11 1502 1531 
10 27 34 92 176 72 201 162 447 70 70 199 352 117 117 722 1007 3 3 798 809 110 110 934 1206 9 9 949 975 60 74 1111 1242 9 12 1375 1402 4 4 1452 1464 
9 82 101 308 566 96 96 408 705 11 19 558 606 59 61 604 781 44 65 754 972 69 69 935 1236 70 79 1224 1461 7 7 1492 1517 4 11 1507 1530 
10 6 11 331 363 13 16 372 408 100 126 542 846 17 32 793 852 41 87 879 1027 58 58 922 1034 83 131 1011 1308 49 60 1036 1189 79 79 1064 1260 8 9 1445 1469 
8 98 98 69 306 39 48 69 172 72 126 533 783 50 50 560 673 76 76 880 1042 46 46 889 1008 21 21 1121 1172 76 88 1177 1453 
