15 167
9 40 46 104 303 45 77 507 742 52 66 623 875 83 83 708 972 9 9 764 818 42 42 805 983 1 2 901 912 22 22 1127 1268 10 10 1130 1175 
8 55 55 62 267 26 30 109 254 39 63 220 394 28 28 328 456 58 62 680 904 31 55 900 1162 24 29 902 1027 30 45 1017 1169 
11 35 36 14 138 58 58 89 314 19 19 285 357 6 9 480 518 40 52 640 811 27 39 710 859 48 55 778 996 3 5 779 794 44 50 986 1212 1 1 1250 1254 1 1 1309 1318 
12 27 31 114 234 13 13 132 213 35 42 343 475 50 61 391 612 16 27 481 612 25 38 573 746 41 41 688 843 5 5 863 884 59 59 908 1133 3 6 1130 1157 6 9 1234 1276 10 23 1277 1350 
11 34 66 237 426 23 30 249 483 19 61 339 531 50 52 398 636 43 62 587 816 13 26 609 695 14 28 716 797 14 17 872 943 4 5 954 981 51 61 1102 1320 23 41 1103 1299 
15 10 42 97 270 55 65 112 372 13 33 123 238 35 35 129 283 50 73 174 434 30 38 191 292 38 77 339 550 3 6 411 438 36 84 754 995 17 20 803 888 5 31 895 998 13 24 981 1079 7 11 1192 1237 6 8 1313 1351 2 5 1331 1347 
13 29 30 67 166 36 84 136 367 18 18 149 222 35 71 456 666 8 12 504 554 29 29 580 699 38 52 795 950 22 23 1026 1133 19 37 1037 1163 7 10 1061 1101 11 11 1079 1129 35 37 1184 1301 5 6 1322 1344 
10 2 2 255 268 48 48 328 530 38 65 375 589 43 75 470 736 44 72 518 779 14 38 548 663 28 28 609 728 27 43 637 837 54 79 644 900 21 21 1186 1285 
12 23 26 150 264 11 18 236 295 42 42 247 491 6 9 411 450 3 5 615 639 53 53 821 1061 61 79 870 1122 32 52 879 1055 6 10 923 957 26 47 1132 1268 24 24 1166 1277 14 18 1237 1315 
10 65 65 593 855 30 64 639 812 2 5 707 728 25 47 722 954 63 79 781 1040 1 1 839 842 15 18 860 924 37 55 863 1056 54 54 913 1149 3 5 1304 1328 
10 8 19 244 311 35 57 271 538 31 74 635 863 5 7 734 772 12 14 885 945 58 58 923 1151 55 55 995 1223 49 67 1030 1261 17 18 1170 1257 38 49 1194 1345 
11 24 34 23 169 37 42 101 247 21 30 152 282 20 62 310 476 12 12 385 438 53 69 480 721 20 45 560 734 9 21 672 752 40 63 986 1182 48 75 1034 1268 1 1 1330 1333 
13 36 53 23 220 10 25 39 98 42 43 220 474 16 16 363 436 2 2 414 426 32 61 451 648 27 27 586 796 1 2 711 721 21 38 917 1077 13 29 934 1075 42 62 1092 1281 14 14 1155 1205 26 26 1167 1290 
9 27 45 162 311 43 47 192 423 29 38 447 651 57 57 698 892 29 44 985 1178 4 7 1013 1047 51 71 1035 1248 10 10 1154 1193 33 52 1165 1332 
13 18 23 44 132 24 45 250 396 29 29 270 366 36 36 301 430 49 73 605 830 25 46 697 843 6 9 871 910 19 48 939 1153 27 66 998 1216 29 33 1002 1150 18 21 1091 1172 18 22 1273 1353 4 6 1273 1293 
