10 472
60 4 58 51 167 10 60 88 247 10 39 219 385 3 34 249 344 7 60 250 391 12 51 253 433 4 29 257 331 3 26 267 335 1 14 330 373 1 4 374 381 4 33 396 467 6 45 406 527 3 35 409 461 2 32 415 483 11 79 453 686 4 42 460 650 6 48 502 628 5 49 520 619 12 105 552 807 2 23 581 639 1 8 616 637 10 48 626 777 3 28 632 695 1 3 640 655 1 14 643 674 13 76 702 947 1 12 738 763 1 30 748 852 6 49 751 867 5 62 777 900 6 63 780 927 8 87 809 1082 3 27 819 889 5 27 840 930 1 18 877 927 1 6 880 906 9 61 883 1045 1 23 884 927 5 54 900 1052 5 55 900 1001 8 70 907 1066 2 32 915 976 10 99 937 1179 1 7 944 968 9 80 961 1152 6 43 988 1125 2 9 1025 1059 8 84 1087 1247 3 22 1142 1200 11 68 1145 1361 1 1 1206 1209 5 52 1214 1369 1 10 1235 1263 6 71 1248 1393 1 8 1261 1279 1 15 1281 1316 1 5 1303 1325 2 24 1320 1392 1 8 1328 1365 1 14 1341 1380 
43 5 54 20 158 5 31 26 103 3 47 34 124 11 70 51 242 8 49 164 313 1 6 233 251 17 114 260 481 15 74 289 528 5 43 341 501 5 49 359 467 16 89 371 633 8 58 391 604 11 61 413 620 1 22 452 493 3 27 461 518 6 64 490 621 5 42 510 611 9 95 566 780 4 48 609 732 4 80 624 785 4 25 721 825 13 94 765 966 6 62 830 989 9 80 860 1077 2 37 871 956 8 40 883 1038 4 31 891 993 15 71 910 1147 7 96 916 1117 8 68 960 1088 16 99 971 1200 8 46 985 1142 9 51 1040 1238 8 36 1078 1236 4 19 1145 1212 9 50 1149 1321 1 12 1224 1265 1 21 1250 1293 1 6 1274 1291 2 31 1282 1349 1 12 1290 1333 1 15 1322 1364 1 1 1389 1392 
42 1 10 11 37 8 59 12 178 7 101 25 245 8 106 111 327 16 56 161 398 4 42 188 373 12 81 191 454 9 48 234 367 1 4 240 252 4 42 249 338 9 67 264 450 5 41 353 456 17 89 391 652 9 94 422 665 14 89 424 636 9 81 437 704 7 85 467 598 4 70 524 705 1 3 540 548 4 26 548 607 1 2 558 567 5 48 605 719 12 119 650 899 13 74 668 944 4 34 725 851 5 63 758 864 10 76 764 975 6 40 783 922 6 85 783 973 8 58 786 943 2 11 793 836 11 88 905 1117 8 103 929 1169 1 3 942 952 10 45 958 1186 11 91 980 1240 3 42 1023 1132 2 30 1079 1160 2 16 1126 1166 5 43 1236 1328 1 12 1318 1355 1 1 1381 1384 
44 3 41 79 151 9 39 128 308 1 5 134 143 4 54 149 269 21 94 155 403 1 10 178 213 7 46 197 329 16 114 205 437 14 124 241 476 8 20 246 426 3 22 290 355 2 34 347 430 2 47 355 438 13 110 380 641 10 90 384 662 10 78 406 610 7 103 433 671 2 13 460 501 1 6 570 589 6 28 727 839 15 100 744 1022 6 72 788 979 14 62 893 1109 9 33 895 1030 14 108 912 1184 6 37 932 1038 5 33 941 1024 8 61 979 1139 5 57 1006 1143 6 53 1052 1174 5 47 1106 1221 9 113 1116 1337 2 19 1132 1169 9 85 1159 1350 3 21 1175 1240 2 54 1176 1336 11 63 1214 1371 2 31 1283 1349 1 22 1304 1349 4 16 1305 1368 1 4 1316 1337 1 2 1323 1329 2 32 1333 1382 1 7 1350 1385 
51 2 22 19 88 3 12 23 76 3 22 38 96 11 102 88 267 6 50 130 253 9 78 131 284 8 63 151 298 4 33 260 330 2 15 272 327 1 7 282 305 2 26 295 356 1 11 306 336 11 77 311 506 4 30 343 455 1 12 368 394 9 36 384 497 4 41 423 578 4 28 493 584 13 93 530 720 2 22 536 579 12 57 612 850 1 11 656 694 15 98 677 914 2 28 695 780 15 89 699 974 4 52 832 928 15 69 833 1036 2 20 864 917 12 134 865 1116 1 8 935 952 4 33 967 1045 4 99 972 1190 5 31 993 1112 5 53 1013 1131 5 28 1069 1183 4 31 1090 1156 1 22 1095 1136 12 76 1111 1375 6 70 1113 1309 13 81 1149 1343 11 83 1172 1360 7 46 1207 1331 4 21 1232 1313 4 39 1241 1320 1 1 1257 1262 5 15 1270 1353 1 4 1287 1308 1 3 1297 1309 2 24 1334 1391 1 6 1355 1377 1 2 1382 1388 
46 1 6 17 33 1 1 38 43 7 55 94 266 1 14 185 217 4 21 187 309 5 32 191 277 8 56 205 357 12 92 257 527 11 48 268 531 17 107 274 511 9 116 283 555 2 18 295 359 6 67 326 586 1 12 383 410 5 33 383 489 1 5 437 451 9 58 444 567 12 88 458 668 13 73 469 684 12 146 538 794 9 64 540 684 6 29 573 703 12 124 631 894 1 4 697 705 4 73 709 870 5 59 720 909 10 97 723 923 9 84 734 945 3 20 763 820 5 58 773 883 1 19 787 825 7 58 807 978 5 85 884 1121 4 36 889 994 6 49 922 1037 6 60 929 1171 11 86 1055 1269 6 57 1066 1210 12 56 1086 1261 3 54 1101 1219 6 59 1207 1354 2 10 1208 1248 3 38 1285 1357 1 13 1341 1371 1 8 1359 1379 1 4 1371 1386 
43 6 55 35 238 1 7 95 115 6 47 123 245 6 75 125 275 2 14 183 224 6 79 227 390 13 119 232 475 8 62 261 458 1 5 287 300 8 76 322 468 3 22 329 417 11 64 371 548 17 103 454 684 2 75 503 692 7 53 521 625 17 76 563 816 5 79 571 766 6 115 678 946 3 30 685 779 6 116 710 934 5 54 746 836 2 18 805 846 16 70 856 1100 3 25 859 935 9 58 860 1076 11 118 864 1121 4 62 984 1087 15 116 1043 1290 8 62 1050 1232 1 9 1060 1087 11 72 1071 1294 6 71 1073 1275 9 86 1078 1233 7 63 1142 1275 9 141 1148 1371 3 26 1151 1214 3 28 1156 1215 1 1 1183 1190 6 48 1187 1343 3 27 1239 1295 4 49 1259 1366 5 34 1289 1368 1 2 1367 1373 
44 9 41 8 129 8 71 16 177 2 35 100 188 12 79 141 362 1 11 149 175 5 83 170 425 6 70 186 319 7 54 197 352 10 54 284 489 13 92 312 543 14 96 361 586 7 66 421 583 7 38 435 603 9 78 440 653 9 80 450 680 4 27 450 558 6 34 512 610 8 53 515 713 8 105 550 747 8 63 583 719 6 34 592 688 11 65 598 791 1 18 608 689 6 43 638 778 14 137 646 919 9 68 662 821 2 13 668 713 5 41 729 831 2 21 893 950 10 40 894 1032 15 95 898 1150 6 55 913 1039 1 4 933 945 3 36 1022 1150 9 89 1076 1312 6 86 1102 1329 10 56 1166 1338 1 8 1212 1235 1 1 1212 1223 2 17 1220 1269 1 21 1277 1321 1 9 1312 1331 5 14 1312 1391 1 1 1339 1342 
50 1 11 26 52 11 96 68 305 2 12 98 148 5 64 111 216 8 91 115 389 13 103 128 334 12 102 148 399 1 7 167 179 8 49 189 331 1 3 197 204 4 125 217 450 4 35 230 331 1 24 255 305 4 35 272 368 1 8 289 309 2 20 295 357 8 59 317 471 2 15 334 366 10 87 371 580 3 61 389 492 1 28 399 461 3 15 443 491 8 62 449 632 6 43 451 560 9 141 547 823 4 27 686 758 1 16 690 723 17 77 734 963 6 38 817 918 5 50 882 1015 7 51 884 1024 12 112 889 1156 13 128 917 1161 17 72 940 1162 10 54 963 1180 1 1 998 1004 4 48 1011 1158 11 117 1026 1231 16 99 1041 1307 3 41 1189 1296 1 11 1201 1240 9 34 1223 1334 5 55 1224 1339 4 56 1250 1346 1 11 1265 1293 1 8 1306 1326 2 16 1306 1364 1 7 1353 1378 1 3 1375 1386 1 1 1389 1393 
49 10 122 5 256 7 53 11 128 2 18 68 131 1 18 100 172 2 17 122 187 2 20 140 187 1 2 146 153 1 5 171 185 12 139 247 471 3 23 262 326 5 49 262 366 7 39 314 438 10 37 320 496 4 37 322 416 8 52 340 456 4 47 401 508 4 44 422 515 3 37 464 534 8 57 561 718 12 85 574 771 8 55 628 765 8 69 681 841 13 91 711 923 12 56 721 965 5 67 729 857 4 30 750 817 6 47 762 875 6 56 831 975 1 9 835 862 7 84 861 1072 2 7 863 906 13 78 970 1238 13 122 988 1214 4 20 1005 1073 11 75 1012 1287 10 102 1013 1244 6 35 1018 1143 4 39 1089 1178 1 8 1106 1122 7 77 1113 1335 3 27 1183 1258 5 51 1239 1358 5 67 1259 1385 3 20 1266 1324 3 26 1299 1382 5 30 1305 1379 2 23 1331 1385 2 22 1334 1386 1 1 1386 1390 
