10 108
12 29 82 57 244 44 75 199 396 10 29 342 398 29 89 762 903 12 36 788 892 17 35 927 1005 26 60 977 1135 35 77 1150 1394 28 59 1179 1347 26 52 1212 1335 9 29 1339 1404 3 5 1363 1383 
11 6 16 118 156 14 23 171 236 1 5 246 259 43 80 324 476 21 27 339 416 30 32 646 776 12 12 780 837 29 59 922 1052 77 88 992 1232 30 123 1142 1374 15 31 1284 1366 
10 42 65 163 350 19 52 206 323 53 86 484 676 20 52 539 635 39 106 648 903 35 64 934 1121 18 18 1068 1155 3 5 1152 1174 33 54 1156 1365 9 13 1319 1359 
10 67 110 402 623 37 114 490 761 53 68 738 974 9 16 976 1028 4 9 1014 1037 25 47 1037 1162 27 43 1055 1174 5 6 1096 1115 6 6 1131 1164 35 71 1227 1413 
12 28 51 19 166 3 14 39 75 17 39 121 219 12 23 127 192 49 62 331 517 19 34 448 542 43 85 483 689 29 33 559 713 45 117 863 1097 23 30 1127 1232 1 2 1161 1166 1 5 1379 1390 
10 7 16 144 200 3 10 203 225 19 35 302 387 46 130 311 517 14 31 512 616 24 66 601 740 62 95 659 917 36 72 741 913 19 19 893 975 17 56 931 1049 
11 4 12 100 126 8 17 310 346 10 19 329 376 55 65 354 620 32 79 455 685 34 80 481 696 48 106 658 831 7 7 659 690 33 33 706 852 31 120 743 961 9 22 1239 1303 
11 33 67 68 230 7 21 92 137 41 66 112 311 48 78 222 461 14 19 233 282 22 50 247 345 35 59 631 741 23 64 1064 1210 24 72 1138 1306 4 9 1219 1244 5 11 1350 1375 
11 7 24 9 61 21 41 70 192 14 33 91 173 26 73 123 296 15 87 166 321 18 38 312 416 52 81 366 576 41 56 816 953 32 87 982 1178 19 68 986 1121 3 3 1354 1369 
10 26 47 58 203 15 49 384 469 15 26 708 833 37 88 736 964 17 19 876 963 52 64 967 1152 33 34 1085 1229 54 54 1125 1293 10 34 1290 1350 7 7 1358 1395 
