15 166
10 40 41 627 730 65 77 630 847 78 84 651 945 36 37 652 722 65 101 805 964 41 41 855 965 106 120 1034 1314 27 27 1039 1128 34 43 1173 1311 23 29 1260 1334 
9 99 143 274 487 68 126 461 720 53 53 469 570 32 65 481 678 61 97 518 768 28 28 610 692 68 71 617 830 88 145 675 967 21 21 1400 1463 
12 113 122 69 299 35 35 160 245 74 94 419 607 58 61 653 805 25 25 787 850 76 82 817 952 10 18 1000 1035 33 46 1214 1335 38 38 1369 1451 2 2 1397 1403 38 67 1444 1587 17 17 1524 1572 
11 78 78 92 289 7 7 196 218 16 17 613 659 51 51 638 766 70 70 776 906 86 114 801 993 101 101 898 1124 30 46 1285 1417 11 12 1423 1451 40 40 1426 1532 7 11 1578 1596 
13 24 58 228 499 34 34 244 313 6 13 293 316 68 68 306 432 33 43 327 419 1 1 383 388 2 6 581 594 50 50 617 749 84 84 645 823 116 135 766 1006 16 16 993 1028 40 45 1180 1347 22 22 1235 1298 
11 95 95 84 359 45 45 202 296 4 4 243 261 52 77 273 450 73 74 452 705 60 60 518 699 48 124 634 878 11 20 675 724 61 80 877 1054 14 27 1053 1119 33 41 1074 1162 
14 37 56 168 305 14 25 224 275 23 47 378 520 9 15 501 547 45 45 657 756 84 84 740 930 91 91 1100 1347 105 114 1279 1578 21 36 1466 1541 18 21 1484 1545 26 26 1485 1574 9 11 1532 1557 14 14 1552 1585 1 1 1583 1586 
10 25 51 49 177 56 94 98 364 25 37 401 481 58 67 484 648 85 143 869 1157 12 12 1126 1154 77 77 1290 1483 53 56 1346 1503 56 56 1430 1593 43 47 1475 1597 
10 61 61 368 527 5 6 515 531 8 9 521 548 128 128 606 911 20 36 1031 1110 45 60 1150 1274 101 130 1185 1491 80 111 1259 1514 34 67 1326 1440 9 15 1516 1549 
10 34 44 105 180 4 4 202 213 26 26 224 294 101 130 740 1056 27 37 759 841 80 83 981 1195 64 66 1057 1223 113 113 1165 1459 30 51 1294 1391 14 26 1483 1546 
13 61 95 85 258 47 84 161 331 22 22 181 234 19 23 755 807 20 28 967 1038 61 82 1244 1494 98 98 1277 1501 35 40 1351 1437 15 19 1444 1489 40 40 1448 1561 45 45 1476 1581 33 35 1503 1594 7 8 1562 1583 
12 59 59 5 127 107 107 328 580 84 84 380 606 87 87 395 581 4 15 422 453 37 37 495 636 11 16 870 908 24 24 933 1004 8 8 1286 1307 47 47 1326 1471 38 38 1352 1475 44 44 1484 1575 
7 96 103 219 446 50 50 598 720 69 136 619 834 67 67 1157 1348 90 148 1173 1462 110 134 1277 1513 84 84 1290 1521 
12 59 88 171 435 29 30 266 342 47 78 411 609 34 51 761 852 124 124 857 1147 2 4 916 924 83 110 1145 1381 23 26 1218 1270 6 6 1273 1286 58 88 1378 1568 11 12 1469 1503 29 36 1515 1596 
12 16 16 64 119 108 108 130 386 30 43 403 527 9 9 775 804 108 108 872 1081 117 117 902 1184 44 73 972 1102 8 13 1086 1116 43 54 1195 1368 19 54 1219 1339 2 2 1386 1391 5 5 1584 1596 
