15 101
6 45 73 86 328 67 75 87 312 25 25 965 1066 44 46 1124 1378 5 5 1187 1220 1 1 1456 1461 
7 46 62 297 496 47 47 354 595 12 16 412 493 25 31 818 925 21 31 1090 1176 1 1 1450 1455 1 1 1460 1463 
5 12 25 337 442 35 35 360 510 35 45 425 611 38 71 671 929 48 76 1080 1318 
9 28 34 135 241 26 57 176 325 10 16 227 285 2 3 349 360 19 21 387 454 35 35 404 576 8 10 906 958 14 14 1007 1063 1 2 1433 1441 
6 15 23 560 675 22 22 717 797 49 49 721 959 46 74 1133 1399 26 32 1285 1410 10 10 1295 1350 
6 35 53 539 732 14 39 708 818 51 71 726 984 5 5 886 907 20 44 1079 1229 41 41 1096 1232 
4 37 37 244 388 6 8 667 696 56 66 1077 1318 65 65 1159 1449 
8 6 14 52 90 7 7 234 264 37 50 324 548 17 22 457 538 43 43 553 740 26 37 753 887 13 24 973 1046 34 48 989 1140 
8 18 20 343 434 24 24 422 514 30 34 490 625 17 21 493 585 31 43 512 647 17 29 977 1067 15 17 1061 1161 1 1 1410 1416 
5 16 27 160 291 15 22 1001 1078 69 69 1032 1300 45 45 1047 1264 38 38 1280 1430 
9 5 12 78 122 3 3 112 126 7 12 372 422 17 28 426 507 42 54 594 782 10 10 610 650 27 49 806 930 32 73 974 1218 7 11 1399 1439 
10 28 34 123 211 22 30 131 266 22 22 449 561 29 29 496 664 7 11 1064 1101 19 22 1257 1325 13 14 1292 1366 7 7 1317 1347 4 6 1347 1369 1 2 1432 1440 
8 46 48 222 511 8 8 445 476 46 59 506 742 40 63 839 1077 20 23 1185 1288 18 41 1299 1446 5 5 1314 1343 3 3 1419 1441 
5 23 24 165 259 30 33 350 476 54 54 738 1020 29 39 1102 1254 8 10 1296 1341 
5 44 54 191 412 1 1 759 762 47 75 1139 1347 9 16 1194 1246 46 49 1224 1452 
