15 240
17 57 124 52 238 14 34 159 248 21 50 224 307 21 98 234 449 22 60 459 604 45 129 797 1023 66 164 802 1136 13 20 965 1023 13 38 1117 1260 8 10 1124 1165 41 61 1149 1316 45 102 1230 1531 39 88 1412 1586 47 114 1527 1717 18 29 1613 1687 9 20 1679 1724 1 1 1723 1729 
19 51 139 133 423 64 116 140 466 4 7 261 279 9 18 448 495 10 21 449 527 60 146 473 753 4 9 655 677 10 23 701 767 17 26 768 877 10 29 977 1026 13 24 1025 1091 16 30 1062 1169 15 35 1083 1151 41 116 1090 1349 23 66 1188 1311 84 108 1334 1668 29 52 1598 1720 6 6 1652 1684 3 3 1654 1669 
19 4 13 37 64 46 55 304 473 25 48 349 448 16 29 351 422 52 89 383 611 85 156 399 702 8 14 490 535 48 48 602 779 8 19 665 707 3 5 744 765 14 24 923 996 21 31 1034 1171 14 56 1162 1255 17 34 1197 1301 57 100 1307 1606 31 61 1390 1563 6 10 1541 1570 23 58 1559 1674 1 2 1696 1703 
16 1 2 235 241 39 64 322 507 21 39 813 900 19 35 843 940 53 117 1008 1342 2 4 1050 1059 14 25 1073 1139 90 159 1115 1454 47 61 1171 1395 18 56 1228 1345 71 171 1242 1572 34 63 1254 1503 24 81 1301 1443 15 52 1514 1618 30 80 1524 1701 1 1 1722 1727 
16 45 114 14 283 4 11 278 306 49 112 327 539 17 17 355 416 75 102 393 691 45 92 478 754 46 93 639 899 54 145 691 1020 9 17 941 996 61 69 1188 1495 43 121 1360 1656 14 35 1382 1442 15 51 1502 1615 14 23 1611 1677 10 18 1677 1725 1 2 1692 1699 
14 59 112 17 358 58 161 100 415 52 66 179 483 48 117 312 595 44 105 440 723 16 40 503 594 9 19 555 594 11 42 607 705 56 138 830 1143 58 90 905 1116 19 54 953 1057 37 51 1384 1577 15 28 1612 1700 5 8 1631 1658 
13 81 144 3 345 46 110 11 243 15 23 145 206 39 103 232 420 19 55 380 480 51 128 413 700 23 41 523 668 25 53 599 721 63 63 615 813 42 102 1029 1222 73 117 1125 1391 9 9 1525 1563 19 39 1596 1693 
12 12 29 65 144 73 85 308 524 71 180 383 727 36 52 663 834 45 88 686 907 58 114 698 945 85 98 725 1040 32 101 778 1094 51 96 1012 1282 1 2 1249 1256 10 36 1443 1526 15 24 1594 1670 
12 42 95 42 293 88 139 73 409 19 43 247 381 21 60 274 427 9 37 592 695 77 101 807 1141 38 87 846 1074 42 56 886 1035 31 63 948 1086 45 88 975 1212 40 121 1205 1483 22 126 1327 1637 
14 5 7 135 159 75 115 440 730 41 104 548 811 48 73 730 965 75 113 916 1223 29 97 954 1159 11 19 1208 1288 25 57 1213 1392 25 39 1280 1412 48 95 1384 1592 10 20 1445 1498 31 120 1468 1696 15 31 1482 1565 28 59 1509 1635 
15 37 53 91 277 10 39 321 398 23 61 364 475 45 79 623 833 84 92 632 898 83 83 786 1100 40 112 883 1122 57 147 1015 1338 1 2 1220 1225 21 50 1247 1389 28 54 1427 1567 60 108 1447 1695 7 10 1651 1683 3 4 1701 1718 1 1 1723 1727 
15 45 45 385 581 1 5 459 471 45 77 491 689 39 84 654 871 14 24 656 720 32 57 713 879 75 108 753 1008 18 35 767 835 42 93 1146 1327 33 45 1223 1395 84 84 1236 1497 26 48 1486 1619 12 21 1588 1642 12 43 1594 1675 6 10 1698 1726 
19 64 141 234 534 21 47 313 417 24 109 320 500 61 95 669 971 22 52 750 861 11 46 778 856 5 14 782 824 25 58 895 1031 29 45 922 1054 10 10 924 956 43 112 935 1165 13 16 968 1024 68 68 1032 1281 32 71 1060 1211 49 104 1256 1525 20 43 1324 1409 1 1 1502 1506 1 1 1661 1666 2 5 1692 1705 
21 4 7 66 89 8 12 86 126 34 151 134 435 36 88 163 378 31 31 236 359 63 143 252 565 1 1 276 279 12 45 657 748 13 40 693 768 11 22 693 768 45 102 847 1140 11 31 885 959 30 94 1000 1168 63 116 1065 1331 30 102 1147 1406 6 12 1256 1290 22 67 1363 1562 55 132 1365 1698 39 39 1532 1656 3 4 1642 1660 3 12 1683 1709 
18 12 31 70 155 1 2 127 136 22 54 138 293 73 73 191 455 55 133 276 555 17 42 287 394 39 101 459 625 10 20 544 600 23 46 651 760 34 91 1025 1282 6 6 1029 1051 19 51 1144 1295 22 50 1194 1329 47 72 1387 1577 58 93 1418 1613 32 61 1434 1567 2 4 1651 1664 1 4 1671 1680 
