10 118
12 37 37 12 190 73 77 230 494 58 58 240 516 11 11 646 719 4 9 767 799 6 9 998 1041 34 45 1083 1234 19 26 1109 1233 31 35 1188 1342 12 20 1258 1333 13 13 1324 1383 4 5 1420 1438 
10 45 60 429 689 79 79 432 721 27 37 572 675 62 62 762 1054 58 68 764 1017 6 8 945 977 4 5 1083 1097 20 28 1132 1232 2 3 1343 1357 7 9 1354 1391 
11 50 51 67 249 20 46 101 250 61 64 102 348 27 32 179 318 7 12 468 511 28 42 712 890 37 69 896 1145 21 21 983 1109 22 44 1217 1425 28 37 1227 1369 4 4 1425 1442 
10 59 59 88 267 15 15 144 215 23 37 491 638 1 1 741 745 62 62 787 1042 32 32 801 1043 32 38 924 1050 19 23 1093 1174 58 62 1214 1430 1 2 1451 1460 
9 19 28 3 102 41 70 235 442 2 2 370 379 54 54 403 632 19 19 516 594 5 15 523 567 68 68 543 798 35 46 581 731 57 114 729 1020 
13 58 58 292 567 28 41 312 455 4 8 324 355 11 17 436 501 1 1 458 461 20 29 498 631 39 45 601 754 48 48 809 1009 39 40 1100 1306 12 17 1173 1238 30 34 1221 1426 1 1 1338 1345 3 3 1442 1453 
15 2 3 101 113 19 19 137 200 19 61 259 488 33 78 326 578 4 5 337 357 1 8 448 490 30 68 616 808 42 61 898 1099 29 47 962 1135 22 22 999 1090 52 52 1049 1270 1 1 1107 1110 5 5 1141 1160 33 34 1282 1450 7 16 1323 1384 
17 17 23 1 103 8 8 232 269 73 82 365 637 29 40 596 806 5 5 616 651 18 20 1000 1087 35 35 1018 1157 13 18 1087 1160 9 12 1119 1169 4 6 1196 1222 25 31 1206 1333 37 53 1219 1395 13 25 1303 1384 7 19 1377 1433 11 11 1395 1441 7 10 1406 1446 3 3 1447 1462 
10 45 72 172 420 17 17 201 288 38 38 272 448 55 68 398 629 16 19 535 626 57 70 572 846 32 58 594 776 34 47 671 823 3 3 916 928 14 14 1126 1175 
11 35 35 50 251 39 39 87 267 30 50 175 333 42 42 269 453 9 17 367 426 37 37 534 713 29 30 763 879 19 19 1042 1111 26 48 1081 1261 32 32 1091 1198 3 6 1365 1403 
