15 98
6 15 16 258 351 11 16 533 614 47 47 861 1103 74 74 914 1182 16 16 928 1010 1 1 983 990 
9 31 32 60 301 51 70 64 249 38 38 257 499 14 20 759 839 18 24 793 880 7 14 860 902 6 7 1187 1215 5 11 1232 1283 2 3 1278 1289 
7 8 13 130 180 8 13 349 401 34 63 481 695 32 36 1018 1173 21 34 1118 1238 46 82 1121 1381 2 3 1299 1312 
5 18 20 95 191 25 32 520 653 28 43 805 955 59 59 817 1058 14 26 1201 1317 
7 15 15 335 391 37 57 368 537 28 32 541 675 12 26 652 762 28 44 793 1020 35 46 892 1090 3 8 1330 1365 
5 51 51 307 523 40 62 769 1025 36 50 813 982 32 41 1195 1370 5 13 1307 1357 
5 41 41 877 1084 47 55 877 1081 20 25 1176 1268 44 44 1216 1392 1 1 1375 1381 
7 20 20 315 422 19 20 411 508 19 19 566 689 17 25 808 895 28 28 949 1110 12 15 1153 1201 24 24 1269 1366 
9 14 44 211 368 9 9 220 258 14 16 251 313 18 18 598 655 40 49 742 923 15 27 852 974 28 30 890 996 4 8 932 975 7 14 1350 1392 
8 3 3 292 308 3 3 492 505 9 34 782 887 46 57 846 1058 18 27 939 1044 49 65 1162 1362 3 3 1240 1254 10 11 1343 1386 
7 31 36 26 179 15 16 189 268 30 30 292 393 19 23 716 805 14 17 1023 1115 17 27 1097 1228 20 40 1199 1341 
5 21 32 126 246 10 10 317 372 62 62 404 666 65 67 412 686 40 57 575 767 
5 51 59 650 871 38 76 708 903 46 74 727 986 13 16 1259 1328 1 1 1378 1382 
7 9 9 119 169 40 40 575 760 41 53 660 824 1 1 828 834 42 83 922 1163 1 3 1114 1128 10 12 1245 1297 
6 39 45 46 300 49 60 146 418 3 4 180 195 49 49 488 670 23 55 1054 1187 9 9 1341 1379 
