15 265
19 19 27 217 326 41 52 344 511 38 82 383 672 20 52 393 571 12 16 503 562 4 8 537 563 30 37 688 866 57 81 711 991 58 58 804 995 2 2 864 874 46 46 940 1134 2 3 977 993 67 67 997 1283 8 26 1050 1151 33 33 1098 1251 7 10 1118 1152 2 5 1210 1233 15 15 1290 1356 16 17 1346 1434 
16 4 4 35 53 48 48 103 346 45 70 329 591 3 3 336 350 21 64 367 618 29 36 394 543 20 22 514 612 50 77 599 879 21 31 638 850 77 77 687 943 44 63 706 946 41 67 712 972 10 14 829 898 25 25 1321 1430 10 21 1354 1419 8 13 1393 1449 
20 11 11 9 57 55 55 148 347 20 20 290 397 13 22 320 452 1 1 477 481 65 65 539 817 16 28 565 664 48 57 876 1053 38 38 877 1027 18 33 946 1053 8 8 1006 1030 54 54 1072 1277 52 84 1184 1431 23 53 1225 1379 34 51 1236 1431 1 1 1329 1336 17 17 1372 1444 7 10 1405 1444 1 4 1428 1442 4 4 1431 1448 
16 60 60 62 295 33 33 128 263 11 11 306 364 33 74 348 579 60 60 441 702 4 10 548 580 47 50 728 955 6 11 739 795 15 19 855 916 62 79 992 1284 34 34 1038 1200 24 30 1147 1273 40 43 1220 1384 16 18 1382 1462 9 9 1391 1438 3 3 1422 1437 
17 6 7 89 131 67 79 219 511 13 23 241 319 45 68 278 534 1 3 290 306 7 14 648 686 40 46 660 853 9 9 818 867 55 84 904 1177 30 73 1039 1311 55 62 1044 1287 58 79 1087 1360 12 12 1113 1161 43 62 1147 1372 2 2 1302 1310 9 14 1334 1383 6 6 1377 1406 
13 7 35 99 257 68 68 123 379 46 51 252 523 2 4 361 379 8 8 578 611 72 72 597 845 70 70 619 912 58 58 737 958 43 43 974 1162 49 51 1006 1205 69 69 1199 1462 5 9 1217 1252 10 38 1226 1345 
17 30 30 13 175 13 24 16 95 7 8 54 87 18 21 94 184 32 32 165 275 33 36 294 452 16 16 429 504 23 26 488 624 46 46 524 736 11 27 588 660 41 55 700 915 37 98 981 1254 56 56 1007 1271 59 59 1132 1383 14 102 1147 1434 1 1 1353 1358 16 16 1382 1438 
13 47 47 244 497 11 20 302 371 50 55 340 608 21 21 627 719 22 22 693 811 70 88 719 1005 15 16 803 869 3 4 823 848 66 66 885 1138 36 36 890 1077 19 39 911 1027 61 61 924 1157 38 60 1185 1460 
18 29 43 135 295 19 28 260 356 4 8 290 316 20 22 308 414 55 66 310 572 25 44 376 532 65 84 495 747 15 34 581 702 13 24 630 712 26 26 641 738 41 51 727 929 20 30 768 866 21 21 794 893 15 24 871 972 33 35 914 1070 57 57 1182 1452 4 6 1276 1300 2 2 1310 1325 
16 39 40 123 331 27 31 131 280 29 49 156 363 16 16 282 350 12 40 353 491 40 42 585 758 20 20 599 731 25 36 789 948 47 67 992 1231 52 56 1005 1286 38 68 1032 1232 18 22 1066 1191 33 46 1080 1222 23 25 1088 1168 24 27 1288 1378 10 10 1353 1391 
19 57 60 60 245 39 39 149 344 46 60 461 662 7 9 724 762 37 37 846 1071 14 17 971 1029 74 74 971 1264 46 46 1030 1182 6 11 1066 1104 13 24 1072 1154 15 34 1115 1201 21 31 1213 1329 38 38 1255 1415 1 1 1267 1272 6 7 1270 1316 28 33 1322 1459 6 6 1361 1386 7 12 1419 1458 1 2 1455 1464 
23 9 16 54 107 16 16 232 319 3 3 263 272 3 4 273 288 16 36 329 448 5 6 350 374 39 92 438 698 28 43 456 622 2 2 516 529 33 33 525 637 6 6 538 590 44 44 581 760 39 48 609 770 56 56 698 960 24 24 726 838 2 3 830 841 43 43 879 1024 40 48 888 1129 9 16 997 1048 10 21 1126 1186 1 1 1247 1250 9 9 1306 1344 13 13 1412 1459 
22 9 13 42 90 2 2 93 102 13 20 190 262 11 15 221 290 10 14 398 457 31 42 404 553 58 76 431 651 14 14 559 612 54 64 598 889 1 1 726 730 18 28 811 902 8 8 831 866 47 58 1029 1306 11 18 1035 1083 13 22 1157 1229 4 4 1160 1175 55 72 1224 1453 42 49 1235 1453 18 19 1318 1385 10 17 1355 1414 19 19 1372 1463 4 4 1422 1442 
19 35 38 21 170 21 28 42 141 40 50 76 276 9 26 179 252 61 84 235 507 16 28 330 418 39 39 352 490 2 3 597 610 19 31 668 774 14 23 746 817 6 11 775 808 46 62 991 1207 27 36 1003 1192 46 58 1006 1248 11 11 1146 1189 33 46 1165 1333 14 29 1179 1283 23 23 1267 1362 6 8 1400 1432 
17 45 45 41 206 47 49 252 463 20 51 266 415 15 22 294 355 18 31 327 434 8 18 587 639 46 57 607 827 36 36 723 903 66 66 769 1045 3 4 1096 1122 60 60 1181 1430 31 50 1193 1357 22 29 1310 1441 15 15 1321 1391 11 14 1372 1420 5 6 1427 1451 1 1 1456 1460 
