10 95
10 66 104 231 443 33 42 478 579 3 4 553 573 94 96 573 800 17 17 660 714 112 128 950 1203 40 60 1005 1180 58 58 1208 1387 24 24 1362 1441 10 17 1441 1481 
7 110 110 84 300 38 38 417 515 52 52 517 640 86 86 523 696 48 61 617 762 90 90 1065 1229 29 29 1399 1483 
8 100 100 101 308 17 23 296 352 62 90 344 554 124 144 799 1084 39 39 1119 1228 82 82 1187 1379 10 10 1316 1343 1 4 1496 1506 
9 34 34 124 245 86 86 716 900 80 100 828 1055 85 89 863 1062 24 24 869 923 40 40 1022 1133 66 66 1165 1291 12 15 1404 1445 24 25 1405 1468 
14 3 8 1 26 94 109 55 257 70 161 217 509 36 70 504 639 30 62 577 753 49 49 710 822 44 82 767 973 9 16 935 977 21 21 978 1039 6 10 1292 1318 8 8 1299 1316 73 73 1313 1503 10 33 1313 1378 5 5 1427 1444 
12 32 87 210 432 69 69 240 400 105 126 331 611 39 51 515 645 9 25 624 673 14 20 802 851 20 20 848 897 28 35 872 977 23 52 964 1082 91 101 1213 1485 28 30 1319 1380 1 2 1473 1477 
10 83 144 264 561 3 15 364 407 87 147 478 774 19 19 487 532 115 124 642 914 48 56 850 960 18 18 1179 1218 48 86 1203 1402 34 34 1395 1465 1 1 1499 1502 
9 79 79 64 230 108 108 277 532 57 65 410 546 4 4 500 514 19 19 719 764 62 62 946 1093 61 71 1068 1297 54 85 1194 1414 6 18 1404 1437 
6 3 4 300 310 28 59 368 575 116 141 931 1197 153 153 1050 1317 60 101 1053 1293 79 79 1135 1339 
10 39 41 101 217 43 84 380 531 63 67 456 603 31 33 641 726 88 88 659 820 31 31 1060 1124 78 98 1174 1349 56 56 1229 1351 17 30 1279 1340 5 14 1406 1448 
