10 65
8 55 74 2 155 58 93 312 561 34 35 360 447 2 2 459 466 13 18 796 862 87 92 834 1027 115 115 890 1149 8 8 1421 1440 
7 79 148 48 278 38 53 87 208 49 74 285 408 31 108 409 591 7 11 448 472 13 13 894 933 102 102 1105 1331 
5 18 32 223 292 109 109 446 686 93 119 900 1164 101 101 932 1119 33 80 1280 1455 
9 2 4 160 168 69 77 230 450 45 66 502 685 20 20 655 708 121 121 896 1168 28 52 1036 1175 7 7 1395 1414 14 14 1396 1433 2 4 1435 1446 
7 53 53 270 396 81 107 373 627 87 98 679 940 64 90 1201 1427 42 74 1202 1347 7 8 1298 1323 14 17 1404 1446 
5 123 139 16 298 58 75 129 284 103 127 316 592 37 37 364 453 50 50 576 679 
5 46 81 575 735 106 106 970 1231 89 91 1138 1381 69 69 1252 1446 1 2 1394 1399 
6 134 135 22 314 76 121 290 508 49 53 613 761 46 46 752 857 15 15 1118 1163 11 11 1347 1372 
6 96 96 190 433 58 123 546 837 67 141 908 1157 66 80 943 1143 38 38 1265 1368 1 1 1345 1348 
7 30 47 68 170 76 111 125 385 32 51 745 879 69 69 892 1037 78 118 1025 1289 15 21 1147 1185 1 2 1361 1367 
