10 109
12 68 98 166 367 65 75 610 772 32 42 676 767 28 31 695 758 31 31 739 815 3 4 801 813 17 17 1290 1329 52 77 1383 1555 81 81 1399 1600 48 53 1409 1597 46 48 1462 1591 37 37 1468 1557 
7 108 108 192 459 7 7 427 444 102 102 544 812 158 158 705 1018 3 4 960 971 95 95 1157 1376 65 65 1361 1526 
15 42 42 46 188 54 54 157 289 24 31 268 348 52 52 372 554 57 134 385 631 18 18 532 566 23 44 537 625 19 19 763 821 97 127 830 1103 66 86 881 1040 53 53 1364 1509 7 7 1392 1408 2 3 1533 1542 19 19 1541 1587 3 4 1591 1599 
8 78 78 598 779 78 125 602 897 32 32 738 826 59 68 948 1120 111 111 1106 1382 125 126 1242 1538 83 86 1324 1489 2 2 1596 1603 
11 43 43 180 284 75 94 206 428 21 32 452 530 91 95 595 824 30 30 859 924 1 1 875 879 91 101 897 1119 64 69 942 1167 62 96 996 1156 20 33 1021 1077 9 9 1567 1592 
11 128 128 174 482 39 42 195 320 47 47 320 421 30 38 661 753 58 58 860 1039 61 61 1014 1126 35 41 1179 1295 57 68 1204 1335 26 34 1467 1542 15 28 1551 1596 3 3 1554 1562 
9 55 64 40 196 73 103 129 316 96 127 229 519 57 58 320 442 61 108 690 926 123 123 913 1215 52 52 990 1133 21 21 1018 1057 1 2 1557 1563 
9 138 138 29 260 12 16 160 197 35 42 197 304 40 40 623 751 39 45 805 949 130 132 994 1267 21 26 1104 1159 110 110 1414 1592 12 14 1564 1597 
15 10 15 23 63 63 63 24 179 108 163 34 319 37 60 418 546 120 145 438 758 14 32 579 634 10 17 696 724 80 80 1037 1206 2 3 1109 1117 50 60 1157 1306 13 20 1228 1275 12 21 1322 1370 14 14 1509 1557 1 1 1514 1517 1 1 1602 1605 
12 77 77 130 294 78 78 373 531 31 31 388 464 19 23 437 500 4 4 467 480 45 94 503 750 41 41 791 895 59 116 878 1106 97 103 1137 1426 34 50 1214 1324 60 60 1320 1521 11 19 1542 1589 
