10 99
7 94 193 160 464 72 117 823 1059 146 146 882 1161 2 3 891 899 114 114 1028 1302 22 49 1416 1493 1 2 1504 1508 
9 34 48 213 324 31 65 535 681 125 136 543 826 7 12 544 577 132 132 1036 1321 54 99 1069 1249 30 30 1322 1378 6 6 1389 1406 6 6 1559 1580 
12 68 80 121 317 54 55 191 358 54 93 208 401 117 117 255 549 22 25 284 363 61 130 332 637 7 7 357 374 28 31 502 577 10 21 789 844 3 11 873 930 2 2 1564 1569 1 1 1578 1581 
13 74 74 453 583 33 33 516 586 11 26 598 680 57 57 605 791 33 34 868 980 32 46 971 1096 12 12 1109 1142 74 83 1252 1437 52 91 1264 1448 39 39 1438 1531 11 27 1478 1527 4 8 1487 1504 11 11 1497 1528 
9 77 77 98 398 85 95 127 390 78 78 145 355 60 64 216 372 16 17 288 326 60 60 512 643 10 37 872 953 4 8 1044 1069 38 44 1142 1276 
8 18 18 171 221 67 67 283 404 53 66 306 474 34 40 504 585 9 16 779 818 89 111 1008 1211 61 102 1238 1464 96 106 1271 1576 
16 5 19 49 78 40 42 158 277 58 63 186 315 4 6 204 220 61 61 241 390 93 113 477 723 29 32 560 630 26 26 613 661 60 114 671 929 14 21 708 752 3 3 762 769 17 34 1025 1090 22 29 1192 1252 30 61 1258 1379 16 16 1436 1494 6 7 1446 1475 
12 47 58 194 308 81 167 362 657 42 52 373 487 14 23 505 554 36 42 538 631 86 86 548 787 74 126 924 1194 19 21 957 1011 12 60 1083 1203 36 43 1198 1303 1 1 1241 1245 1 1 1581 1584 
6 58 58 143 314 84 84 355 562 124 164 568 873 68 105 993 1299 107 107 1337 1577 59 68 1382 1532 
7 90 99 45 253 72 113 274 577 78 78 390 609 12 12 517 555 145 145 928 1187 6 10 1057 1079 12 12 1409 1443 
