10 42
5 11 15 34 63 44 76 876 1034 86 90 1059 1288 8 8 1073 1092 7 8 1288 1313 
3 48 67 195 346 19 19 215 259 72 72 995 1167 
4 42 43 55 175 57 81 323 521 8 8 357 380 60 60 649 810 
3 73 73 260 409 54 77 903 1076 10 10 1249 1277 
6 55 70 560 726 31 50 859 975 15 15 867 915 12 12 873 909 8 8 1250 1275 15 19 1274 1320 
5 18 18 75 114 38 56 299 427 15 17 300 337 33 48 497 591 56 62 908 1067 
5 42 51 152 269 116 116 784 1048 21 47 932 1014 3 4 1238 1249 3 3 1301 1317 
2 122 132 497 750 23 24 872 961 
6 39 46 178 303 49 76 523 670 21 30 586 648 2 5 864 875 44 44 865 971 17 30 1163 1222 
3 51 115 34 252 4 5 323 340 105 105 702 955 
