10 56
6 100 100 165 458 93 162 194 443 98 98 574 866 58 125 812 1058 16 17 1310 1350 4 6 1415 1429 
6 93 107 193 464 84 107 361 634 24 24 444 500 81 81 645 842 67 67 1058 1279 4 4 1471 1481 
6 62 76 8 199 71 71 85 255 70 70 94 254 70 70 162 306 42 61 331 444 1 2 1472 1479 
6 52 52 282 439 36 36 531 641 56 56 752 883 69 69 974 1152 127 127 1055 1344 11 17 1373 1424 
3 116 116 191 437 56 74 388 534 141 141 421 664 
4 106 106 80 301 64 70 136 374 97 97 874 1167 43 83 1126 1272 
8 109 109 534 773 33 33 567 636 66 92 616 796 47 47 739 836 79 151 827 1101 27 35 953 1030 9 9 1288 1311 22 31 1299 1368 
5 120 142 34 302 73 129 99 374 82 106 547 817 46 46 719 859 10 15 1083 1118 
5 32 45 61 161 105 105 76 300 82 82 819 1039 66 80 1282 1450 11 19 1422 1455 
7 66 124 253 528 30 30 552 609 5 5 575 594 76 98 742 912 38 53 745 855 100 100 804 1087 1 1 1361 1365 
