10 169
15 32 49 40 172 26 49 77 169 45 104 85 298 3 6 157 170 67 134 199 484 44 116 326 547 41 88 391 557 13 36 416 480 36 50 483 615 6 15 588 620 39 45 1118 1327 16 28 1216 1321 31 57 1226 1361 52 99 1237 1521 22 53 1288 1421 
18 1 1 80 84 25 61 210 356 55 55 317 544 30 64 450 630 35 61 466 613 8 24 478 532 23 56 500 605 31 74 631 811 19 33 698 777 27 85 805 987 37 94 903 1096 9 18 954 997 34 108 1046 1321 39 64 1095 1348 25 70 1103 1244 33 52 1291 1406 6 12 1333 1371 21 59 1338 1531 
18 15 17 20 87 4 11 129 155 8 24 208 256 55 114 243 494 21 24 283 365 89 127 598 870 2 9 646 663 17 50 728 841 46 103 951 1173 15 37 1079 1153 10 38 1156 1234 40 60 1219 1415 61 61 1239 1469 18 57 1255 1384 4 8 1315 1340 6 12 1326 1380 35 37 1337 1477 3 3 1454 1470 
20 34 97 93 334 17 26 163 248 23 30 197 275 47 87 219 448 6 17 245 279 15 42 284 365 2 3 287 294 26 53 471 597 30 107 484 741 59 85 495 709 32 78 506 726 65 123 589 850 14 42 607 728 33 62 923 1129 19 39 1000 1091 8 53 1198 1375 12 18 1262 1304 20 42 1325 1426 25 54 1378 1492 8 13 1465 1514 
13 45 71 44 223 17 43 292 377 26 64 305 474 46 55 364 623 12 19 742 788 63 97 791 1085 73 103 853 1122 31 67 1001 1146 44 103 1045 1280 32 104 1157 1436 42 68 1296 1498 24 39 1329 1450 4 15 1430 1464 
17 1 1 135 139 21 52 196 303 30 70 286 439 1 1 322 325 21 74 333 472 31 44 575 714 25 43 580 716 37 62 723 857 46 138 803 1053 35 72 956 1100 6 16 1089 1128 47 110 1137 1345 25 57 1235 1368 67 156 1236 1524 39 39 1270 1401 21 36 1444 1531 5 18 1485 1517 
16 1 1 116 121 10 29 132 192 24 44 173 280 55 138 283 549 51 156 526 805 58 82 536 783 38 85 703 875 45 45 810 995 24 38 1035 1171 37 37 1078 1227 39 84 1152 1375 18 48 1211 1302 26 49 1271 1380 28 71 1305 1523 4 9 1341 1373 1 7 1351 1363 
17 1 4 53 60 20 42 195 283 29 84 239 451 38 71 373 549 7 13 390 432 52 111 407 655 9 36 441 544 36 91 582 788 43 84 588 850 3 12 688 714 32 56 728 877 85 99 1021 1321 70 70 1218 1516 41 41 1227 1367 7 41 1433 1508 2 8 1467 1484 2 4 1510 1522 
18 45 72 65 262 48 66 67 281 75 77 140 430 64 99 182 470 10 15 295 335 8 14 487 535 11 13 500 556 28 56 509 651 10 19 893 955 56 118 938 1242 2 4 946 961 3 7 1039 1057 1 2 1098 1103 30 96 1183 1402 1 1 1238 1242 38 42 1264 1480 6 7 1408 1436 16 30 1462 1527 
17 10 23 109 175 25 52 179 322 60 103 337 623 22 30 352 435 7 16 365 405 6 14 421 465 24 55 443 564 4 10 496 523 15 41 529 649 48 115 592 781 35 38 630 752 48 91 682 899 49 136 700 934 51 107 970 1203 32 90 1085 1233 22 47 1355 1455 8 16 1488 1527 
