15 233
14 71 149 19 306 45 137 61 291 37 47 225 445 39 70 357 583 46 70 481 685 55 98 502 787 12 32 586 670 3 9 799 818 33 47 886 1028 31 69 904 1016 16 28 987 1078 30 47 1061 1181 18 25 1188 1263 14 32 1225 1304 
12 19 22 60 157 66 117 124 395 44 69 195 407 28 40 260 363 55 125 315 589 45 114 522 756 8 23 635 679 25 53 843 985 54 102 853 1090 34 95 1088 1293 22 65 1127 1281 15 25 1345 1455 
15 59 131 148 437 29 48 173 323 32 89 351 593 71 121 386 638 36 86 566 742 10 22 566 621 1 2 707 715 27 44 790 913 25 39 888 993 16 69 943 1068 30 58 947 1088 26 54 975 1135 4 8 1080 1099 43 43 1211 1396 9 18 1419 1457 
16 42 115 20 264 63 92 145 380 18 35 265 372 39 54 274 468 18 38 372 467 39 57 466 602 63 96 489 758 21 46 766 906 9 13 833 870 20 59 878 987 38 108 1151 1420 2 4 1198 1207 28 87 1219 1430 3 3 1312 1324 5 24 1355 1419 4 6 1444 1461 
17 25 57 96 231 8 31 185 261 53 93 224 434 5 16 310 344 8 23 336 384 7 14 414 458 58 58 415 626 33 70 757 993 16 29 811 899 22 62 839 939 37 64 894 1067 70 141 972 1251 1 1 1208 1213 39 89 1236 1456 14 82 1260 1422 19 49 1276 1402 7 15 1356 1389 
18 22 23 41 151 8 85 116 364 17 18 146 201 32 53 190 301 3 7 430 445 46 80 463 676 6 12 551 579 4 6 554 576 50 116 794 1042 24 61 795 911 34 94 870 1050 58 131 889 1157 68 68 942 1227 11 21 943 993 1 1 1008 1011 38 62 1296 1450 6 10 1383 1411 1 1 1448 1453 
19 21 34 26 118 10 28 68 114 25 38 194 337 43 64 195 391 1 1 471 475 27 45 496 606 23 40 548 630 21 47 697 803 4 13 719 748 72 91 875 1150 52 72 904 1140 9 33 1074 1129 31 66 1087 1261 35 86 1155 1305 4 6 1208 1223 24 52 1231 1385 15 46 1301 1403 4 8 1419 1442 1 1 1452 1456 
17 30 55 41 232 4 10 269 304 50 105 347 578 8 20 558 628 19 46 571 658 65 65 742 1026 7 17 881 919 52 72 1002 1267 69 104 1084 1297 25 57 1187 1412 45 70 1202 1388 24 66 1203 1397 17 20 1219 1351 11 41 1221 1284 9 26 1279 1336 1 1 1364 1368 8 9 1404 1452 
20 34 89 7 217 22 52 162 280 27 65 211 330 38 81 251 445 21 56 430 557 1 2 458 465 45 80 494 765 40 62 551 775 2 2 560 571 41 98 565 820 11 22 609 654 35 52 649 913 28 68 850 992 20 37 926 1026 31 38 928 1070 11 30 999 1056 2 3 1124 1135 3 15 1267 1291 23 30 1334 1437 6 19 1405 1456 
12 9 14 57 104 41 76 258 424 66 130 342 602 59 142 487 764 1 2 631 635 66 66 771 1036 31 45 1112 1287 27 87 1130 1308 55 96 1167 1397 42 42 1212 1450 36 95 1218 1457 1 1 1336 1339 
14 47 65 30 230 24 57 218 338 21 36 220 372 36 55 370 534 26 135 403 688 36 79 445 670 60 68 851 1087 45 67 861 1058 11 17 863 922 8 23 1046 1098 4 48 1081 1204 50 113 1214 1461 32 44 1251 1375 37 90 1256 1415 
16 7 20 98 143 14 36 157 233 43 169 157 445 68 147 235 511 11 21 478 558 2 5 738 758 44 101 796 1029 47 116 822 1078 34 40 985 1158 14 36 990 1061 56 97 1029 1299 44 105 1112 1331 26 52 1265 1393 15 50 1278 1420 2 7 1413 1431 1 1 1433 1436 
16 23 46 12 108 20 34 22 130 30 55 22 161 36 73 133 306 8 13 155 192 38 71 227 478 24 26 302 416 28 70 519 665 26 80 525 673 76 160 721 1004 18 65 735 848 18 45 847 969 54 114 1088 1369 1 1 1104 1107 4 10 1123 1144 2 4 1441 1451 
13 27 89 60 205 40 104 293 533 52 94 355 549 1 2 374 380 6 12 510 536 58 120 773 1054 54 96 782 1014 68 68 946 1199 37 100 1004 1199 18 29 1070 1165 69 142 1072 1320 14 40 1355 1464 11 30 1387 1466 
14 64 64 49 306 11 30 133 196 7 20 281 315 59 59 333 588 42 89 335 562 15 26 384 456 31 59 599 744 28 58 613 759 36 88 730 978 46 93 1007 1210 17 26 1027 1135 26 112 1069 1275 1 2 1099 1106 32 78 1113 1270 
