10 95
10 7 11 133 163 34 66 377 520 32 82 482 621 45 85 603 770 53 83 687 898 62 109 714 936 21 74 778 937 6 14 829 858 14 36 999 1098 30 64 1082 1235 
7 60 77 136 304 76 92 569 841 52 106 727 997 32 51 948 1090 35 81 1025 1157 16 63 1227 1365 7 19 1299 1336 
11 46 115 117 374 1 1 278 281 15 35 400 462 27 54 515 630 4 7 538 571 34 74 853 1031 49 74 887 1116 36 111 918 1131 19 78 1013 1252 44 95 1020 1270 7 16 1329 1382 
10 13 25 9 58 57 77 186 458 13 31 213 279 51 89 367 610 14 18 698 779 55 120 1020 1286 21 50 1237 1360 20 46 1278 1364 8 11 1299 1348 13 25 1300 1378 
11 42 83 32 281 17 51 125 230 25 47 154 235 14 29 216 283 28 58 403 546 29 55 640 762 46 60 682 888 7 20 739 800 5 8 1001 1021 23 46 1206 1313 37 60 1252 1385 
8 36 48 102 235 26 63 102 233 51 93 114 299 27 33 171 298 64 64 833 1098 26 55 1060 1292 23 61 1090 1237 32 72 1113 1296 
8 54 118 129 378 48 78 149 386 34 62 344 559 61 92 367 638 22 93 865 1013 6 29 893 956 38 45 1153 1315 37 65 1193 1337 
10 17 42 5 88 4 15 12 48 49 64 13 221 35 140 72 319 35 51 273 488 61 115 572 817 32 81 847 1072 38 87 1114 1280 13 26 1138 1212 1 1 1389 1392 
10 25 50 3 181 9 32 122 190 58 110 207 471 70 105 242 446 11 21 639 696 47 119 871 1135 1 1 908 912 7 17 969 1008 51 104 995 1251 17 34 1165 1239 
10 11 30 473 550 50 141 665 921 35 119 690 967 62 123 846 1122 14 35 932 1032 26 35 1023 1130 33 59 1096 1327 19 29 1164 1234 21 49 1228 1353 1 1 1361 1365 
