10 217
23 11 74 21 232 10 66 32 185 4 33 123 221 7 48 230 342 1 2 258 265 5 32 308 412 7 72 348 526 1 9 453 479 4 27 535 589 2 25 705 763 10 83 787 968 10 73 890 1041 1 14 897 931 6 58 936 1058 10 70 938 1146 7 111 961 1168 11 60 1047 1198 2 15 1111 1164 4 32 1146 1218 3 23 1166 1251 9 51 1236 1371 2 33 1246 1314 1 9 1257 1279 
23 16 36 52 328 13 145 65 313 1 11 113 145 7 52 128 290 3 31 178 276 2 24 415 476 7 57 489 621 1 5 535 555 9 57 575 769 5 29 618 718 10 75 649 826 6 29 699 776 1 4 766 782 2 16 895 943 8 103 911 1140 15 75 1018 1291 6 74 1090 1253 5 35 1168 1300 2 36 1210 1354 5 56 1214 1367 6 34 1247 1374 2 20 1275 1328 1 4 1367 1379 
22 11 120 35 299 2 17 47 98 9 68 84 324 7 62 112 244 3 19 159 232 2 12 183 213 4 23 229 285 7 92 282 480 5 43 308 471 14 70 418 679 10 87 440 696 2 39 457 554 13 128 585 857 10 87 828 1030 3 27 881 960 14 64 960 1192 2 13 1147 1188 5 35 1262 1349 4 29 1307 1378 3 21 1314 1369 2 15 1320 1354 1 9 1335 1356 
16 11 62 112 298 7 37 139 285 14 67 217 453 18 104 281 549 7 54 408 603 10 56 431 569 1 13 484 510 5 105 515 734 10 68 551 723 11 88 651 901 12 130 908 1164 3 35 961 1024 5 87 975 1195 11 75 986 1227 10 104 1148 1329 1 13 1303 1336 
15 2 25 20 75 15 95 20 231 5 49 284 460 18 96 356 602 6 45 392 507 12 122 561 831 11 71 590 782 13 102 774 1041 1 23 774 835 15 93 787 990 5 60 805 964 10 98 908 1123 11 114 1061 1278 1 20 1118 1163 11 56 1131 1305 
30 8 105 23 299 2 15 34 81 8 59 41 214 1 10 105 131 1 8 125 141 2 21 273 327 1 1 274 277 7 31 366 502 8 47 535 697 10 80 578 803 6 66 672 859 10 91 675 890 1 28 684 741 3 33 687 773 9 70 721 864 10 123 724 957 2 16 744 793 8 94 778 971 3 40 888 1002 1 9 1012 1064 1 9 1050 1091 11 105 1081 1273 9 92 1125 1306 1 9 1168 1202 7 65 1189 1345 1 2 1241 1247 1 7 1268 1292 1 1 1284 1287 2 15 1315 1361 1 1 1345 1350 
20 6 49 43 185 6 30 153 284 13 73 216 453 11 137 231 475 3 21 256 311 8 65 265 415 10 81 376 573 5 49 534 670 7 56 573 755 12 97 659 876 8 72 788 943 14 79 828 1085 1 11 897 929 1 1 904 907 3 17 950 999 9 136 1024 1274 10 82 1096 1282 1 11 1103 1136 1 1 1199 1202 5 55 1268 1370 
22 1 15 112 161 1 5 158 175 5 41 233 344 7 142 272 543 1 6 366 392 8 54 456 635 10 88 465 643 5 38 477 585 6 42 594 715 9 127 607 828 11 117 674 921 11 78 780 1025 12 73 1005 1191 1 9 1012 1034 12 75 1096 1350 8 70 1114 1256 7 79 1149 1315 8 74 1156 1346 1 6 1204 1222 1 15 1316 1355 1 2 1366 1375 1 6 1367 1384 
23 1 14 26 63 4 22 42 126 5 46 53 162 16 134 97 365 9 98 288 520 1 10 362 386 1 2 530 537 1 1 571 575 5 82 655 780 8 95 675 869 14 140 713 985 1 17 857 916 4 21 862 933 9 123 977 1222 8 119 980 1224 10 102 1004 1238 1 6 1054 1068 11 111 1055 1313 6 50 1066 1200 9 58 1075 1267 3 47 1266 1377 2 15 1287 1352 1 11 1332 1359 
23 8 75 7 234 5 48 24 143 10 65 52 258 4 96 84 295 1 6 94 112 10 70 141 356 10 83 237 452 9 46 282 419 3 23 292 361 7 150 382 609 15 85 422 627 7 56 468 586 1 1 772 777 6 61 817 987 4 18 1034 1093 9 55 1094 1254 6 69 1095 1242 5 61 1110 1239 1 7 1118 1134 5 57 1203 1369 1 1 1376 1379 1 1 1380 1383 1 1 1381 1384 
