15 110
9 26 43 665 800 124 124 790 1047 7 7 815 838 13 18 946 986 55 134 996 1249 5 9 1104 1129 10 15 1274 1302 16 16 1280 1326 26 26 1290 1347 
5 82 82 5 274 50 65 202 385 98 98 653 828 75 75 827 1004 1 1 1197 1200 
6 107 115 183 435 21 23 291 335 85 93 571 809 23 24 815 906 36 44 1205 1352 9 15 1296 1331 
8 54 84 261 436 14 14 415 465 67 116 449 712 51 89 451 657 10 17 493 521 10 12 805 837 46 51 1126 1281 24 35 1134 1207 
10 118 118 288 545 1 1 372 376 51 85 661 858 7 9 686 709 28 54 747 850 49 86 777 1010 45 52 891 1005 7 7 1156 1170 4 13 1222 1254 12 12 1264 1291 
7 105 105 400 647 68 90 413 667 1 1 452 455 75 82 532 764 23 37 815 890 14 14 944 980 34 68 996 1131 
8 78 126 321 559 14 28 387 445 9 9 639 657 11 31 670 726 11 23 684 730 52 59 1052 1161 63 67 1109 1276 53 53 1228 1341 
9 33 37 190 335 35 35 318 388 70 102 548 806 31 38 573 665 18 38 951 1018 1 3 960 968 53 53 993 1124 13 16 1022 1057 38 69 1110 1267 
3 111 111 588 835 120 121 634 867 72 112 838 1099 
5 29 29 45 102 85 85 319 567 5 5 475 488 96 96 969 1236 109 109 1013 1265 
6 75 75 76 311 83 126 79 294 30 42 792 884 6 7 1004 1021 85 85 1142 1318 7 8 1197 1219 
7 48 105 106 374 5 10 255 275 9 12 466 494 25 35 578 673 59 59 671 814 93 127 731 964 62 62 741 867 
9 19 27 191 248 37 93 411 662 1 1 793 796 82 129 863 1098 75 75 928 1157 20 42 931 1015 93 128 969 1211 3 3 1335 1343 1 1 1350 1353 
11 5 8 47 64 16 28 118 206 66 141 154 372 47 47 915 1018 30 30 949 1030 36 36 950 1055 9 9 961 990 65 65 1003 1169 21 45 1013 1091 15 16 1106 1168 1 2 1273 1277 
7 22 34 271 346 53 54 520 630 15 15 691 726 35 76 825 986 65 73 960 1156 81 81 1125 1334 8 8 1241 1263 
