15 85
8 7 7 272 311 31 35 357 515 45 61 626 867 13 17 783 855 8 8 849 876 57 57 1100 1336 6 6 1197 1227 1 1 1248 1251 
3 63 64 426 682 54 82 518 769 26 40 976 1086 
7 11 23 156 237 23 28 726 828 38 38 854 1033 34 44 896 1095 53 62 1094 1310 4 6 1187 1223 8 13 1307 1348 
3 75 75 1033 1296 31 37 1089 1297 33 46 1155 1316 
6 54 78 48 307 24 32 83 196 44 65 617 846 9 10 825 870 12 22 841 917 1 2 948 961 
5 66 66 503 743 50 71 596 818 10 13 712 765 9 10 984 1029 4 7 1116 1143 
5 41 50 154 337 11 24 833 909 61 61 883 1127 54 54 1021 1222 4 12 1246 1299 
4 38 83 74 314 17 24 381 486 28 45 521 725 60 60 1037 1294 
6 18 23 24 127 37 42 209 354 47 47 297 535 52 52 408 618 2 3 944 959 5 9 1008 1044 
8 2 3 567 589 19 19 663 743 46 51 933 1166 34 34 1109 1308 25 27 1134 1273 22 58 1186 1344 4 6 1312 1333 2 2 1331 1338 
7 19 28 94 236 27 45 236 360 34 68 638 866 8 8 826 873 29 29 981 1097 23 37 992 1130 8 8 1297 1345 
5 9 24 4 102 49 49 338 542 26 33 616 718 48 83 637 890 46 68 908 1160 
7 30 30 168 329 16 25 269 358 22 45 473 647 33 40 814 998 17 18 863 939 7 9 1010 1053 15 20 1255 1333 
7 36 36 102 213 52 52 654 851 6 10 808 856 17 38 849 1030 28 34 1054 1170 26 26 1192 1317 9 10 1288 1333 
4 47 47 128 299 10 12 563 606 38 38 760 992 48 48 933 1124 
