15 257
19 25 76 10 223 10 22 27 86 12 34 40 107 64 114 46 318 46 94 141 381 4 7 258 275 16 39 268 357 15 27 302 371 7 12 302 330 45 64 323 545 50 73 569 742 27 87 824 968 23 23 850 933 33 53 1089 1226 24 24 1294 1402 18 143 1333 1575 42 105 1349 1581 14 31 1446 1519 20 31 1446 1529 
11 6 16 261 302 71 125 289 595 48 57 323 570 80 80 346 644 57 95 557 807 34 78 688 899 42 141 899 1137 38 107 1135 1308 37 99 1247 1477 61 108 1310 1587 39 51 1399 1580 
15 38 42 25 182 68 115 109 394 44 54 227 490 31 75 237 417 72 135 374 690 63 184 395 691 7 19 456 495 20 48 605 762 36 65 620 836 44 114 722 972 42 117 874 1094 3 3 963 978 29 45 1244 1344 34 58 1248 1392 25 98 1342 1512 
19 13 34 43 117 36 115 176 388 26 64 278 402 7 18 320 360 7 16 390 433 44 47 411 558 34 105 443 694 8 18 462 505 4 7 530 548 13 27 568 627 23 51 637 772 41 84 715 957 67 141 760 1067 11 21 975 1031 59 88 1244 1526 43 105 1254 1473 21 28 1257 1331 22 34 1265 1389 19 25 1383 1464 
21 44 90 22 226 22 38 51 144 12 32 60 135 73 78 104 414 36 82 143 360 55 142 178 483 14 28 192 262 32 51 572 686 14 26 613 710 14 19 668 723 17 37 891 994 23 60 957 1102 5 10 1085 1105 12 21 1158 1204 8 15 1220 1266 47 108 1274 1519 26 46 1319 1449 1 1 1410 1413 23 61 1429 1590 3 4 1498 1511 14 16 1505 1583 
18 77 182 44 352 11 37 136 209 32 47 252 404 63 123 276 538 37 66 299 449 26 36 330 431 8 15 387 443 5 14 390 415 47 85 479 682 66 95 727 1032 37 103 972 1255 14 34 996 1085 9 31 1090 1171 3 8 1193 1213 56 85 1296 1551 16 34 1299 1367 22 29 1441 1522 13 25 1464 1551 
22 47 66 6 213 12 32 171 240 40 113 332 581 2 7 342 364 4 8 553 577 7 10 606 638 34 116 643 883 11 25 643 717 43 56 706 891 58 76 708 941 10 24 801 843 6 20 816 851 36 64 988 1157 56 157 1042 1316 49 102 1131 1343 29 53 1137 1273 3 5 1297 1312 16 58 1328 1453 18 56 1382 1481 10 22 1534 1584 5 13 1564 1595 1 3 1577 1583 
20 15 47 100 209 4 18 163 208 2 7 183 204 17 65 206 366 6 31 236 289 12 20 309 356 39 111 372 587 12 21 474 526 59 133 573 865 51 91 627 890 17 42 714 827 57 94 869 1131 10 37 924 1012 32 79 1064 1217 57 105 1096 1357 21 25 1118 1189 37 52 1168 1359 24 66 1196 1375 13 32 1408 1479 10 24 1537 1592 
17 16 36 70 188 13 56 294 410 44 81 317 531 52 131 524 808 3 5 614 630 66 122 881 1164 46 86 893 1089 21 32 974 1055 32 41 1061 1198 71 124 1117 1378 35 76 1162 1335 56 78 1170 1411 9 16 1194 1239 1 5 1219 1229 23 56 1244 1365 11 15 1376 1425 12 32 1480 1565 
12 22 29 46 132 86 121 524 816 20 61 610 763 17 55 654 791 28 97 662 947 55 84 755 1003 51 76 919 1188 79 152 1017 1332 55 84 1056 1304 34 71 1093 1264 72 152 1218 1522 14 33 1466 1562 
13 63 103 55 346 36 119 511 721 46 89 687 885 40 105 736 1000 43 108 947 1243 59 75 972 1157 46 110 1044 1282 59 141 1057 1315 26 48 1150 1267 20 33 1172 1273 61 119 1293 1531 9 13 1365 1419 2 4 1382 1395 
18 33 49 214 343 49 78 339 577 1 3 349 357 3 8 433 449 69 106 447 753 26 48 449 577 57 142 499 815 1 1 680 685 14 35 813 909 33 50 827 972 36 110 1021 1292 13 15 1109 1197 57 116 1126 1368 13 46 1140 1216 45 132 1168 1448 8 26 1253 1318 23 23 1266 1372 25 48 1444 1564 
16 26 47 77 188 2 8 176 204 25 55 480 597 39 64 516 679 39 126 540 810 63 108 731 989 12 37 900 978 51 51 955 1164 31 66 972 1128 49 87 1005 1260 27 53 1017 1163 20 39 1080 1168 18 46 1120 1326 33 71 1141 1348 39 120 1214 1492 18 35 1482 1540 
19 12 26 114 204 61 97 198 515 23 64 208 338 50 104 219 509 53 67 284 492 17 53 603 721 28 57 642 784 18 63 670 894 36 82 892 1148 14 30 956 1023 43 131 1101 1399 25 72 1137 1272 8 15 1205 1245 31 124 1266 1510 37 83 1272 1553 3 18 1289 1326 18 26 1402 1489 18 31 1446 1543 6 12 1490 1523 
17 17 45 77 174 27 59 421 560 21 28 521 633 41 95 547 750 22 47 565 728 4 11 579 611 3 6 586 610 22 97 587 737 18 18 710 767 56 143 759 1046 35 41 827 996 77 178 944 1252 45 67 1179 1460 38 144 1193 1457 56 82 1256 1437 21 39 1310 1406 4 5 1555 1571 
