15 147
13 7 11 372 403 30 68 562 702 5 13 584 622 63 79 767 1045 69 86 812 1106 5 9 853 875 12 31 856 923 29 36 940 1055 55 86 1170 1419 27 48 1288 1390 1 2 1377 1384 15 27 1445 1512 5 7 1491 1513 
11 42 84 384 564 57 98 555 775 4 16 619 651 45 120 662 955 64 79 846 1137 2 2 848 857 22 36 941 1048 4 12 1264 1289 24 29 1406 1499 3 7 1408 1424 3 9 1462 1487 
9 53 99 80 358 25 25 407 504 17 33 414 475 47 91 572 763 33 45 646 822 29 62 803 924 38 85 864 1031 20 31 1366 1451 10 20 1450 1487 
9 67 127 9 296 50 169 154 424 56 127 655 886 20 35 688 766 48 119 728 995 3 6 946 966 16 42 1287 1369 2 11 1409 1427 6 13 1461 1498 
7 19 87 118 357 41 48 216 375 45 107 446 712 61 62 918 1189 71 74 1110 1395 4 10 1138 1157 32 70 1241 1397 
10 7 17 63 104 68 131 329 608 62 116 447 730 25 86 453 602 43 116 573 872 34 93 652 916 4 9 748 771 37 52 1113 1280 42 86 1302 1501 5 9 1436 1457 
9 61 106 77 333 66 86 93 357 33 88 461 632 12 27 629 705 53 140 739 1020 38 117 796 1042 33 41 979 1125 28 53 1325 1485 1 1 1503 1508 
8 11 22 166 217 59 88 343 613 68 118 514 748 66 87 514 811 17 48 835 975 40 90 984 1206 23 44 986 1106 1 3 1470 1482 
13 9 18 71 134 20 29 147 240 3 7 234 258 11 40 325 390 38 67 343 488 26 68 383 549 57 107 432 720 23 29 701 788 23 53 850 977 28 84 1053 1242 37 47 1212 1473 10 40 1311 1405 1 2 1470 1474 
6 49 93 260 504 62 97 441 680 19 37 738 841 31 50 841 972 74 113 871 1173 62 62 874 1117 
9 50 105 691 945 16 48 725 820 29 81 792 961 7 7 881 921 46 87 891 1189 60 88 927 1132 1 2 1205 1213 42 116 1221 1481 24 101 1249 1453 
16 42 42 36 276 12 27 176 239 16 38 252 358 12 19 277 359 23 23 359 443 6 11 370 411 2 5 525 536 49 159 766 1030 19 58 775 881 40 136 873 1111 44 92 923 1126 7 25 1139 1196 6 21 1286 1329 2 7 1477 1492 1 2 1509 1514 1 1 1516 1519 
7 29 72 91 284 59 122 140 374 58 124 355 575 60 77 822 1065 56 111 1051 1300 1 3 1052 1063 59 151 1197 1492 
9 4 6 274 297 48 169 299 576 47 114 363 605 44 89 464 629 57 78 504 774 8 9 1110 1145 43 83 1196 1406 5 13 1241 1272 14 22 1452 1517 
11 33 73 2 189 10 23 95 153 1 1 102 112 37 76 230 417 29 56 260 393 28 65 363 521 37 56 379 519 40 70 1034 1227 11 16 1068 1117 54 100 1298 1519 16 20 1419 1490 
