15 265
18 37 62 172 352 24 42 320 457 7 11 358 407 55 111 380 659 51 51 426 698 26 36 571 778 1 1 645 651 13 17 700 770 22 29 926 1149 11 11 968 1064 74 74 988 1241 38 56 1001 1214 64 76 1017 1274 28 41 1118 1316 49 55 1138 1427 17 34 1152 1253 5 5 1394 1420 1 1 1411 1415 
21 23 26 19 108 16 21 94 174 7 12 114 148 66 66 116 352 52 52 356 519 32 77 390 631 3 3 399 413 41 66 559 822 15 27 713 841 6 8 762 790 26 30 881 982 5 7 992 1017 62 62 1020 1291 1 1 1030 1035 11 11 1085 1152 7 10 1200 1239 40 56 1244 1418 10 10 1263 1313 46 74 1351 1586 7 7 1485 1528 15 23 1511 1591 
16 50 50 4 220 28 28 30 154 15 23 38 155 35 67 55 288 2 3 60 72 12 26 221 298 64 75 421 712 12 15 527 576 24 29 631 800 19 27 653 742 72 72 858 1141 15 34 893 1021 35 35 1068 1275 60 60 1103 1421 3 3 1186 1204 51 51 1349 1534 
20 38 51 253 440 45 68 405 656 30 30 528 654 20 30 612 804 12 12 726 784 11 16 789 841 72 81 880 1197 29 55 925 1188 39 64 976 1225 45 45 1165 1393 6 9 1210 1248 1 1 1237 1243 34 64 1239 1445 34 45 1245 1414 28 28 1331 1490 3 5 1368 1391 28 28 1369 1490 33 60 1435 1592 11 13 1474 1523 4 6 1488 1510 
17 56 90 39 262 43 71 130 395 57 57 233 525 15 19 314 403 29 29 425 606 11 16 477 529 36 61 563 787 49 86 725 1021 48 68 907 1174 10 10 922 970 31 74 954 1189 3 8 1142 1173 30 44 1183 1330 30 43 1276 1475 29 29 1391 1535 26 26 1441 1525 4 6 1494 1518 
16 52 57 30 304 15 28 40 140 39 39 62 219 29 54 255 463 29 55 281 468 21 49 437 582 5 7 605 631 44 44 617 836 81 81 624 930 17 19 814 881 23 42 1034 1166 31 71 1065 1301 9 12 1147 1197 82 90 1237 1554 7 7 1296 1325 31 31 1463 1565 
19 47 88 120 366 1 1 121 129 26 49 265 449 46 78 307 603 15 15 367 436 38 42 572 740 38 65 777 1038 42 64 820 1091 9 9 889 921 11 28 890 994 60 74 1014 1237 51 51 1185 1437 3 8 1211 1235 12 12 1271 1333 54 76 1291 1557 21 28 1338 1458 14 32 1389 1503 11 15 1496 1580 3 4 1526 1548 
12 64 87 169 466 38 98 207 461 18 49 254 434 34 34 507 672 57 57 787 1105 67 67 838 1091 50 81 851 1052 53 60 1033 1283 52 77 1103 1336 58 58 1174 1363 5 15 1413 1469 13 13 1431 1482 
16 54 54 91 330 4 4 139 162 36 53 204 365 63 79 282 582 47 76 350 591 17 30 392 500 23 33 559 700 47 47 565 760 14 21 655 751 52 56 894 1159 45 95 979 1298 33 33 1142 1289 25 50 1162 1289 47 61 1178 1425 12 21 1506 1583 3 5 1563 1581 
16 20 22 5 113 50 50 31 260 60 67 40 281 35 70 248 494 1 1 256 259 24 33 302 405 44 57 326 521 66 87 353 672 68 68 522 835 4 5 681 705 29 35 747 887 59 66 881 1178 13 16 945 1019 11 12 1338 1382 9 9 1468 1532 5 7 1561 1594 
18 44 61 160 407 1 1 168 172 23 25 220 317 63 63 376 610 14 23 450 529 13 13 571 666 49 56 629 843 22 31 648 756 7 13 710 745 18 23 824 929 1 1 843 849 52 63 1023 1292 43 43 1033 1195 32 32 1094 1237 61 61 1222 1420 19 25 1311 1417 29 45 1372 1541 6 6 1513 1538 
20 29 32 38 170 22 24 51 216 34 57 349 584 23 27 372 544 11 22 436 503 55 80 460 768 29 29 491 607 58 70 566 806 10 26 786 869 12 15 821 877 34 34 931 1082 9 16 1060 1110 27 53 1159 1365 18 27 1168 1280 60 78 1177 1455 69 69 1234 1541 9 9 1421 1459 15 18 1436 1512 1 1 1472 1476 1 1 1573 1578 
20 6 9 67 116 26 38 93 228 67 67 95 362 6 10 217 266 56 80 333 636 22 52 369 508 67 89 433 743 15 15 525 594 11 24 751 846 7 20 764 824 25 25 796 892 42 42 882 1043 11 11 1046 1103 27 28 1092 1184 15 23 1256 1345 38 39 1297 1456 52 52 1348 1556 31 31 1422 1534 15 21 1494 1552 3 3 1580 1594 
16 48 57 50 344 81 81 97 394 28 28 117 235 28 58 289 508 24 31 362 493 49 49 523 719 62 82 607 896 41 80 863 1132 41 41 987 1168 15 19 988 1060 26 49 1024 1180 12 12 1103 1164 38 53 1116 1322 11 11 1135 1172 3 6 1438 1458 4 7 1452 1473 
20 10 10 94 132 9 9 136 167 14 20 146 247 72 82 147 464 22 25 378 476 2 16 486 545 34 34 516 689 76 76 573 858 18 18 619 688 21 52 699 839 47 47 787 1097 14 14 807 888 43 65 807 1037 17 33 813 972 22 22 858 974 14 19 897 972 38 68 954 1216 8 11 983 1024 39 78 1028 1298 3 3 1482 1495 
