10 67
4 55 80 866 1097 7 11 913 955 39 59 923 1098 42 63 1010 1251 
5 8 8 537 573 49 49 546 713 7 8 969 997 35 35 1059 1222 19 25 1121 1212 
9 5 8 320 352 39 54 350 570 3 4 764 783 19 19 771 867 13 13 969 1034 15 15 980 1040 15 37 1059 1306 9 9 1230 1260 8 13 1255 1309 
7 3 5 76 95 24 44 192 316 50 50 206 411 12 33 393 487 11 12 588 637 22 22 907 1004 18 26 1132 1218 
7 31 34 41 233 18 48 80 228 27 62 184 371 29 36 421 561 4 6 680 709 12 13 998 1049 6 12 1188 1235 
6 18 20 485 600 5 10 513 547 59 64 527 729 42 61 756 993 7 9 1016 1055 1 1 1333 1339 
9 20 40 289 391 40 53 400 592 42 42 527 765 10 10 768 824 1 1 1039 1043 5 8 1049 1077 8 8 1063 1096 22 43 1076 1218 4 15 1279 1324 
6 29 29 56 196 3 3 280 299 28 68 416 641 5 5 555 574 28 46 838 1042 25 30 912 1023 
9 49 80 49 316 16 16 319 398 10 11 410 459 2 2 420 429 24 36 654 782 7 11 715 756 14 14 965 1028 29 31 1038 1151 5 5 1288 1310 
5 22 66 255 486 21 21 291 375 27 33 408 589 65 65 888 1155 4 8 1260 1293 
