10 224
17 10 72 32 240 7 70 117 295 12 96 309 519 15 80 314 518 6 49 364 507 12 104 500 709 3 27 553 625 1 1 569 572 7 72 589 783 12 46 602 810 7 80 626 788 4 35 634 766 1 13 663 710 9 78 709 891 9 45 1159 1294 1 5 1165 1180 2 12 1237 1290 
26 2 32 47 125 1 5 49 61 12 82 201 400 15 93 243 447 14 84 265 513 2 17 290 338 6 49 299 415 6 27 322 459 6 74 355 501 1 16 500 535 4 65 601 723 7 76 658 794 1 11 733 776 4 24 746 839 6 44 764 884 1 15 774 810 7 53 810 973 3 38 825 894 4 23 839 945 1 23 842 885 12 72 967 1193 1 3 1019 1030 1 12 1167 1191 1 1 1169 1174 1 1 1249 1284 1 4 1271 1279 
24 3 38 120 227 9 47 121 303 7 89 235 451 7 62 333 494 4 57 343 468 1 14 357 388 7 67 463 626 3 89 526 708 9 59 561 712 6 88 578 761 11 80 632 848 11 46 649 816 1 15 687 722 4 38 714 813 2 16 749 794 1 6 831 846 6 51 918 1051 7 70 952 1110 5 59 1001 1131 3 24 1013 1070 9 98 1073 1285 1 15 1088 1122 2 10 1105 1140 1 3 1247 1253 
26 10 117 21 265 1 2 105 110 2 22 210 255 6 60 261 381 6 35 282 396 2 17 368 420 8 84 497 719 8 49 502 628 7 86 544 801 5 30 559 655 14 99 703 909 1 12 718 758 1 12 758 799 2 16 781 823 1 5 858 869 9 49 925 1072 12 119 964 1209 1 2 1001 1009 8 39 1078 1213 12 64 1098 1276 1 7 1110 1136 1 1 1184 1187 1 1 1191 1194 5 34 1211 1286 1 10 1214 1247 1 3 1285 1294 
19 3 15 80 132 10 98 111 292 12 73 281 513 3 16 288 340 1 3 302 309 11 66 304 516 2 29 384 468 5 77 432 618 8 59 505 671 6 43 672 770 15 53 769 970 12 79 778 991 13 114 806 1042 3 10 1013 1078 4 28 1060 1154 2 27 1069 1122 10 64 1098 1231 1 1 1115 1118 3 30 1192 1262 
26 1 4 28 42 4 48 42 150 8 79 138 310 6 41 159 298 7 80 230 352 6 47 264 398 14 116 294 498 9 67 349 492 1 6 361 380 13 105 398 648 2 18 473 511 1 5 495 513 9 59 650 784 6 67 763 915 5 58 828 956 5 37 838 924 1 11 902 925 2 55 964 1063 6 60 1018 1142 9 73 1029 1214 2 21 1042 1104 3 17 1156 1215 1 3 1162 1171 1 7 1252 1269 1 6 1269 1286 1 6 1274 1287 
20 7 66 76 306 9 54 147 338 6 56 157 275 6 46 183 318 1 11 242 265 11 55 245 461 4 45 372 479 17 58 443 638 8 47 511 636 2 22 602 674 2 15 656 690 9 103 656 882 3 43 806 931 12 63 810 1047 8 51 887 1023 10 85 919 1112 5 59 987 1147 2 30 1055 1111 1 5 1232 1255 1 5 1261 1273 
20 4 31 224 297 11 96 226 448 1 2 230 236 10 79 243 421 12 92 305 512 7 78 415 550 1 17 604 643 8 122 750 949 5 31 790 891 12 81 880 1112 10 112 907 1162 7 29 928 1032 7 52 939 1079 3 22 949 1015 9 88 1027 1216 6 77 1028 1153 1 8 1029 1046 2 30 1115 1200 5 52 1124 1271 1 20 1234 1272 
22 6 31 7 124 9 44 137 322 8 191 151 393 8 104 202 429 6 68 432 570 3 23 505 577 5 48 507 632 2 18 605 646 2 53 630 833 14 68 658 896 5 49 684 778 6 68 736 930 9 65 780 953 1 15 808 858 9 22 892 1056 8 82 915 1135 8 40 944 1075 2 22 986 1029 4 35 998 1086 1 6 1178 1196 2 22 1225 1263 1 1 1289 1293 
24 4 25 34 104 7 70 74 237 9 91 78 315 13 87 91 330 10 86 152 335 6 28 232 338 4 47 281 376 4 117 390 647 7 62 438 596 2 21 499 538 3 32 577 653 1 23 593 646 4 36 766 866 11 118 807 1060 14 87 889 1134 3 64 906 1034 3 46 951 1054 1 3 954 963 6 100 1019 1261 3 94 1107 1274 3 28 1112 1172 1 9 1227 1249 2 20 1236 1293 1 24 1252 1291 
