10 72
4 86 124 63 348 78 99 571 827 69 81 797 1007 110 115 824 1115 
10 2 6 1 14 32 68 259 368 104 147 391 678 33 54 473 605 11 11 616 645 28 32 650 730 8 8 884 906 29 29 1115 1184 53 53 1214 1361 6 6 1489 1503 
5 51 61 507 662 88 108 630 913 73 84 832 1127 31 31 996 1066 73 73 1269 1439 
6 111 111 111 359 64 64 623 801 25 51 864 949 77 77 929 1152 13 22 958 1017 4 4 1345 1355 
7 15 18 456 499 86 111 471 754 42 43 479 612 54 61 486 629 36 66 948 1077 34 41 1138 1270 48 49 1320 1456 
9 4 7 128 152 55 55 134 318 81 81 240 421 40 40 531 615 9 15 569 614 29 58 655 785 6 6 699 716 29 29 916 985 58 100 961 1139 
8 32 36 571 646 86 96 788 975 7 7 1113 1131 54 63 1190 1314 63 63 1264 1447 21 24 1396 1463 22 22 1456 1500 6 7 1480 1493 
5 74 78 334 572 87 87 708 963 46 83 798 938 65 65 1087 1332 58 97 1197 1383 
7 25 25 444 513 71 71 570 802 89 89 934 1123 31 35 1094 1175 53 53 1358 1464 51 57 1380 1472 30 33 1409 1483 
11 129 129 91 338 35 41 105 185 4 5 373 386 29 73 718 835 16 16 725 762 56 56 870 1023 6 9 994 1013 13 21 1021 1063 1 1 1021 1025 6 15 1061 1093 5 6 1366 1380 
