15 54
3 79 88 1092 1282 66 66 1140 1339 12 14 1178 1226 
2 93 132 522 786 88 88 825 1057 
4 111 176 28 296 103 103 623 868 15 15 1050 1096 4 4 1337 1347 
3 117 117 296 539 27 35 449 543 68 84 907 1078 
5 5 7 360 377 94 125 477 709 14 14 702 734 7 9 987 1009 15 15 1090 1134 
6 30 31 123 185 42 81 252 437 6 10 1000 1026 10 11 1086 1125 44 54 1128 1258 2 2 1345 1351 
3 61 72 296 499 78 78 931 1093 46 62 1158 1307 
3 33 49 106 205 71 71 563 731 29 38 1256 1335 
8 1 1 130 134 6 6 230 242 27 49 264 383 87 126 598 832 28 45 639 781 7 17 669 700 30 30 1198 1288 3 5 1294 1304 
2 78 78 581 738 56 72 585 854 
3 123 131 163 425 68 106 469 735 27 27 1044 1103 
3 23 23 381 446 84 84 752 962 29 29 1153 1264 
2 73 105 223 420 64 69 378 546 
3 67 77 853 1016 38 76 1077 1206 45 69 1189 1317 
4 46 46 350 458 36 54 394 488 27 27 809 882 20 20 953 1009 
