10 183
16 76 106 37 317 19 34 102 192 31 47 293 458 9 30 447 500 38 92 478 700 35 45 526 731 8 12 696 734 6 19 707 765 20 41 807 900 31 49 941 1063 25 60 964 1084 35 89 1031 1219 58 153 1034 1290 2 2 1165 1171 27 61 1201 1368 42 55 1280 1464 
18 52 73 50 272 68 120 57 336 25 66 104 278 28 51 111 299 53 107 134 393 34 61 346 500 16 94 509 656 23 31 580 721 47 68 726 948 40 140 856 1130 63 148 1019 1313 2 4 1095 1108 5 10 1148 1172 25 129 1230 1423 8 33 1261 1321 17 47 1293 1391 4 10 1422 1450 1 3 1445 1453 
23 44 87 145 348 44 64 171 328 3 7 335 354 24 47 337 461 48 88 412 685 31 77 512 697 26 86 563 776 6 29 619 699 5 9 705 727 23 120 812 1024 3 9 897 917 61 78 1023 1292 44 103 1039 1295 1 1 1081 1085 29 84 1149 1334 9 21 1152 1208 27 65 1186 1359 20 30 1222 1321 10 15 1299 1333 3 4 1340 1350 12 34 1361 1434 17 20 1407 1464 5 11 1457 1478 
20 26 57 60 162 71 121 96 373 30 50 115 270 8 20 206 247 28 55 432 573 53 77 478 764 13 22 632 683 14 43 706 817 56 118 825 1079 5 9 855 877 4 8 943 961 32 47 989 1158 12 20 1023 1090 48 110 1085 1344 33 47 1219 1369 7 14 1281 1327 31 48 1321 1491 1 3 1472 1480 1 1 1477 1481 1 3 1488 1497 
20 21 69 128 294 35 90 130 326 47 53 185 370 1 1 192 195 45 83 294 465 4 5 300 323 9 11 415 455 3 8 427 454 15 19 449 513 59 114 452 694 5 14 508 539 18 73 763 935 38 53 887 1082 28 66 1083 1271 20 51 1084 1208 17 44 1108 1199 55 72 1128 1405 50 96 1179 1479 1 1 1369 1372 1 2 1446 1450 
23 14 30 15 90 25 48 83 238 46 62 129 346 22 48 186 332 28 55 192 337 42 111 219 470 13 24 486 548 50 107 586 868 13 26 589 676 31 60 621 797 20 34 637 731 12 17 682 729 13 18 781 839 15 16 800 899 59 85 815 1062 15 28 848 935 3 10 991 1014 23 28 1059 1153 14 23 1179 1261 21 48 1283 1411 4 8 1289 1316 12 20 1295 1340 11 22 1379 1433 
19 34 46 69 244 46 113 76 299 5 26 106 170 12 43 251 364 51 51 305 574 57 75 359 610 30 59 399 548 17 74 461 709 58 146 639 923 44 107 831 1092 18 47 948 1051 33 54 1013 1188 20 41 1095 1231 9 14 1197 1239 23 42 1216 1303 17 17 1405 1466 3 9 1417 1437 15 31 1421 1503 1 2 1498 1505 
16 35 51 9 160 13 33 145 214 37 52 384 553 12 15 450 503 47 93 454 668 32 36 492 603 62 62 679 944 40 84 720 884 37 64 796 970 42 69 884 1079 34 63 927 1047 23 95 1073 1269 2 5 1116 1128 24 39 1126 1222 30 42 1349 1500 24 36 1381 1493 
12 75 125 386 641 48 103 546 791 42 81 548 759 3 4 641 654 28 69 654 773 34 53 944 1183 47 73 980 1227 67 83 999 1225 29 81 1050 1339 59 90 1150 1426 50 50 1251 1453 14 24 1329 1404 
16 20 35 228 329 28 47 270 416 25 43 271 427 52 137 439 716 9 23 529 587 41 79 586 874 13 16 1005 1057 6 18 1035 1089 56 89 1041 1310 78 80 1147 1434 58 127 1176 1453 26 98 1202 1419 35 53 1372 1502 6 17 1406 1444 18 34 1410 1497 9 22 1428 1470 
