15 142
10 3 3 99 109 51 51 443 553 154 154 520 817 37 37 606 732 60 87 937 1162 46 46 994 1085 20 21 1170 1215 15 15 1257 1318 145 145 1329 1644 25 26 1363 1432 
7 25 56 488 632 43 43 724 811 95 95 907 1224 24 27 917 965 56 90 1248 1556 77 112 1250 1513 125 129 1263 1578 
8 3 4 390 398 106 125 830 1128 81 81 915 1202 43 43 1021 1100 2 3 1132 1141 90 109 1234 1474 31 31 1245 1313 101 101 1273 1547 
9 141 141 17 336 88 136 669 988 18 18 703 756 45 49 809 916 117 117 1076 1385 59 82 1128 1345 15 34 1249 1306 48 74 1285 1439 32 33 1544 1632 
7 30 30 360 425 3 3 387 394 44 76 482 635 51 51 579 722 51 102 633 816 155 155 1029 1346 105 105 1354 1627 
11 43 43 10 127 36 109 85 352 13 24 125 196 72 169 175 481 32 78 576 782 70 81 640 878 74 74 845 1029 12 22 1071 1126 50 72 1383 1532 39 43 1416 1522 14 16 1600 1634 
11 53 68 321 465 3 4 380 390 7 14 493 523 78 87 525 751 3 3 624 637 121 123 836 1157 47 61 864 1040 56 56 914 1078 39 39 927 1041 6 6 1162 1179 21 26 1517 1584 
12 37 37 220 303 90 90 402 605 69 69 647 834 2 3 692 703 42 53 778 914 63 63 823 955 14 14 828 877 61 61 1064 1195 33 42 1418 1555 28 28 1514 1600 2 2 1551 1557 1 1 1611 1617 
12 113 113 269 574 54 54 405 540 10 10 413 438 2 2 606 615 10 16 667 702 64 64 755 890 64 93 985 1279 62 62 1091 1293 27 30 1169 1238 44 44 1507 1637 4 8 1559 1583 1 4 1636 1643 
11 13 19 2 59 49 49 614 708 24 27 672 747 24 24 814 879 34 51 816 905 2 2 952 959 63 88 1030 1183 63 66 1097 1385 85 89 1203 1468 43 43 1325 1440 45 45 1340 1443 
8 27 46 25 126 42 53 675 794 50 50 739 893 29 36 1146 1241 81 81 1160 1306 62 118 1195 1453 71 71 1350 1524 83 101 1371 1607 
9 111 137 187 442 68 109 230 533 84 122 249 480 20 34 740 793 24 24 991 1055 52 109 1291 1534 73 73 1292 1467 56 68 1494 1640 1 1 1627 1630 
6 104 104 270 589 38 44 315 440 58 58 458 612 68 68 777 1025 120 161 902 1199 56 68 1128 1291 
11 112 112 5 263 45 45 236 342 47 47 244 398 61 61 476 633 9 16 523 557 70 130 535 745 24 34 618 680 72 119 1123 1372 18 31 1379 1454 57 57 1520 1636 1 3 1587 1595 
10 22 29 183 260 71 129 202 437 96 96 232 438 38 81 276 473 33 33 331 412 68 73 384 580 38 52 722 855 6 6 922 942 18 33 1337 1400 36 36 1361 1450 
