10 458
49 6 68 28 176 1 7 66 103 9 68 82 264 1 9 142 169 11 90 176 382 3 33 206 267 10 77 224 389 4 34 233 306 5 61 279 420 9 95 285 518 16 70 296 516 5 48 297 445 3 26 329 381 9 82 488 716 3 55 526 641 1 30 553 632 11 67 578 770 6 42 666 770 1 11 672 697 5 47 685 847 6 64 686 871 5 84 694 850 4 21 705 763 4 39 712 791 4 42 728 833 1 9 730 752 4 34 737 819 3 27 756 868 19 80 777 1063 13 56 807 999 16 136 856 1109 18 133 870 1143 1 11 891 931 9 65 922 1101 7 84 936 1111 5 74 951 1111 1 8 972 1011 15 165 979 1270 6 55 1020 1185 12 97 1022 1204 5 49 1047 1184 1 12 1215 1244 2 19 1250 1291 5 62 1293 1446 4 48 1312 1406 2 27 1312 1358 1 10 1351 1376 3 31 1362 1458 1 1 1454 1457 
38 15 91 2 294 15 54 34 210 1 27 81 127 2 17 106 149 17 98 192 483 9 95 262 470 15 94 306 560 8 80 314 492 1 2 316 324 14 55 341 620 12 107 380 603 4 45 409 565 4 24 415 480 3 36 575 662 11 99 626 855 3 50 647 742 14 105 656 894 12 114 689 934 6 49 737 880 11 82 821 1084 10 114 844 1118 8 87 857 1050 8 41 992 1133 9 117 1008 1256 16 128 1037 1286 4 44 1062 1156 8 71 1119 1296 17 143 1137 1412 12 131 1156 1402 5 17 1214 1286 2 22 1249 1293 1 7 1253 1270 5 17 1272 1350 2 14 1292 1337 2 20 1371 1442 1 7 1373 1395 1 11 1381 1405 1 12 1401 1436 
51 1 25 25 97 8 66 30 224 12 111 43 306 1 5 82 108 3 44 114 228 5 48 159 280 1 13 167 194 3 26 176 247 3 61 182 373 7 69 207 340 10 79 207 440 16 91 238 461 7 59 265 400 7 58 272 432 8 43 316 479 11 144 323 568 1 18 332 372 4 40 392 488 15 125 458 735 3 44 467 558 5 41 479 606 4 47 516 600 5 31 537 659 4 61 541 660 10 71 557 766 5 34 568 679 6 84 627 785 1 15 700 752 10 113 755 1021 6 53 789 939 9 32 794 946 13 70 827 1082 10 57 839 1013 4 88 841 1035 5 48 916 1074 3 22 971 1031 1 12 1059 1094 7 27 1125 1257 6 61 1149 1329 5 31 1154 1254 12 130 1170 1452 3 28 1195 1258 7 62 1200 1377 4 51 1296 1427 3 33 1310 1379 1 3 1317 1323 6 53 1331 1440 3 39 1355 1441 1 5 1379 1395 1 7 1390 1406 1 5 1440 1456 
42 1 4 125 151 5 54 129 271 4 29 132 224 1 3 178 187 7 92 256 502 12 86 390 583 16 149 424 685 4 75 436 597 15 93 440 702 6 74 455 611 6 68 486 626 14 117 554 843 3 56 598 695 3 27 604 682 17 127 612 880 8 103 614 834 11 120 624 874 12 60 651 907 7 50 720 836 1 8 765 789 7 80 781 959 9 99 795 1006 14 102 854 1126 13 64 930 1131 7 88 956 1190 11 84 985 1176 13 109 988 1270 1 5 1008 1023 1 10 1023 1051 20 122 1052 1343 12 120 1064 1346 8 96 1096 1280 4 25 1184 1257 6 55 1239 1428 2 8 1252 1288 3 61 1275 1388 1 21 1277 1315 4 57 1327 1433 3 22 1328 1396 1 5 1334 1347 1 5 1449 1462 1 1 1453 1460 
45 1 16 68 106 5 66 139 292 7 79 171 316 14 89 172 366 13 93 179 381 6 41 217 327 10 80 231 448 9 103 263 474 4 52 272 407 8 63 274 481 7 101 277 493 7 54 299 554 5 52 318 431 1 2 329 343 6 117 353 577 3 26 361 425 11 97 399 625 1 2 452 458 4 29 460 568 6 43 532 644 11 89 565 776 3 32 590 656 4 40 628 770 21 86 669 936 9 87 671 860 1 3 679 687 5 57 701 819 1 18 859 900 5 55 913 1081 16 97 959 1238 14 128 1014 1242 5 43 1064 1161 8 117 1089 1296 9 75 1096 1253 13 106 1169 1386 9 100 1233 1381 8 61 1279 1414 4 28 1285 1355 4 52 1325 1405 6 35 1343 1447 3 19 1345 1400 2 35 1346 1450 1 9 1366 1382 1 8 1433 1446 1 1 1450 1461 
53 2 13 63 97 11 59 124 310 1 8 126 154 6 94 127 275 11 114 140 387 9 63 240 404 1 8 248 271 11 102 338 557 6 52 361 496 3 29 389 459 14 76 456 706 1 3 473 482 2 21 481 531 2 14 499 545 12 56 517 735 1 11 569 601 10 161 587 872 7 54 623 788 8 56 651 818 8 113 721 970 2 94 733 905 14 96 750 1025 3 10 802 862 5 27 803 898 13 63 821 1084 5 63 827 984 2 21 868 921 1 14 903 930 7 96 911 1130 2 19 923 967 1 19 944 978 10 54 996 1174 11 132 1027 1253 15 165 1045 1326 10 94 1086 1344 2 10 1102 1147 2 11 1113 1148 7 50 1121 1262 8 26 1154 1282 4 42 1165 1309 2 11 1166 1201 5 53 1170 1295 8 49 1214 1363 3 24 1289 1352 5 71 1301 1447 5 23 1306 1423 3 43 1311 1429 4 29 1347 1438 4 25 1371 1447 2 17 1393 1436 3 16 1394 1441 1 7 1405 1432 1 1 1455 1458 
40 9 108 5 205 5 68 24 185 12 134 49 292 7 38 61 195 5 35 168 237 15 63 191 444 4 37 202 300 19 92 210 487 16 91 238 513 10 47 274 465 1 12 289 317 10 86 291 456 8 86 324 530 5 56 366 470 3 36 425 506 10 76 450 644 1 16 518 545 8 111 547 785 16 109 583 867 8 56 623 754 5 26 625 714 3 28 688 765 12 78 732 971 5 35 739 858 1 33 820 879 1 32 859 911 7 79 878 1053 13 98 988 1250 12 75 1007 1212 10 85 1025 1265 8 64 1075 1213 7 53 1155 1284 7 127 1156 1361 10 88 1208 1400 7 68 1286 1442 1 8 1316 1343 2 26 1356 1404 3 24 1366 1416 1 7 1411 1426 1 1 1459 1462 
49 1 7 23 44 8 84 53 292 1 10 94 117 2 44 121 224 12 94 124 347 10 121 163 393 9 88 164 381 1 11 166 230 6 32 190 284 1 1 280 283 11 57 340 515 12 122 364 636 8 49 367 500 9 66 386 547 2 23 427 477 1 21 461 535 5 56 543 667 7 50 569 828 6 40 614 735 1 1 650 657 9 73 654 934 6 35 680 837 10 100 699 967 7 49 722 825 14 66 735 916 1 13 738 783 2 25 812 880 3 26 841 924 9 90 872 1083 3 20 901 978 12 22 940 1143 6 35 983 1101 9 85 1040 1273 5 57 1116 1248 1 4 1118 1134 6 24 1135 1220 6 94 1140 1314 19 110 1146 1383 14 82 1191 1382 13 72 1226 1441 6 36 1235 1348 3 20 1308 1378 6 42 1326 1459 1 12 1339 1368 4 39 1354 1433 1 14 1372 1399 1 6 1376 1390 1 12 1380 1409 1 15 1382 1411 
47 13 75 15 253 2 27 40 87 1 5 58 68 4 34 60 136 3 21 86 153 5 40 122 267 10 47 136 399 19 135 141 430 2 22 156 234 12 108 219 418 2 13 226 266 3 40 262 356 13 73 296 508 1 12 317 355 6 57 328 487 1 20 336 371 3 21 348 396 9 63 372 547 2 21 394 440 8 105 398 663 12 84 432 603 6 61 481 606 3 16 494 579 9 176 536 824 10 63 602 767 1 13 619 650 2 25 623 716 6 82 649 784 8 79 670 832 6 58 808 911 1 3 838 848 4 38 845 946 3 31 938 1009 10 121 967 1210 14 81 973 1185 7 81 1027 1187 12 83 1056 1250 5 36 1081 1185 15 90 1107 1316 5 50 1120 1231 12 99 1122 1319 1 23 1153 1205 6 45 1244 1362 7 39 1251 1374 3 10 1384 1434 1 6 1416 1429 1 1 1422 1428 
44 6 125 8 207 8 50 43 190 6 17 78 224 7 79 138 350 5 50 170 325 1 4 241 254 8 44 259 391 14 114 319 517 2 16 346 388 16 108 395 681 7 40 437 542 7 53 488 607 7 77 570 728 3 45 574 673 2 22 598 645 8 51 614 774 2 11 630 672 15 120 639 907 6 52 659 814 14 92 660 929 2 14 781 828 18 104 789 1064 15 66 839 1073 3 57 857 1002 9 101 913 1106 1 12 946 978 8 27 950 1110 5 45 965 1071 11 65 1013 1173 6 93 1073 1229 1 26 1120 1166 11 124 1126 1386 1 9 1142 1169 10 94 1151 1429 13 98 1175 1363 11 116 1201 1426 1 8 1248 1281 3 32 1249 1341 2 66 1253 1421 9 74 1260 1404 3 26 1289 1361 5 34 1382 1462 1 6 1433 1451 1 1 1459 1462 
