15 95
9 16 16 84 118 15 16 135 177 95 95 186 413 47 69 264 432 40 75 713 842 14 15 720 757 36 36 891 983 27 27 1368 1434 5 30 1388 1445 
7 26 68 1 133 27 33 348 429 57 98 478 721 101 101 777 1052 20 22 881 935 50 50 1273 1401 5 5 1399 1412 
6 35 35 4 80 85 85 172 419 65 107 355 643 15 15 845 895 12 15 1072 1108 71 71 1119 1283 
5 56 65 560 718 45 56 671 785 116 116 870 1139 58 87 1097 1307 4 4 1228 1236 
8 59 59 22 182 41 48 278 426 45 49 324 444 36 40 535 648 69 69 731 883 4 6 896 914 43 43 907 1035 22 30 1381 1441 
5 70 84 34 307 105 105 46 256 36 101 204 361 34 37 1264 1367 32 37 1400 1470 
4 14 26 371 422 116 116 404 685 91 200 413 705 113 113 1000 1227 
8 65 93 32 247 56 56 104 227 2 2 137 142 9 9 412 431 47 75 785 973 14 14 995 1039 71 98 1176 1448 8 8 1388 1413 
7 13 13 117 147 41 52 598 743 59 59 748 910 70 72 764 934 9 12 786 811 68 111 858 1144 80 117 1074 1287 
6 78 78 327 469 14 23 773 814 19 19 880 937 54 57 1152 1268 77 77 1199 1414 38 38 1361 1441 
7 33 41 724 816 41 54 837 947 54 67 1064 1223 97 97 1119 1343 40 57 1174 1348 5 5 1293 1309 14 14 1437 1467 
6 21 21 205 265 47 47 459 552 101 101 591 781 7 13 970 998 61 96 1115 1340 50 50 1294 1422 
6 20 24 66 132 89 104 139 394 63 66 290 432 30 39 314 388 90 90 589 809 40 79 617 845 
5 49 49 214 338 87 87 490 665 48 109 608 892 102 102 1116 1380 6 6 1443 1459 
6 70 114 617 854 86 96 811 1022 36 48 830 943 31 32 856 941 29 29 937 1020 42 91 1063 1332 
