10 126
11 24 39 40 163 7 14 93 155 22 42 138 246 27 65 306 482 19 49 443 609 14 30 501 584 77 77 704 953 47 47 741 991 51 103 1098 1311 24 78 1207 1405 1 5 1318 1334 
15 4 9 121 146 14 14 318 362 16 38 386 459 17 49 389 528 14 31 573 705 65 122 575 827 40 67 594 796 18 122 911 1115 32 44 1138 1259 49 51 1156 1376 26 26 1239 1462 1 2 1311 1317 17 52 1328 1414 1 2 1356 1363 6 10 1421 1455 
11 18 32 50 113 40 94 487 716 32 69 532 727 39 101 630 837 13 37 681 761 19 33 820 907 36 57 900 1069 53 117 933 1210 23 51 965 1072 2 9 1042 1061 42 42 1238 1423 
8 46 112 83 323 33 49 114 281 37 88 321 538 20 43 679 798 40 93 800 961 52 115 852 1093 37 57 1090 1244 58 81 1163 1441 
14 13 30 202 305 9 17 293 331 13 44 401 490 34 34 419 541 3 6 540 559 68 139 630 921 33 57 719 855 57 96 825 1063 7 23 827 882 29 85 924 1201 2 4 935 949 25 45 993 1124 1 1 1093 1097 13 27 1228 1293 
9 26 70 46 208 51 113 434 705 37 61 497 685 10 33 513 579 15 24 763 840 12 56 828 931 59 113 887 1129 80 114 1043 1332 36 69 1098 1271 
15 4 11 316 340 20 46 390 493 2 4 435 444 1 2 482 491 5 12 587 614 42 126 644 872 36 68 734 944 10 13 873 912 15 50 911 1008 50 108 953 1235 33 79 1106 1307 54 126 1139 1343 19 24 1258 1362 4 16 1260 1290 7 7 1431 1459 
12 1 1 14 17 65 94 245 512 69 151 272 563 24 39 362 486 6 9 443 469 34 39 529 682 24 41 638 731 3 3 1095 1109 55 70 1144 1391 29 52 1328 1445 5 15 1331 1364 6 6 1413 1434 
16 23 56 185 274 66 141 191 482 11 57 204 381 20 30 208 305 30 70 426 616 36 47 524 678 29 65 718 859 4 12 782 806 18 25 851 934 11 24 855 933 26 41 921 1043 23 67 994 1132 1 6 1198 1210 9 24 1288 1353 1 2 1411 1416 1 1 1457 1460 
15 11 27 7 63 9 14 385 429 8 16 434 486 18 41 465 574 13 57 468 601 11 22 680 762 51 96 778 1057 4 7 781 801 18 58 791 934 35 66 861 1087 43 100 897 1169 39 82 1167 1373 13 69 1207 1318 4 12 1241 1274 32 71 1249 1457 
