15 337
18 17 49 68 325 1 8 78 95 7 91 266 463 6 92 365 579 14 101 410 631 11 86 505 690 9 90 580 778 4 26 613 684 5 47 625 732 11 83 626 815 8 90 680 880 10 114 757 1020 9 74 784 944 9 43 857 1038 8 40 903 1021 4 39 928 1026 1 22 1118 1176 1 7 1328 1348 
23 1 18 101 156 3 68 133 234 12 110 195 461 6 108 352 589 13 99 410 664 10 62 449 684 1 3 537 547 12 80 552 794 3 26 624 701 10 67 662 908 3 35 769 834 2 23 875 935 9 85 993 1194 12 81 1006 1245 3 80 1075 1191 6 60 1133 1267 1 20 1139 1190 9 95 1158 1343 4 44 1195 1282 8 30 1224 1336 1 10 1326 1345 1 3 1334 1350 1 1 1336 1340 
24 3 19 26 105 9 94 40 205 2 19 53 113 2 14 104 154 1 25 141 189 1 80 228 444 6 54 233 356 10 50 272 492 4 90 349 582 11 102 371 596 7 80 390 548 9 86 632 823 6 114 715 925 6 54 723 866 11 67 818 979 5 45 865 969 3 40 984 1062 11 92 1044 1288 1 3 1075 1083 13 80 1079 1298 1 8 1093 1122 4 38 1151 1292 1 15 1209 1252 1 9 1318 1347 
23 11 88 17 226 11 142 55 290 6 44 149 259 5 69 152 272 3 19 267 313 2 21 374 414 6 51 538 689 1 7 612 639 10 38 621 761 8 38 693 868 11 79 725 938 2 15 787 845 6 32 862 995 9 81 872 1126 2 12 945 981 2 29 948 1011 10 63 973 1129 11 108 1056 1254 5 55 1151 1313 5 27 1178 1272 1 9 1208 1223 1 11 1250 1288 1 7 1330 1343 
26 11 78 32 260 6 71 61 222 6 33 102 223 1 2 188 198 2 27 397 473 4 21 410 503 4 34 536 664 4 51 581 681 10 55 669 903 5 46 683 774 9 60 714 861 14 112 809 1057 3 30 866 941 2 13 870 913 6 42 971 1092 1 2 978 983 5 29 981 1085 3 15 1072 1135 9 42 1119 1297 7 51 1145 1279 9 70 1158 1339 5 44 1205 1330 1 20 1215 1257 4 46 1216 1328 1 19 1313 1350 1 1 1345 1349 
27 3 26 67 141 13 70 71 327 3 39 93 175 4 33 120 240 1 2 129 137 15 111 170 439 2 19 178 237 16 94 280 550 4 26 331 404 1 13 339 387 10 102 367 605 3 29 428 503 4 38 465 578 6 75 669 842 5 29 753 863 7 61 772 960 6 63 841 989 7 78 873 1038 3 41 995 1079 10 74 1059 1252 3 29 1088 1169 4 40 1156 1268 1 1 1183 1190 5 31 1201 1311 1 11 1205 1221 1 5 1272 1286 1 7 1328 1344 
21 12 74 16 179 5 34 155 258 9 84 194 419 1 16 354 383 11 93 517 729 2 13 522 576 9 44 548 747 16 54 627 894 10 86 666 883 3 30 695 779 14 113 704 955 4 45 706 801 7 33 843 983 7 43 1022 1153 8 94 1054 1288 2 28 1076 1138 2 73 1104 1199 4 41 1191 1301 1 13 1227 1271 2 32 1249 1323 1 3 1327 1338 
20 11 84 98 353 14 96 266 495 12 118 291 521 10 113 391 619 4 48 430 538 11 71 453 646 8 104 548 765 3 21 559 607 5 65 648 801 7 51 747 844 1 14 760 791 1 8 763 781 11 59 837 1056 7 64 857 983 13 96 868 1080 4 68 990 1157 5 31 1079 1205 1 5 1102 1114 1 12 1130 1169 2 16 1224 1273 
21 3 40 6 108 15 107 143 409 8 30 274 376 3 41 293 391 1 26 320 395 3 45 322 436 9 80 401 593 5 50 425 508 3 23 607 656 8 100 671 904 4 50 707 830 14 79 733 988 4 31 779 856 6 84 854 1065 14 98 903 1169 11 75 960 1159 1 11 1046 1073 9 56 1095 1269 8 90 1122 1292 4 44 1192 1332 1 9 1311 1331 
20 4 57 149 254 13 123 185 418 13 90 227 493 11 83 236 492 1 1 261 264 5 73 374 506 5 45 376 460 1 17 468 504 8 44 478 614 15 80 538 802 5 64 544 667 5 56 586 754 10 64 758 910 8 111 870 1098 15 138 957 1204 2 38 1012 1104 1 10 1205 1223 3 39 1229 1320 2 28 1247 1309 2 21 1306 1347 
19 9 83 14 180 9 85 138 404 10 60 222 395 9 99 353 611 7 82 385 596 1 5 385 403 10 64 390 593 1 7 444 460 5 40 534 635 9 74 538 699 6 40 579 701 18 124 664 916 4 48 702 815 5 63 736 850 8 80 763 944 9 81 1054 1270 2 46 1126 1242 5 34 1196 1284 2 22 1280 1336 
27 2 18 35 74 6 41 41 190 4 33 74 176 5 43 144 257 2 14 161 201 8 69 378 572 11 145 384 649 15 103 441 696 2 19 505 552 2 23 640 702 6 43 659 788 4 25 721 814 12 125 761 1031 3 16 809 871 2 20 813 876 10 96 837 1054 11 77 1103 1277 4 43 1123 1245 1 6 1142 1156 5 47 1156 1283 5 65 1196 1341 3 39 1208 1313 3 40 1228 1302 2 10 1295 1331 2 17 1302 1347 1 8 1317 1338 1 2 1336 1342 
25 5 53 42 157 2 20 69 116 11 66 196 404 7 66 272 448 7 53 337 489 5 66 437 581 1 27 440 479 10 46 466 640 8 64 526 687 9 84 526 727 9 88 645 865 6 30 653 756 3 36 680 752 5 34 699 786 1 2 735 742 12 101 810 1057 2 49 864 1002 8 83 885 1091 4 39 987 1058 9 77 1025 1293 2 30 1040 1099 2 16 1082 1135 2 12 1152 1197 1 9 1328 1348 1 6 1331 1344 
21 4 41 19 96 12 76 66 307 2 21 226 271 12 67 244 429 2 14 302 340 5 87 310 451 3 35 343 420 1 30 398 457 6 29 581 676 9 50 583 712 3 49 687 781 5 49 744 896 14 82 771 997 14 95 824 1057 11 98 891 1122 8 113 1029 1261 11 106 1090 1346 1 1 1109 1112 6 53 1213 1348 5 56 1243 1344 1 1 1348 1351 
22 5 44 8 135 7 52 13 137 14 73 18 207 2 19 54 106 5 71 68 201 3 44 97 208 11 74 220 445 6 39 242 362 7 65 343 491 3 19 354 417 3 29 475 530 5 53 546 680 1 17 571 615 12 61 602 854 1 20 606 652 7 52 638 776 6 93 780 968 7 97 971 1184 10 105 1063 1326 16 49 1080 1324 1 8 1232 1249 2 13 1233 1269 
