15 92
6 23 55 93 233 30 53 174 303 1 3 857 865 33 54 889 997 36 65 1024 1204 5 15 1159 1193 
5 68 154 104 338 4 8 245 271 30 86 890 1084 25 91 1033 1228 4 11 1144 1169 
5 43 82 70 279 27 65 677 874 16 36 778 853 28 91 1023 1200 10 10 1196 1238 
3 40 46 441 584 57 96 646 880 26 56 651 793 
5 24 48 92 230 8 24 590 649 26 31 619 715 50 93 637 823 36 73 942 1119 
7 47 150 307 532 5 5 736 759 17 25 877 936 10 25 877 944 17 30 1050 1139 12 12 1156 1217 9 18 1187 1238 
7 20 47 259 356 12 22 319 374 2 3 506 515 2 3 805 816 34 87 948 1105 42 59 1059 1231 14 27 1151 1220 
7 6 11 314 339 2 6 465 480 40 47 530 708 37 83 798 986 15 39 860 961 13 32 1022 1112 7 18 1180 1235 
4 21 48 179 298 22 47 335 459 27 65 629 749 43 43 737 871 
8 15 28 57 128 3 20 101 136 13 30 584 648 31 47 642 776 10 34 850 917 6 17 986 1032 22 68 1038 1188 16 39 1083 1195 
8 14 23 123 175 9 19 133 176 8 35 174 243 48 62 484 684 36 50 772 911 18 37 945 1030 1 1 1161 1165 2 7 1212 1232 
8 22 47 80 192 29 60 218 419 14 28 265 343 5 6 441 456 45 100 566 795 22 22 997 1075 11 27 1130 1214 7 20 1189 1228 
9 44 82 74 275 3 5 315 329 46 89 383 617 20 34 384 491 2 4 540 551 22 45 1060 1147 2 6 1107 1120 3 7 1193 1218 1 2 1218 1225 
4 30 45 71 228 30 54 343 480 24 97 509 725 38 100 664 867 
6 20 30 253 330 9 14 395 445 27 31 426 513 37 48 509 699 28 65 1051 1193 2 4 1203 1217 
