10 155
15 17 17 255 349 28 37 285 462 19 52 395 512 67 67 522 827 5 10 524 552 26 92 608 850 21 30 704 790 53 84 770 983 18 41 771 882 51 103 865 1109 88 176 1086 1399 38 74 1237 1390 64 64 1251 1523 11 12 1338 1378 4 14 1573 1601 
18 30 77 91 239 42 111 345 602 77 163 373 675 3 6 606 635 44 59 735 890 37 149 851 1157 40 82 918 1106 3 8 946 969 55 98 1003 1252 2 18 1007 1045 16 31 1078 1175 8 15 1090 1153 40 68 1190 1453 46 73 1201 1425 19 36 1366 1482 14 39 1499 1588 3 10 1505 1525 12 16 1521 1598 
16 19 29 8 96 45 125 63 370 23 56 169 334 56 88 178 442 89 116 212 511 23 31 213 298 47 100 235 532 9 26 610 664 1 2 612 619 62 122 615 874 27 55 903 1059 70 143 1020 1304 1 2 1106 1116 20 35 1320 1410 7 21 1516 1563 4 9 1574 1596 
17 12 28 112 181 13 25 272 329 56 56 340 560 6 11 402 436 24 85 458 593 50 90 496 761 94 148 712 1019 23 78 738 967 43 63 840 1070 44 49 875 1063 1 1 1052 1055 5 17 1071 1114 61 100 1231 1482 31 116 1260 1518 19 38 1452 1547 7 15 1565 1596 1 1 1596 1602 
15 61 102 2 233 38 76 16 205 58 111 17 278 7 29 411 463 47 134 534 832 62 133 637 898 14 31 692 772 39 74 874 1059 3 14 899 927 50 113 935 1161 26 65 1122 1349 19 23 1214 1324 36 96 1256 1461 10 29 1495 1555 5 7 1566 1588 
13 65 71 108 429 60 120 283 564 2 3 297 309 32 32 436 563 1 2 472 478 23 41 591 691 76 89 635 955 52 100 751 1022 26 45 803 943 36 62 825 963 40 40 1305 1504 36 59 1358 1504 6 8 1442 1461 
15 14 30 4 69 70 70 26 323 44 78 187 447 47 158 349 630 44 59 356 525 15 37 493 585 35 85 552 715 1 1 901 909 32 48 956 1135 19 80 1049 1261 26 40 1146 1272 17 39 1208 1286 30 97 1227 1502 53 115 1323 1584 3 3 1553 1566 
14 36 57 12 174 28 114 143 365 33 44 151 299 27 50 236 370 42 121 411 706 48 125 411 688 56 101 698 981 59 72 733 950 13 50 751 831 53 102 950 1182 21 65 1016 1127 15 70 1326 1453 18 38 1417 1507 13 24 1528 1591 
16 37 69 4 191 29 73 70 214 38 47 81 226 5 17 161 190 35 97 261 481 20 27 369 488 25 44 379 532 49 170 381 684 29 67 505 634 6 14 824 856 51 107 832 1091 51 123 883 1139 5 11 893 929 44 99 906 1118 17 32 1269 1364 19 30 1339 1428 
16 33 87 36 245 38 58 65 203 3 9 97 118 6 12 613 643 24 46 689 813 11 40 713 813 56 58 830 1095 23 78 843 1049 73 90 1052 1359 57 73 1090 1300 39 68 1163 1343 56 107 1324 1591 5 17 1351 1385 19 46 1423 1552 4 10 1559 1580 6 11 1561 1584 
