15 179
11 41 52 42 238 1 1 132 135 39 107 162 352 18 31 227 323 38 80 236 407 13 36 411 517 69 109 471 722 30 57 614 762 23 99 913 1119 17 17 1243 1320 3 7 1324 1347 
12 18 33 141 224 41 91 147 325 1 1 162 166 50 102 262 461 28 56 365 518 12 19 403 464 45 45 603 803 12 32 661 732 45 127 876 1131 8 14 1065 1103 9 15 1185 1227 11 22 1255 1320 
13 16 55 99 193 45 71 198 446 11 24 337 388 26 26 504 614 5 16 648 691 18 55 679 814 4 7 828 847 1 4 960 970 52 133 962 1206 46 104 985 1241 1 1 1118 1123 44 74 1137 1333 10 26 1261 1353 
10 37 37 98 216 24 48 341 488 45 60 391 623 15 55 441 548 53 53 562 752 24 59 662 864 15 15 897 958 15 19 971 1026 40 96 997 1166 21 33 1143 1226 
8 50 74 409 578 38 38 461 660 66 87 538 754 1 6 660 672 62 107 816 1045 33 67 850 1006 7 12 874 916 22 60 1064 1272 
11 42 67 3 250 13 30 36 147 54 89 309 501 3 11 404 425 13 14 408 459 62 80 565 809 17 24 717 779 50 73 875 1061 32 89 966 1124 14 24 1093 1260 1 1 1335 1340 
14 9 16 159 200 16 43 370 587 12 32 479 551 21 62 763 942 51 68 776 982 2 15 791 824 37 105 960 1139 33 54 980 1112 11 18 1067 1123 8 19 1077 1126 38 38 1132 1299 31 79 1148 1296 19 39 1155 1310 27 51 1159 1313 
12 30 60 14 179 49 58 82 256 22 71 113 270 20 39 124 230 23 23 281 364 32 66 355 542 38 53 404 565 1 2 977 985 49 99 1045 1286 5 14 1293 1324 5 22 1311 1350 5 9 1328 1352 
12 48 58 322 525 1 5 397 408 59 115 472 713 46 77 579 793 10 27 764 829 54 136 858 1072 5 16 1007 1052 1 5 1046 1057 61 61 1078 1287 1 4 1158 1170 16 31 1231 1308 2 5 1304 1317 
13 6 11 50 83 32 66 95 247 15 50 242 345 42 48 470 653 65 115 516 780 11 27 567 651 33 103 728 933 28 79 772 953 12 30 862 927 15 43 891 993 24 52 997 1141 2 3 1126 1138 23 74 1217 1336 
11 53 118 98 339 14 102 211 395 7 7 383 409 6 11 515 541 19 38 538 620 53 83 792 997 4 12 863 895 9 28 921 991 25 55 931 1074 52 142 940 1198 54 150 950 1193 
8 15 36 314 431 45 82 515 691 49 64 730 941 12 29 743 819 36 92 753 1021 51 83 863 1120 57 96 864 1122 26 44 1209 1307 
13 28 61 179 324 4 6 378 402 11 28 423 492 41 105 560 759 43 67 563 756 16 36 585 679 8 18 634 683 33 120 722 969 27 35 785 904 24 35 918 1006 6 6 1011 1036 47 107 1013 1270 5 11 1209 1259 
18 18 46 114 206 5 16 137 164 30 69 168 342 15 57 200 353 30 64 209 401 2 2 299 307 31 72 362 569 8 23 478 523 32 72 505 692 42 107 576 769 27 44 585 737 11 17 670 716 26 79 759 942 8 20 1007 1054 21 52 1135 1248 10 10 1168 1212 1 1 1187 1190 1 4 1299 1311 
13 27 28 15 135 12 19 18 77 13 13 26 94 44 104 65 312 51 99 88 311 9 20 284 325 31 79 509 685 37 78 576 742 10 46 635 718 4 5 640 663 13 29 864 931 29 51 919 1057 2 4 1131 1143 
