10 64
6 81 97 340 587 5 7 425 445 86 86 512 730 63 99 595 833 9 9 776 802 12 12 793 817 
6 2 2 312 319 34 34 344 431 28 38 712 815 76 106 938 1179 83 83 981 1190 50 78 1207 1392 
9 70 108 2 238 38 42 174 287 32 36 319 445 52 52 942 1085 17 22 958 1006 23 29 979 1035 5 14 1209 1233 6 6 1217 1237 7 9 1366 1382 
7 7 10 72 95 95 95 76 339 56 80 200 354 13 15 531 582 82 82 595 768 8 8 1115 1139 36 36 1136 1221 
7 63 63 169 286 97 98 169 391 6 9 403 418 39 81 704 894 27 29 844 939 49 73 939 1122 19 22 1289 1344 
10 43 55 160 290 18 24 571 644 121 137 717 972 22 52 760 863 31 44 767 864 29 29 818 878 34 41 1014 1124 23 23 1079 1130 16 19 1335 1381 1 2 1379 1384 
5 65 65 80 248 101 101 198 473 27 27 343 426 60 97 568 828 45 51 1087 1244 
5 86 110 205 451 117 117 239 478 57 85 589 739 30 35 853 925 11 11 1348 1372 
4 51 89 377 604 94 108 463 677 82 133 730 1008 48 65 990 1169 
5 69 135 178 428 38 61 754 873 108 139 769 1037 30 68 1226 1349 22 22 1326 1377 
