15 66
4 86 98 275 509 27 35 536 613 49 69 746 902 1 1 1172 1178 
4 25 46 75 187 41 49 1042 1149 80 80 1044 1228 3 3 1137 1146 
4 61 61 111 281 67 84 314 583 35 108 781 956 17 37 1086 1170 
5 19 24 521 595 56 99 726 970 25 25 913 976 26 26 915 1001 31 47 1236 1357 
7 21 22 127 177 20 39 267 349 52 52 369 472 9 19 503 560 23 35 778 888 42 44 1172 1278 2 3 1358 1366 
4 32 32 695 788 81 127 874 1152 8 8 914 936 56 84 1023 1172 
3 45 46 375 484 4 5 600 612 112 127 926 1203 
3 73 73 850 993 33 33 970 1063 64 64 1094 1245 
4 41 41 53 145 75 93 915 1079 38 49 977 1083 12 15 1302 1335 
4 85 87 368 629 22 51 875 969 28 28 1068 1120 6 8 1111 1132 
6 4 6 23 36 35 60 114 266 83 111 735 969 33 33 1276 1382 6 14 1311 1347 7 10 1357 1383 
5 2 2 478 483 110 144 564 826 66 69 823 975 8 15 1299 1336 1 2 1377 1381 
7 4 11 150 180 54 54 229 363 25 33 239 302 20 20 425 478 15 23 847 903 63 63 893 1080 17 38 1261 1353 
2 43 74 222 384 106 109 724 988 
4 112 112 36 307 8 10 338 361 68 122 503 717 8 11 1319 1350 
