15 188
13 16 66 0 164 23 48 543 700 19 47 667 820 48 69 721 905 4 10 761 784 9 24 761 822 50 90 770 997 20 45 803 950 31 79 962 1121 65 149 1035 1329 31 69 1187 1359 30 34 1203 1363 4 9 1513 1538 
11 64 105 7 322 27 58 7 172 10 18 19 64 29 74 208 407 20 140 293 584 25 44 298 405 18 18 322 398 46 164 651 948 41 60 721 960 45 96 1217 1493 4 17 1562 1594 
14 13 25 40 94 10 16 85 149 28 88 93 292 7 15 244 272 5 11 518 542 28 72 564 716 26 51 712 820 56 84 812 1100 34 47 829 971 37 57 976 1222 22 29 1080 1188 16 33 1143 1211 50 111 1235 1486 27 58 1454 1589 
13 34 34 7 128 50 126 85 349 19 44 130 225 4 8 491 513 38 63 502 659 15 45 646 726 15 30 894 960 41 112 934 1215 36 88 1012 1201 36 86 1180 1398 33 46 1246 1382 3 6 1362 1377 7 7 1557 1587 
16 14 32 34 100 30 99 73 316 1 4 123 131 18 22 132 219 41 95 332 506 17 35 573 693 11 36 600 681 3 13 689 712 33 131 752 986 38 90 1111 1329 3 12 1125 1153 42 113 1260 1518 53 100 1313 1497 15 28 1432 1521 28 44 1439 1547 3 6 1560 1579 
13 19 41 98 188 15 55 217 309 58 124 253 477 50 157 641 918 29 61 708 841 2 5 809 825 21 30 865 948 55 76 995 1225 16 30 1054 1115 24 29 1173 1292 36 52 1412 1565 2 9 1524 1541 3 6 1569 1584 
13 22 59 100 300 37 44 162 358 19 40 341 432 15 28 363 438 65 86 497 772 34 69 653 831 44 78 1227 1417 37 64 1411 1542 29 52 1417 1550 12 30 1436 1503 10 73 1452 1587 7 15 1510 1545 8 16 1557 1591 
10 16 26 52 116 41 71 88 327 65 141 403 713 55 121 807 1077 17 24 996 1079 53 94 1046 1345 50 77 1142 1360 24 38 1169 1248 32 52 1293 1418 3 11 1466 1490 
11 45 103 22 240 22 49 255 355 16 30 352 443 95 95 416 724 29 97 458 661 53 113 683 935 3 7 692 704 34 117 750 1048 8 30 985 1030 18 34 1224 1294 11 27 1456 1513 
14 53 122 334 622 28 62 370 521 4 8 455 487 10 20 506 566 37 71 1129 1264 28 62 1160 1303 29 69 1161 1328 57 130 1189 1453 16 37 1247 1341 25 83 1292 1484 56 88 1356 1592 6 22 1541 1592 6 12 1556 1585 1 2 1572 1576 
9 78 99 293 586 58 58 500 749 46 67 524 717 1 2 691 696 30 30 762 865 76 92 813 1116 36 75 1213 1433 21 40 1488 1559 1 2 1518 1525 
9 51 84 22 221 6 25 174 249 42 60 591 741 85 85 613 931 8 23 807 862 5 9 836 868 43 91 838 1032 55 117 1038 1310 51 98 1237 1546 
13 43 183 85 376 50 82 295 530 13 26 652 707 31 100 670 896 1 3 941 949 35 43 959 1117 29 108 989 1163 10 22 1083 1144 46 95 1178 1404 26 108 1179 1433 18 149 1193 1483 10 24 1260 1318 18 33 1495 1590 
16 64 158 63 343 22 49 99 212 34 37 165 303 14 28 290 352 4 9 431 452 57 93 438 669 18 23 483 578 34 68 719 948 8 12 781 811 14 30 1028 1100 33 39 1034 1144 4 4 1258 1277 8 28 1271 1340 19 54 1373 1478 3 8 1519 1536 1 2 1552 1557 
13 37 48 28 175 11 48 56 164 10 32 344 413 27 94 632 830 21 35 643 760 23 59 758 854 14 48 958 1062 40 57 1031 1170 44 92 1092 1315 12 34 1132 1213 22 54 1265 1371 49 137 1294 1542 13 26 1388 1452 
