10 110
11 9 22 156 223 6 7 266 310 43 43 358 525 32 33 466 663 6 6 580 623 28 31 703 832 60 67 705 938 39 75 755 1051 37 37 875 1044 51 51 967 1140 7 7 1105 1138 
12 10 10 168 210 30 55 216 389 52 73 271 488 48 59 272 514 8 14 420 469 15 21 615 703 11 11 876 929 57 59 969 1200 41 44 1021 1268 7 15 1409 1456 1 4 1478 1495 1 1 1504 1509 
11 38 46 146 273 37 44 258 475 12 22 327 398 28 41 425 595 7 10 592 638 65 81 732 1007 23 23 778 886 29 60 980 1162 38 57 1150 1334 4 7 1262 1294 12 22 1382 1442 
8 3 3 205 216 4 5 493 513 45 52 609 806 70 76 615 864 48 69 677 915 49 49 1132 1407 33 43 1156 1362 16 24 1330 1427 
14 3 3 337 351 16 20 412 496 34 59 422 609 29 29 437 578 17 17 545 641 14 21 691 766 4 7 725 751 29 40 856 999 41 41 1241 1424 19 19 1248 1331 37 37 1284 1409 30 52 1306 1449 2 10 1360 1392 1 1 1489 1494 
10 25 25 59 166 41 66 62 327 52 92 112 408 51 61 480 714 57 57 883 1137 10 17 1010 1080 6 8 1143 1166 19 28 1211 1316 3 3 1408 1429 4 4 1415 1431 
13 1 1 118 121 3 4 207 226 38 62 219 389 1 1 236 241 46 64 325 554 37 59 401 593 20 20 426 506 22 28 500 614 54 54 745 955 9 9 808 841 21 25 881 973 26 45 997 1168 9 14 1082 1145 
9 19 19 95 196 37 89 455 739 18 54 555 746 53 54 671 893 74 91 679 971 58 93 830 1096 19 31 838 924 27 27 874 992 23 47 1104 1249 
7 31 31 146 285 42 48 159 352 73 73 324 622 32 73 539 703 19 30 564 669 13 13 831 884 63 63 842 1070 
15 35 41 71 218 28 50 86 244 1 1 237 242 40 79 295 530 1 1 320 323 13 17 495 548 8 8 527 568 26 30 715 833 3 3 847 860 67 67 983 1235 1 3 1282 1296 5 7 1302 1332 9 9 1311 1395 33 33 1373 1471 16 20 1382 1452 
