15 269
16 67 91 31 323 12 17 107 159 46 93 211 413 59 83 265 523 2 7 362 377 45 69 406 664 46 146 485 781 26 74 639 836 40 58 800 982 80 132 820 1107 58 67 1081 1397 34 79 1170 1338 17 45 1296 1407 57 111 1381 1607 2 5 1630 1642 1 3 1636 1644 
20 36 79 108 290 56 151 121 439 13 54 232 332 1 4 467 477 37 102 474 683 6 12 484 512 22 56 519 665 9 25 523 636 9 33 563 639 61 86 603 842 64 92 681 1001 96 151 886 1201 5 18 929 982 53 53 944 1163 61 104 1048 1298 4 6 1265 1288 6 27 1463 1548 2 5 1534 1547 4 5 1597 1622 1 2 1619 1626 
14 53 164 44 333 10 22 69 142 65 88 135 413 56 89 154 383 8 31 391 453 59 73 558 808 33 132 597 891 57 85 852 1099 70 99 941 1240 54 70 981 1175 52 96 1091 1300 25 58 1163 1299 14 49 1192 1297 5 5 1600 1620 
19 21 60 391 496 44 75 482 671 17 19 504 557 8 16 532 587 61 91 564 822 4 19 634 670 70 92 687 1010 62 119 698 1010 33 66 807 943 31 54 912 1106 59 159 1043 1351 21 64 1303 1460 2 3 1314 1327 33 61 1337 1507 33 68 1425 1610 12 29 1519 1599 1 5 1544 1556 2 3 1622 1636 1 2 1634 1641 
21 36 68 34 261 37 148 362 636 19 50 383 519 11 29 396 465 4 9 434 454 33 100 478 688 55 95 533 809 4 25 554 618 4 10 657 679 29 61 695 828 18 32 1041 1114 56 90 1110 1375 11 24 1266 1312 49 81 1286 1599 16 54 1303 1398 74 74 1308 1553 39 60 1347 1599 41 76 1421 1587 9 23 1518 1572 17 22 1536 1609 4 10 1574 1596 
19 55 117 235 470 78 127 435 716 16 37 587 687 22 52 604 747 13 21 917 972 31 79 994 1153 66 141 1062 1376 1 1 1065 1069 53 66 1129 1358 14 26 1264 1335 48 76 1269 1564 17 37 1289 1370 42 63 1372 1591 7 7 1383 1420 30 50 1453 1588 9 16 1569 1610 2 9 1573 1594 9 11 1595 1637 6 12 1611 1642 
14 44 44 240 468 60 87 280 581 22 46 354 465 9 18 420 471 62 151 428 735 36 67 448 601 9 9 473 514 68 123 735 1055 25 38 818 910 21 48 893 1007 24 62 1008 1179 58 174 1105 1380 50 108 1238 1482 28 60 1479 1603 
20 13 29 115 190 43 129 167 464 78 113 312 566 1 1 452 457 11 14 538 582 28 96 559 752 48 96 572 760 37 60 626 797 24 52 654 784 7 12 679 716 35 58 718 888 65 65 731 973 55 91 932 1222 3 6 1040 1059 4 8 1336 1357 13 22 1389 1462 35 57 1462 1613 6 14 1532 1567 6 15 1537 1565 20 26 1549 1625 
12 5 9 7 27 83 90 62 380 45 49 210 372 70 153 224 503 19 19 400 488 76 108 512 800 50 118 518 778 25 43 519 646 55 152 796 1093 62 150 831 1154 40 122 933 1174 8 17 1278 1313 
15 54 54 11 262 69 101 218 536 17 33 226 307 92 92 301 570 67 72 347 596 6 23 446 496 55 161 657 972 13 23 657 735 1 2 937 943 51 127 1132 1375 29 67 1142 1277 37 62 1153 1307 21 37 1174 1273 13 32 1424 1509 24 48 1483 1614 
19 11 20 79 138 11 13 238 285 33 94 262 443 68 145 311 557 28 83 594 755 22 56 617 714 72 107 722 1025 68 174 754 1081 14 74 776 921 28 46 778 922 13 35 824 899 15 54 966 1075 35 58 1214 1376 4 7 1405 1422 32 53 1420 1590 31 40 1449 1622 5 15 1477 1505 22 54 1486 1599 6 10 1597 1619 
19 7 7 67 94 6 24 221 262 33 56 331 455 1 2 387 394 7 13 463 504 20 104 575 787 31 73 628 811 76 99 719 948 17 27 795 892 41 92 870 1057 38 82 881 1034 34 107 884 1183 28 124 897 1157 13 29 947 1031 49 97 1070 1392 6 16 1116 1152 4 9 1131 1152 35 67 1206 1443 72 104 1370 1636 
22 59 146 35 342 46 91 45 215 12 14 327 368 21 22 391 495 18 20 470 542 13 33 476 551 2 5 698 714 45 133 855 1150 43 91 899 1087 37 84 1028 1253 29 72 1130 1301 31 40 1228 1348 50 50 1325 1518 45 95 1366 1617 43 90 1417 1617 6 15 1466 1500 7 13 1470 1509 5 12 1518 1549 9 18 1544 1582 7 28 1575 1626 2 6 1589 1606 1 2 1601 1608 
20 39 39 65 291 10 28 223 287 6 11 224 262 45 50 286 508 35 71 347 544 53 166 451 780 64 188 638 939 71 73 742 1070 21 40 845 926 22 32 876 967 30 58 921 1089 24 35 997 1089 13 30 1148 1235 20 31 1262 1355 35 73 1300 1483 27 65 1384 1599 12 19 1485 1561 16 31 1487 1557 12 16 1563 1618 1 1 1642 1645 
19 25 25 16 133 33 62 87 232 49 90 110 366 17 33 193 279 10 19 216 280 37 79 233 391 56 108 247 456 4 8 302 329 36 67 394 573 49 60 423 603 61 64 486 750 7 18 515 573 26 105 521 715 29 29 700 819 52 97 1041 1239 23 38 1180 1263 1 8 1181 1202 10 32 1204 1281 2 5 1378 1392 
