15 167
12 10 10 42 85 29 32 136 260 20 32 148 255 26 52 159 387 10 16 278 321 68 68 444 705 12 12 577 650 31 39 848 1024 45 91 888 1107 10 13 1064 1138 39 39 1326 1546 1 1 1533 1538 
11 57 86 300 602 30 38 548 674 49 49 625 828 1 1 638 643 27 51 656 824 28 44 714 900 5 10 924 974 46 54 1262 1502 2 3 1276 1292 26 42 1380 1504 33 40 1422 1591 
12 22 22 16 111 6 6 78 101 47 55 201 415 4 7 356 387 19 45 424 610 61 63 612 903 57 93 808 1102 23 24 946 1041 31 31 1175 1345 14 15 1429 1514 11 15 1440 1497 4 5 1479 1509 
12 29 29 204 357 5 10 387 436 64 64 393 656 83 83 421 736 48 48 458 633 4 4 607 627 12 17 627 671 19 27 1024 1119 15 15 1031 1083 16 25 1170 1256 1 1 1394 1400 10 16 1515 1577 
9 14 20 112 213 4 5 207 230 51 70 349 647 57 76 458 692 62 69 1012 1279 25 25 1047 1128 11 17 1097 1183 62 62 1164 1393 13 21 1366 1460 
14 5 7 24 56 42 42 134 362 22 22 208 318 11 13 249 301 2 5 612 629 53 68 617 932 44 63 815 1098 37 47 938 1139 6 10 952 999 13 22 973 1052 11 11 1007 1069 16 28 1017 1127 37 54 1140 1363 10 10 1177 1215 
13 49 49 82 264 33 33 384 486 10 10 568 618 51 62 583 843 1 1 585 590 41 45 601 780 28 44 710 826 39 39 797 992 3 3 797 811 18 49 1013 1169 19 31 1430 1537 13 13 1473 1536 22 28 1476 1584 
7 56 74 20 317 51 64 288 580 61 97 301 593 33 39 628 794 51 51 676 906 44 63 1310 1543 18 31 1324 1428 
8 18 19 845 920 52 55 924 1167 10 40 928 1066 20 36 936 1158 94 94 970 1283 18 26 1107 1222 62 98 1171 1437 36 53 1197 1411 
11 34 50 40 231 43 52 323 498 19 39 478 621 49 80 581 871 43 63 815 1073 29 40 877 1005 10 12 985 1060 63 63 1212 1527 8 11 1414 1460 1 1 1429 1432 1 1 1589 1596 
8 28 38 103 220 52 52 330 537 48 49 400 603 45 86 1027 1336 42 54 1334 1579 33 39 1367 1526 25 41 1441 1580 10 13 1520 1566 
10 63 104 31 330 54 77 90 368 32 63 172 435 40 71 241 462 54 54 509 758 1 2 675 684 18 35 792 891 30 52 807 983 1 4 1022 1033 5 14 1303 1347 
17 27 35 95 218 1 1 104 108 1 2 275 284 41 53 338 553 6 7 339 374 6 11 587 632 1 3 689 702 1 1 711 718 68 70 758 1020 32 32 789 927 4 7 1181 1206 51 76 1248 1532 9 17 1365 1424 38 38 1423 1585 21 21 1496 1594 2 2 1550 1560 4 7 1556 1581 
11 61 104 464 772 8 8 479 510 8 9 749 790 44 53 888 1114 33 33 914 1052 16 16 999 1056 6 8 1075 1105 30 33 1187 1340 18 44 1239 1486 43 56 1372 1557 26 26 1460 1563 
12 28 28 102 216 23 49 117 333 45 52 125 353 12 14 410 475 58 75 690 997 9 14 778 847 11 25 875 971 43 71 904 1158 48 102 1061 1325 11 23 1315 1393 8 11 1445 1489 2 2 1561 1571 
