10 405
42 11 105 51 332 7 116 57 212 10 113 71 310 5 39 80 183 8 101 156 431 10 56 199 386 1 11 231 258 5 34 268 374 7 88 278 443 12 137 284 567 1 3 343 350 10 90 417 657 13 34 442 622 11 114 457 746 1 27 475 533 1 11 599 635 2 24 620 683 7 93 632 846 5 59 679 801 13 144 747 1006 12 39 759 942 10 63 779 984 8 39 883 1025 15 58 886 1130 5 44 950 1026 1 11 958 980 5 46 1000 1124 11 107 1000 1265 1 12 1004 1042 3 9 1038 1076 11 78 1073 1335 6 36 1088 1208 1 21 1137 1191 16 95 1162 1455 6 83 1219 1417 10 112 1242 1444 3 18 1269 1324 1 11 1335 1363 1 1 1445 1450 1 2 1454 1461 1 1 1461 1465 1 2 1473 1480 
43 5 40 28 130 6 88 38 184 4 33 114 192 9 85 133 383 2 18 186 248 3 38 277 365 6 53 290 442 8 65 373 520 4 37 378 467 9 91 390 605 3 38 403 486 1 12 443 468 9 72 530 808 10 64 540 706 2 12 579 619 8 58 611 772 4 22 614 685 8 71 618 813 8 54 635 833 1 21 655 703 4 36 705 883 16 92 767 996 9 83 790 1013 2 25 794 858 2 12 798 831 1 10 822 859 2 19 833 882 9 70 837 1047 12 90 845 1102 5 41 850 1013 6 45 874 1002 18 152 892 1186 17 105 986 1244 10 82 1008 1227 12 105 1046 1251 6 39 1061 1163 9 63 1097 1277 6 85 1203 1387 3 21 1245 1336 3 34 1322 1394 1 2 1375 1380 1 6 1427 1454 1 6 1468 1480 
44 8 51 4 150 1 8 54 72 12 112 100 396 10 136 120 329 1 38 135 221 12 90 164 420 2 45 195 273 3 66 219 371 2 10 231 265 2 16 283 336 14 140 287 583 8 26 343 485 15 118 422 702 1 8 429 446 1 5 445 471 13 89 562 799 4 34 578 673 11 107 631 902 5 48 666 762 4 75 670 894 4 32 685 762 1 6 776 798 5 43 822 924 2 14 834 876 11 127 868 1153 11 124 887 1135 7 39 895 1024 8 104 930 1146 2 29 933 990 12 109 975 1193 2 34 1020 1085 11 113 1022 1257 14 125 1061 1319 6 43 1081 1179 4 26 1152 1242 13 57 1173 1463 4 24 1184 1280 9 108 1248 1452 4 47 1271 1385 1 13 1279 1318 1 6 1359 1372 1 7 1364 1376 1 14 1414 1442 1 9 1454 1477 
35 8 44 49 181 11 83 73 309 13 74 97 372 1 1 109 114 18 85 138 410 11 63 156 355 4 47 198 297 10 102 234 426 11 64 248 466 3 26 270 404 6 40 362 458 8 47 370 534 11 45 387 529 10 70 482 678 3 56 537 692 6 45 553 721 10 80 574 782 4 57 585 674 12 125 604 879 7 24 699 867 15 134 718 1009 8 127 722 978 8 51 743 889 10 93 980 1216 13 156 1019 1292 7 95 1025 1219 8 66 1044 1184 3 30 1084 1166 8 53 1140 1315 10 102 1158 1420 1 7 1185 1207 2 52 1236 1343 4 40 1265 1345 1 2 1309 1315 1 17 1405 1444 
36 2 28 54 102 9 106 70 294 2 20 139 214 14 129 170 388 2 43 190 261 2 19 318 361 1 8 333 358 9 74 370 569 11 67 412 560 5 16 423 514 15 88 479 717 3 33 482 554 3 21 507 584 5 71 526 719 10 98 555 743 10 69 575 712 4 39 591 666 11 130 627 864 12 97 709 943 8 84 778 976 15 109 786 1026 10 113 794 1022 14 70 822 1044 1 16 830 872 3 20 887 961 12 100 904 1122 16 92 905 1158 15 78 928 1170 5 79 930 1092 3 17 938 1021 3 57 1064 1183 11 121 1118 1381 10 75 1214 1433 3 34 1340 1412 6 28 1367 1467 2 13 1416 1469 
36 12 104 4 250 16 108 38 321 2 18 58 120 1 4 201 213 10 156 227 508 13 109 264 524 2 17 281 328 6 36 297 400 1 3 314 322 12 93 328 577 17 126 424 671 9 82 447 616 1 16 600 634 7 103 607 851 12 113 657 938 15 73 659 890 4 37 777 879 18 78 849 1114 9 87 872 1114 3 31 912 997 12 70 937 1126 19 74 993 1286 11 75 997 1281 14 116 1007 1239 14 114 1030 1301 7 81 1112 1301 1 5 1137 1148 1 4 1213 1224 5 59 1220 1366 6 42 1341 1446 1 7 1353 1389 3 31 1357 1420 1 8 1371 1387 6 47 1378 1475 1 13 1390 1423 1 9 1460 1480 
44 3 44 6 85 6 44 82 216 9 93 97 337 7 85 118 296 12 79 133 360 1 5 171 181 4 21 263 341 6 39 299 389 1 5 339 351 1 2 370 377 12 69 393 557 11 81 405 588 6 27 417 564 11 67 471 652 1 32 500 575 3 56 502 643 2 18 507 561 4 38 514 600 6 55 590 707 7 66 634 768 7 137 657 951 1 7 678 700 7 100 678 836 6 48 695 811 4 30 749 829 6 91 792 1016 10 94 804 998 8 65 836 995 3 30 843 911 8 84 933 1108 8 52 938 1066 6 83 952 1167 15 67 1007 1287 7 60 1009 1164 14 128 1119 1400 7 97 1200 1402 9 53 1269 1429 2 27 1271 1325 7 57 1289 1446 4 69 1340 1468 1 14 1356 1380 4 33 1363 1458 2 17 1365 1406 2 18 1436 1478 
39 1 7 5 37 1 11 8 34 10 115 31 253 1 10 33 52 2 9 108 134 8 78 115 282 10 69 199 366 15 83 211 501 11 170 218 509 5 50 313 445 9 120 444 641 4 28 456 535 9 65 464 605 10 81 518 745 6 95 557 757 14 111 570 848 5 28 570 658 5 34 598 681 4 33 606 698 14 91 643 843 6 59 669 824 1 13 726 757 9 84 747 965 3 38 823 913 2 14 850 888 5 58 851 990 16 41 875 1159 3 22 952 1002 10 70 953 1145 6 26 964 1070 7 45 980 1078 12 89 988 1262 10 138 1072 1315 7 60 1099 1256 5 26 1186 1265 7 74 1203 1360 1 5 1334 1345 5 41 1340 1462 1 7 1457 1477 
43 12 145 4 288 1 3 50 60 4 67 101 244 13 82 114 404 10 112 192 418 9 89 211 434 1 4 226 244 3 17 235 286 7 93 285 489 1 2 369 375 14 63 369 590 3 21 373 444 4 42 477 547 7 82 513 721 3 28 521 587 1 12 550 573 7 69 576 723 12 57 623 802 15 79 632 877 12 113 666 935 7 63 706 858 5 19 721 848 13 75 734 995 1 9 801 825 2 18 816 865 9 119 852 1101 4 28 920 997 8 118 934 1160 9 41 980 1114 1 1 1018 1023 1 1 1070 1074 8 120 1083 1280 12 46 1086 1308 3 46 1093 1178 3 85 1142 1330 12 99 1174 1453 3 35 1203 1296 4 24 1213 1313 1 22 1213 1265 11 44 1232 1463 1 13 1387 1413 2 9 1429 1470 1 2 1466 1471 
43 16 69 19 220 3 52 53 165 14 82 55 248 1 12 72 113 4 58 110 249 2 29 128 199 9 91 138 369 1 5 192 206 1 5 193 205 9 126 213 499 3 43 295 395 1 9 296 330 3 27 363 428 11 87 408 614 6 52 424 554 9 99 434 661 2 33 434 515 2 39 536 627 8 111 570 797 16 137 611 884 8 34 653 792 1 15 668 702 1 17 763 808 10 105 822 1069 10 93 848 1056 13 81 855 1088 8 51 886 1054 1 1 947 951 19 89 982 1254 6 51 983 1107 7 112 1111 1347 10 94 1146 1360 6 82 1197 1435 9 96 1210 1416 13 66 1217 1445 6 24 1260 1354 3 22 1263 1324 4 28 1361 1426 2 21 1363 1402 6 24 1396 1474 1 11 1402 1435 1 9 1446 1468 1 2 1465 1471 
