10 44
5 38 71 123 257 37 55 284 395 42 52 504 668 2 9 672 690 27 43 1237 1327 
4 70 88 288 511 20 59 321 435 41 41 931 1011 21 21 1256 1296 
5 7 46 2 137 33 52 200 304 10 17 487 548 47 54 918 1042 50 50 956 1092 
3 79 99 309 563 69 70 502 629 9 26 1147 1198 
2 119 119 177 415 21 21 822 870 
4 48 80 499 700 50 52 809 1080 29 60 1188 1304 18 21 1236 1292 
2 77 103 379 613 79 79 544 708 
6 37 71 78 224 48 50 493 630 16 47 631 712 27 27 698 771 35 132 911 1167 3 3 1346 1355 
4 74 74 332 537 21 24 385 462 36 52 604 716 33 35 783 869 
9 43 43 358 441 7 14 657 689 25 25 741 807 92 92 1126 1350 11 14 1166 1204 32 54 1195 1321 9 9 1227 1249 5 5 1338 1354 2 2 1342 1348 
