10 142
14 28 28 2 104 15 53 337 499 36 41 454 672 51 67 458 699 56 56 542 713 3 3 640 655 57 66 753 954 22 26 933 1045 33 33 1078 1194 36 53 1099 1273 81 81 1099 1368 18 23 1237 1343 20 20 1463 1557 18 18 1465 1540 
15 39 50 11 238 57 57 130 333 73 73 258 576 35 60 374 548 5 10 630 671 46 53 662 891 15 15 986 1062 6 6 1004 1038 59 59 1028 1221 31 31 1044 1220 43 71 1169 1356 27 56 1247 1411 14 14 1425 1478 6 16 1532 1590 6 10 1609 1635 
11 66 80 189 461 44 58 331 543 4 10 332 362 82 82 492 810 13 20 617 695 15 32 635 776 53 53 942 1196 20 26 1117 1218 92 92 1210 1496 46 60 1244 1441 26 53 1297 1495 
14 3 3 16 34 60 72 78 305 60 60 97 389 22 30 213 316 39 61 522 730 71 71 573 823 14 17 671 737 25 25 802 901 70 70 849 1097 22 28 879 978 7 7 1066 1101 35 35 1214 1331 28 42 1421 1628 1 1 1436 1440 
15 27 35 25 156 5 8 80 125 34 37 93 306 22 74 116 344 28 31 136 275 18 24 198 316 35 66 454 655 34 40 566 709 32 32 625 765 48 48 626 816 37 86 751 1028 47 89 848 1152 39 57 1206 1429 21 21 1343 1457 14 14 1550 1625 
13 44 44 208 374 6 9 503 554 59 72 578 859 24 24 640 786 34 39 749 892 25 39 803 933 57 63 834 1148 29 49 870 1071 77 78 1135 1438 25 37 1142 1255 45 45 1365 1593 45 56 1432 1619 8 11 1561 1622 
13 46 46 15 144 23 27 51 138 46 81 113 342 19 19 253 360 21 25 269 379 63 65 628 904 46 75 660 939 35 38 738 890 4 5 906 923 60 60 973 1278 59 77 975 1261 16 16 1026 1110 1 3 1616 1631 
19 16 34 15 102 12 17 224 306 6 7 349 401 46 59 386 597 27 62 551 705 39 49 573 738 9 13 575 616 31 37 582 706 23 41 1021 1172 67 77 1084 1385 19 21 1214 1287 56 56 1285 1466 4 8 1353 1379 33 33 1390 1547 11 18 1428 1483 18 48 1445 1627 25 35 1521 1624 5 6 1531 1562 5 5 1606 1636 
12 28 40 150 263 29 29 240 389 51 55 317 531 42 49 390 579 51 69 421 654 45 67 450 763 29 32 472 663 38 46 657 806 56 56 807 994 50 61 1293 1579 33 33 1351 1466 14 21 1515 1598 
16 14 23 193 263 30 46 295 428 4 6 333 358 1 2 335 342 29 74 573 824 70 70 751 969 23 23 874 989 8 26 895 963 19 52 920 1076 52 98 968 1288 93 93 993 1306 52 77 1131 1413 42 75 1336 1606 2 4 1429 1447 23 24 1522 1615 1 1 1620 1625 
