10 96
12 108 143 238 530 90 135 309 581 9 9 315 335 62 75 333 551 13 20 405 456 45 59 475 672 44 69 494 662 17 32 543 620 56 56 692 831 42 42 824 950 38 39 1496 1591 1 2 1603 1608 
12 44 50 33 192 1 2 63 70 19 27 158 222 94 122 190 501 72 75 687 876 34 42 1081 1225 18 18 1328 1380 114 114 1387 1607 48 48 1423 1528 39 63 1476 1601 22 22 1504 1580 3 3 1626 1635 
8 119 120 103 395 2 2 236 244 25 25 500 555 14 21 597 651 118 118 638 960 46 88 899 1127 65 65 1096 1258 101 101 1209 1514 
10 16 30 274 343 16 20 490 539 8 11 491 527 61 93 561 748 67 67 665 816 55 92 702 859 53 53 885 1025 69 107 1036 1281 117 117 1106 1316 60 106 1252 1497 
7 90 101 272 560 113 116 437 719 38 38 482 588 64 91 486 700 94 136 669 943 1 1 786 790 121 121 1003 1281 
11 65 65 411 614 9 9 511 537 45 45 523 631 97 97 719 916 53 69 1022 1151 74 118 1072 1365 3 4 1127 1137 15 49 1246 1337 39 54 1309 1443 103 103 1381 1612 14 15 1440 1478 
11 1 2 252 258 86 86 307 631 57 91 325 491 31 36 386 474 108 108 902 1127 57 57 924 1043 105 105 1009 1305 3 4 1147 1156 21 31 1342 1405 16 19 1469 1547 13 13 1606 1636 
6 120 206 425 740 74 74 702 867 74 93 944 1202 97 171 1140 1459 146 146 1272 1590 20 28 1517 1590 
8 43 43 224 318 39 57 246 394 54 75 618 808 95 154 721 1041 75 114 749 1042 65 70 839 1027 63 95 1158 1389 137 137 1333 1625 
11 51 51 29 184 69 78 73 213 80 120 122 357 14 20 211 254 42 124 349 629 29 47 456 537 10 12 839 866 93 112 901 1139 28 40 968 1047 63 68 1155 1298 59 100 1256 1506 
