15 84
6 72 72 74 334 47 68 460 689 23 50 845 1000 1 5 993 1007 23 23 1027 1118 13 24 1245 1307 
9 16 36 6 96 29 35 19 151 33 79 94 325 4 11 148 189 5 15 185 217 14 45 375 478 28 28 679 777 3 11 996 1026 17 46 1286 1368 
3 50 93 126 366 44 110 219 458 50 77 336 597 
6 16 60 277 383 27 71 281 444 21 66 516 644 61 61 788 1041 35 47 1094 1235 4 5 1363 1381 
7 47 57 227 441 16 63 289 381 31 40 707 870 1 5 899 909 8 12 988 1036 42 94 1004 1246 16 39 1284 1379 
4 37 51 262 440 58 132 392 657 19 48 1114 1224 20 30 1250 1324 
6 20 40 27 117 60 124 116 380 30 64 544 703 37 126 995 1262 23 38 1017 1097 8 11 1261 1295 
5 16 53 335 434 51 80 556 800 53 99 674 903 8 28 1181 1246 11 13 1345 1383 
3 39 150 97 374 61 71 246 488 42 75 1043 1286 
7 25 41 136 252 12 56 457 578 60 117 523 795 37 39 627 773 38 138 747 977 1 1 1303 1310 2 4 1321 1331 
4 21 31 53 130 46 85 77 293 32 69 155 315 34 62 711 869 
6 26 49 70 193 38 73 423 589 34 70 682 856 34 40 823 990 2 8 1010 1029 20 28 1013 1120 
7 56 108 160 372 17 56 273 372 29 96 687 874 41 88 817 1024 2 6 1258 1271 9 25 1291 1341 1 3 1341 1350 
5 49 53 729 933 35 56 780 904 55 58 928 1109 20 40 941 1066 3 3 955 969 
6 54 61 44 299 67 160 157 429 6 7 200 229 26 47 532 661 22 66 711 839 1 1 1311 1317 
