15 113
7 81 85 41 233 22 54 167 306 69 69 234 403 44 98 309 483 17 17 765 816 53 68 901 1130 32 39 1360 1439 
6 119 119 447 738 9 9 495 515 65 100 943 1139 10 16 1035 1069 72 74 1219 1436 62 62 1241 1369 
8 11 17 79 115 1 2 243 248 66 66 465 599 11 11 699 729 13 24 767 824 50 50 829 1044 158 158 1132 1433 58 95 1272 1427 
7 17 22 160 209 61 61 382 503 3 5 434 446 55 64 439 584 104 104 648 924 73 137 1056 1283 24 35 1281 1359 
9 114 114 335 596 86 119 367 636 1 1 429 433 10 12 551 580 13 13 647 682 28 33 732 821 27 43 894 996 2 3 1018 1026 71 71 1147 1290 
7 82 82 55 220 70 79 302 502 77 82 341 599 6 6 585 600 45 59 760 882 19 54 1194 1331 45 45 1398 1490 
8 23 91 19 202 10 16 499 543 55 90 851 1042 115 125 898 1200 95 95 906 1148 34 71 1291 1414 11 16 1484 1518 2 3 1509 1517 
4 34 59 157 261 107 196 597 865 68 68 999 1233 115 127 1113 1389 
10 21 24 153 220 16 20 210 243 40 89 282 509 15 24 354 401 55 94 442 690 23 28 542 612 64 97 567 750 82 82 1126 1285 8 13 1263 1297 5 6 1351 1367 
8 25 37 159 269 5 5 206 220 24 31 215 289 11 19 396 434 125 125 570 868 29 44 610 713 38 70 931 1058 38 38 1327 1423 
11 37 37 86 182 2 2 204 212 77 129 239 466 25 36 288 360 13 24 514 565 11 13 632 673 41 41 952 1043 1 5 987 997 59 59 989 1111 27 27 1188 1254 1 1 1477 1480 
8 52 54 21 147 31 56 198 302 89 89 390 608 10 22 404 453 48 59 992 1112 61 71 1008 1171 12 13 1271 1307 9 9 1433 1460 
8 5 7 88 104 18 22 158 215 74 74 229 440 46 46 273 400 12 20 445 497 82 82 899 1191 8 8 1063 1085 87 87 1236 1510 
5 42 42 73 162 65 65 405 559 49 50 420 547 81 172 825 1110 62 64 1262 1490 
7 70 78 248 430 55 55 258 393 49 49 550 675 93 95 672 895 40 49 725 861 46 46 1412 1507 5 6 1479 1495 
