10 153
15 54 86 39 317 67 90 284 570 36 83 460 627 30 71 561 713 63 104 612 918 3 11 802 829 13 30 877 969 3 8 881 903 3 6 1041 1055 7 17 1115 1164 69 131 1256 1560 69 131 1259 1572 19 34 1353 1497 4 9 1546 1565 3 8 1565 1584 
11 35 121 0 297 22 45 18 188 1 1 66 71 61 96 304 556 26 38 476 621 67 80 768 1004 55 97 774 1015 51 77 969 1151 71 117 1057 1361 25 43 1191 1320 25 42 1435 1534 
18 43 73 15 187 66 104 83 373 40 59 197 346 14 35 252 339 35 94 323 495 15 18 640 724 48 99 652 834 9 26 830 876 18 31 860 921 82 152 1042 1349 29 104 1120 1289 2 8 1206 1222 50 127 1302 1559 5 16 1403 1455 23 38 1403 1489 7 15 1463 1492 2 4 1567 1578 1 1 1578 1582 
22 34 88 205 371 10 33 297 359 14 22 312 385 30 72 326 457 8 16 368 407 6 25 540 606 22 51 543 677 50 90 707 938 28 76 756 894 51 61 759 983 2 4 776 784 24 77 787 959 15 32 810 886 1 1 833 838 38 113 1063 1369 48 78 1143 1417 21 47 1170 1257 14 33 1225 1315 5 19 1248 1292 18 54 1268 1388 17 39 1476 1571 10 43 1477 1580 
16 4 7 31 49 47 99 37 343 40 71 57 205 23 23 179 266 69 101 199 491 40 45 201 476 31 78 209 417 1 3 230 236 36 57 380 572 21 21 394 499 55 55 581 841 22 24 632 752 12 18 890 949 8 20 1113 1151 23 58 1415 1556 22 67 1436 1577 
15 30 42 37 184 5 9 91 128 34 60 94 267 29 110 144 405 69 122 392 691 23 72 459 581 23 61 517 668 22 43 536 642 36 54 940 1136 31 33 1072 1209 26 51 1097 1235 58 159 1157 1468 58 91 1251 1481 42 88 1309 1549 17 38 1485 1560 
14 11 26 86 141 21 74 141 310 2 2 205 212 96 96 341 631 43 81 358 523 48 107 380 581 30 63 394 569 49 66 438 678 44 61 778 996 14 31 894 960 59 121 972 1260 28 84 1304 1462 6 11 1466 1500 5 6 1491 1514 
16 15 25 190 260 1 3 196 205 35 52 217 410 19 48 302 389 31 40 596 734 37 94 788 1058 4 32 810 887 50 113 1093 1409 31 85 1117 1392 64 141 1186 1453 23 44 1188 1292 48 103 1201 1444 1 1 1324 1327 56 92 1351 1540 8 17 1373 1408 28 63 1390 1576 
11 28 74 314 469 11 27 462 517 63 71 563 838 25 95 722 982 20 41 885 1037 41 147 955 1225 61 115 957 1223 44 70 1026 1237 66 92 1176 1454 64 108 1180 1488 40 40 1371 1538 
15 38 51 100 238 18 34 128 239 47 145 366 664 13 29 420 529 47 93 429 688 49 78 823 1084 1 1 842 849 56 73 893 1149 21 39 926 1029 55 101 964 1192 11 21 986 1037 17 36 1019 1119 49 102 1082 1292 13 31 1486 1578 5 5 1566 1583 
