15 91
5 33 37 104 242 42 61 206 417 35 62 235 442 19 29 896 987 4 5 1097 1114 
6 42 52 192 432 11 20 292 362 10 16 428 496 21 36 650 752 11 12 891 939 38 40 995 1153 
4 38 38 167 354 5 9 377 408 47 69 900 1139 40 50 1036 1228 
5 15 29 271 374 54 69 419 645 16 21 566 658 19 21 951 1047 23 23 994 1067 
6 22 37 192 282 31 48 229 445 27 58 653 836 43 54 970 1203 21 21 1113 1205 2 2 1147 1157 
7 4 6 271 301 37 37 454 637 19 26 529 632 33 33 636 769 31 31 790 910 5 9 862 894 25 32 1095 1218 
6 30 51 391 542 25 33 613 759 20 20 712 810 26 59 836 1011 24 28 1114 1219 2 2 1196 1204 
7 21 25 192 267 11 19 381 444 18 21 470 590 22 30 686 766 15 21 728 804 23 23 764 889 26 27 992 1108 
6 57 74 648 885 13 13 697 743 41 41 937 1124 30 35 1067 1204 11 25 1091 1168 16 19 1147 1219 
11 49 84 25 270 2 3 190 200 10 11 244 293 8 8 276 315 15 27 291 388 15 17 498 577 8 17 573 623 24 33 1055 1189 4 4 1136 1154 2 2 1178 1190 2 2 1221 1232 
6 44 44 338 516 26 35 458 603 34 44 782 966 41 58 959 1193 10 15 1096 1163 3 3 1219 1233 
5 23 29 69 239 71 71 75 313 22 38 260 446 24 24 362 463 7 8 1174 1201 
7 34 46 323 483 9 9 507 543 34 40 636 775 2 2 854 865 45 45 925 1166 7 8 1164 1210 7 12 1190 1236 
6 42 84 94 323 12 24 492 641 22 22 561 650 41 41 773 939 9 11 1021 1062 24 25 1039 1152 
4 49 49 33 214 28 29 71 209 45 60 351 584 21 21 663 769 
