10 53
4 2 5 25 38 64 73 319 560 66 120 437 687 29 127 1122 1307 
7 21 45 71 215 9 13 75 130 12 19 164 260 20 31 505 622 12 38 556 635 46 128 695 907 25 25 754 868 
6 67 108 3 249 11 22 357 408 26 64 461 589 25 33 533 648 17 45 594 760 31 34 1079 1238 
6 15 25 9 141 7 15 20 50 23 44 418 538 32 63 535 733 38 89 644 860 20 85 813 1022 
5 22 44 145 225 11 56 451 539 43 78 1002 1242 38 65 1005 1185 13 15 1149 1205 
5 9 36 88 156 23 58 237 362 42 54 398 615 41 84 465 733 15 31 905 968 
5 9 52 38 157 35 62 276 446 50 160 321 590 22 46 422 526 27 40 652 746 
5 2 3 37 49 30 79 621 811 66 70 797 1042 27 38 1123 1242 21 35 1170 1304 
6 47 107 156 407 59 82 762 975 19 50 868 978 6 9 904 948 44 71 1014 1208 1 1 1351 1357 
4 53 64 118 339 26 47 255 344 52 52 830 1044 5 12 945 974 
