10 58
7 2 5 228 241 21 21 583 685 7 12 667 712 53 53 946 1172 19 44 1150 1309 22 32 1151 1303 9 9 1304 1345 
4 30 49 134 336 55 55 218 392 57 83 234 484 6 16 1301 1355 
7 52 106 78 337 21 59 606 795 39 43 637 782 23 24 681 780 24 55 711 849 6 6 976 1000 3 4 1357 1373 
5 55 56 162 430 15 20 256 349 5 9 1104 1141 36 44 1119 1316 24 34 1186 1317 
7 14 29 40 125 26 26 132 243 53 53 1018 1274 23 39 1050 1214 17 28 1069 1167 3 4 1302 1318 1 1 1366 1371 
8 56 56 200 430 19 19 936 1049 23 23 1124 1250 48 67 1134 1334 8 8 1158 1197 5 5 1214 1242 4 4 1215 1236 4 4 1288 1313 
4 18 19 85 163 73 73 685 947 11 19 1036 1100 40 99 1122 1383 
7 14 31 129 273 40 59 271 481 30 67 332 540 31 36 394 527 6 30 534 630 6 8 1148 1181 6 9 1293 1340 
4 32 49 544 683 53 86 587 846 44 49 840 997 14 25 1225 1301 
5 37 40 339 482 40 56 377 612 21 38 919 1023 26 40 1133 1313 24 33 1197 1318 
