10 43
3 90 111 57 326 53 53 347 449 7 7 1087 1101 
7 60 94 46 287 33 33 143 238 21 23 149 209 33 58 1098 1247 4 6 1197 1213 1 1 1221 1224 1 1 1377 1380 
5 70 75 7 245 60 60 299 445 19 46 311 438 43 44 507 607 9 12 1218 1251 
3 57 63 600 746 87 90 1099 1328 9 9 1352 1381 
2 120 120 266 516 47 47 1154 1302 
7 108 131 54 325 3 4 86 98 33 50 254 375 31 42 636 774 29 76 833 938 5 5 1061 1076 11 11 1141 1167 
6 7 15 16 51 25 25 180 257 39 44 199 319 80 99 1144 1373 31 31 1299 1381 13 13 1312 1361 
3 89 89 892 1148 105 105 1043 1303 22 33 1080 1171 
3 40 40 72 157 60 85 425 631 50 50 473 561 
4 58 58 53 157 78 78 667 838 10 22 832 889 42 58 1003 1133 
