10 116
10 32 48 229 456 26 38 258 404 62 62 340 582 42 90 346 591 35 51 457 651 17 28 763 844 52 80 893 1114 1 3 1051 1061 7 12 1319 1379 5 11 1342 1388 
9 43 55 208 466 9 13 348 390 19 38 449 567 22 30 567 702 70 76 573 832 34 42 749 872 31 45 957 1168 28 38 973 1165 14 16 1288 1380 
8 27 54 256 520 48 48 453 628 44 54 547 775 9 24 549 671 54 70 1051 1291 57 57 1137 1351 22 28 1275 1383 14 14 1298 1345 
12 46 64 182 361 54 54 222 494 2 2 349 360 42 42 525 764 6 6 580 619 56 61 604 787 41 41 723 922 23 34 915 1018 2 3 1084 1096 12 13 1270 1333 1 1 1359 1364 4 6 1369 1392 
8 29 29 571 701 48 48 641 854 11 11 676 716 58 80 813 1088 55 55 830 1040 2 3 908 922 27 35 917 1050 42 42 1139 1336 
14 27 45 95 250 50 88 157 434 28 58 185 350 19 19 475 603 1 1 542 549 13 31 552 635 2 3 893 905 39 60 940 1149 40 40 962 1117 17 18 1058 1161 7 20 1185 1241 16 22 1267 1335 26 28 1276 1364 14 14 1333 1383 
14 40 51 27 223 15 20 40 100 17 17 91 165 16 16 134 213 2 2 226 236 27 32 390 529 4 5 587 611 7 8 934 984 26 41 1000 1143 67 67 1092 1294 38 66 1114 1361 4 6 1248 1271 4 18 1269 1334 10 10 1291 1351 
14 12 18 178 244 51 56 272 515 50 50 353 597 7 20 482 554 13 16 652 707 32 34 733 882 11 18 949 1036 2 8 961 987 30 39 1082 1272 10 18 1083 1157 24 39 1271 1393 21 22 1279 1360 4 18 1300 1362 1 1 1371 1375 
13 47 47 43 264 44 48 168 374 6 8 190 221 2 3 354 370 15 33 405 536 13 19 426 493 36 55 705 918 47 50 725 914 53 73 939 1199 19 35 1011 1105 15 15 1096 1158 7 7 1097 1131 2 3 1339 1352 
14 16 22 294 396 19 31 423 553 28 42 512 643 18 46 532 695 13 23 825 910 44 60 840 1084 8 10 924 967 15 15 1077 1172 25 29 1183 1285 19 29 1191 1346 36 36 1191 1359 30 49 1217 1373 18 38 1227 1361 13 13 1332 1390 
