15 390
29 2 20 0 41 11 50 16 187 1 6 29 39 9 75 35 230 4 46 39 137 1 8 64 89 1 14 119 153 4 28 145 251 1 10 148 174 1 2 160 171 6 47 160 286 3 57 178 294 1 4 356 369 6 63 358 472 7 70 370 525 9 68 380 522 9 70 455 606 2 25 497 543 14 74 607 839 5 30 666 768 9 78 685 865 6 56 802 917 8 39 899 1023 1 5 1095 1106 1 9 1109 1140 1 8 1137 1156 2 18 1157 1205 1 17 1202 1238 1 6 1216 1229 
31 3 25 149 246 2 51 213 306 7 56 321 477 1 16 327 363 2 9 353 388 1 7 359 390 3 24 467 578 9 57 469 644 4 45 510 598 4 47 510 648 3 24 534 597 3 24 541 592 2 13 544 593 4 40 550 661 1 23 569 640 5 43 575 678 12 79 592 807 13 105 628 874 11 95 662 829 9 69 731 936 1 2 769 788 2 26 850 939 1 15 874 916 8 66 1012 1178 6 78 1035 1211 1 28 1050 1111 2 14 1096 1128 1 19 1126 1161 1 9 1208 1231 1 1 1220 1223 1 1 1234 1238 
24 6 27 51 151 3 38 94 183 7 68 94 295 1 6 97 112 12 76 201 381 4 23 291 357 7 43 363 493 2 18 370 414 1 12 413 442 3 53 502 628 2 10 521 560 3 25 550 608 8 66 607 753 12 73 655 867 6 63 747 878 3 40 779 860 4 33 814 906 5 71 816 975 8 59 824 1002 10 78 975 1189 4 57 986 1156 7 62 1014 1153 5 45 1031 1145 1 8 1082 1096 
25 4 27 38 146 5 61 48 172 10 83 77 273 13 57 157 382 8 55 195 337 1 5 211 224 6 91 277 440 4 74 337 535 6 49 338 474 7 74 342 509 7 100 416 609 3 35 513 631 2 20 536 603 6 49 608 703 6 49 650 790 7 67 765 912 1 2 793 798 5 43 820 937 5 40 896 1000 10 65 911 1103 2 38 914 1036 1 9 934 957 4 91 976 1167 1 4 1114 1125 1 7 1177 1189 
28 5 49 16 149 14 88 38 247 9 95 56 220 5 56 212 332 1 10 220 252 6 59 336 457 1 7 356 379 1 14 359 398 1 17 390 431 6 63 469 653 6 43 481 642 13 115 617 821 4 34 621 705 7 40 637 802 14 131 687 932 2 18 792 850 4 40 802 916 6 66 843 987 5 61 932 1056 4 19 940 1000 1 10 955 985 2 21 971 1018 1 2 974 979 2 16 1142 1188 3 48 1147 1224 1 15 1173 1204 1 4 1212 1225 1 6 1219 1232 
23 6 58 15 143 13 87 103 318 1 8 137 164 9 74 196 343 3 44 217 345 5 53 233 428 9 44 246 441 5 46 247 362 2 28 336 389 7 88 584 760 12 50 584 805 9 93 592 781 1 7 595 615 5 48 617 729 8 73 650 825 6 80 674 860 8 32 703 926 5 64 724 852 9 103 877 1049 1 1 886 890 1 2 920 927 4 41 948 1046 1 8 1011 1036 
36 8 73 39 220 2 18 64 123 5 40 67 197 5 59 73 203 9 45 103 263 2 20 140 203 6 52 156 394 1 18 209 258 1 11 212 243 2 12 220 266 3 36 260 330 2 31 324 439 6 70 380 555 7 80 404 567 1 10 410 439 7 82 489 679 1 5 515 527 2 27 516 576 1 4 623 642 10 87 764 1009 1 8 838 860 6 79 857 1011 6 65 861 981 12 72 864 1079 1 11 877 924 2 22 884 944 4 30 903 979 2 21 938 986 1 5 999 1015 3 20 1003 1053 2 17 1093 1137 3 32 1109 1183 1 10 1138 1163 1 8 1152 1176 1 17 1181 1237 1 2 1216 1225 
27 1 1 179 182 8 100 231 439 7 47 276 482 1 36 318 373 9 81 351 565 5 53 415 575 2 20 442 501 4 27 483 575 2 26 517 591 7 81 528 719 2 18 533 588 1 3 642 654 4 19 719 778 2 15 742 778 14 108 767 978 1 11 791 837 9 61 802 941 2 8 826 862 17 110 853 1078 15 77 886 1080 2 14 891 957 3 15 905 964 4 44 1066 1171 1 2 1114 1120 3 26 1117 1192 1 14 1195 1226 1 1 1210 1218 
22 1 13 9 49 8 68 122 258 5 87 153 340 6 67 229 368 2 20 233 287 9 69 318 442 9 112 328 536 8 46 346 476 5 42 368 477 6 65 394 520 6 67 432 594 14 105 489 717 10 118 609 825 7 78 622 789 13 107 627 854 5 50 636 763 2 37 767 832 3 27 848 906 1 11 929 966 2 23 1093 1149 1 3 1131 1144 1 3 1230 1237 
28 9 53 69 212 6 36 241 353 8 54 343 502 1 5 365 389 9 78 388 566 12 89 440 632 2 23 514 561 1 5 535 547 1 12 537 603 2 12 560 600 1 7 612 630 11 131 627 849 5 56 635 784 3 32 663 736 2 16 679 725 12 51 827 1029 2 20 843 888 5 64 854 991 7 57 860 987 10 131 953 1176 5 40 964 1096 1 32 1039 1107 2 16 1127 1175 3 18 1152 1209 1 4 1165 1179 1 11 1174 1202 1 13 1203 1232 1 1 1209 1217 
24 10 107 21 228 2 19 31 88 10 61 65 288 14 69 125 318 10 54 300 467 10 78 334 566 5 28 396 494 3 25 469 529 3 41 557 672 11 86 640 877 8 47 724 840 2 37 765 846 1 12 799 834 4 16 829 908 4 24 864 936 7 40 886 997 10 105 897 1128 1 13 941 980 1 7 1029 1052 4 46 1091 1215 4 34 1104 1192 1 13 1114 1148 1 18 1120 1166 1 3 1158 1178 
32 5 84 17 185 8 109 120 333 5 36 135 235 6 56 155 274 1 11 177 201 2 15 183 233 2 20 253 318 9 47 321 450 1 7 329 353 2 24 372 427 1 7 378 399 9 106 390 618 9 37 432 593 4 25 519 586 7 93 553 787 1 3 581 590 9 62 594 776 7 32 658 815 2 13 676 712 2 14 722 761 8 75 763 988 8 71 769 965 3 39 858 921 1 27 886 960 3 58 887 1041 3 22 926 987 1 13 953 982 1 5 1026 1043 1 12 1110 1138 1 3 1211 1220 1 4 1218 1231 1 1 1227 1231 
18 11 120 106 331 14 81 154 383 5 33 172 238 7 74 251 408 11 87 349 571 2 28 360 406 3 66 426 614 8 59 543 670 12 83 596 792 8 116 613 839 6 48 680 811 1 12 693 752 13 89 785 1012 2 31 899 971 12 74 959 1182 4 22 1022 1157 6 73 1055 1198 1 2 1235 1240 
23 5 44 145 253 2 17 218 260 5 42 228 318 2 21 276 316 7 62 357 513 9 64 435 624 1 4 549 560 8 56 594 751 8 68 694 849 16 89 700 922 7 85 717 935 9 35 760 886 9 72 763 912 11 76 802 974 3 31 808 885 6 39 850 1002 1 14 875 902 10 76 952 1127 3 25 1002 1103 3 26 1116 1178 2 27 1155 1215 1 11 1205 1232 1 6 1206 1228 
20 3 28 4 64 7 45 20 144 10 75 63 233 6 33 112 191 9 99 163 382 9 36 352 530 10 66 655 810 6 77 741 935 11 94 818 1008 2 41 821 908 6 43 846 962 1 3 864 870 6 57 870 999 1 6 874 903 10 56 883 1077 10 30 964 1083 1 20 1049 1105 5 43 1061 1167 5 23 1107 1179 6 71 1108 1239 
