10 100
9 33 43 67 222 21 27 226 333 26 65 739 955 26 28 757 856 57 58 786 1064 10 14 889 958 60 75 991 1233 21 29 1203 1327 48 48 1261 1473 
11 23 23 69 195 33 33 410 554 15 28 535 636 19 29 552 666 34 80 628 887 27 75 658 898 23 26 772 875 31 88 796 1027 52 58 1056 1287 4 5 1124 1145 4 7 1446 1477 
10 60 74 93 356 36 44 121 255 11 16 136 193 54 77 636 884 26 55 864 1044 24 40 892 1062 10 13 1047 1092 37 40 1095 1317 15 31 1375 1465 3 4 1424 1443 
9 2 5 44 64 45 60 121 390 6 20 294 362 61 69 538 831 26 33 691 864 46 60 803 1000 52 60 901 1139 15 24 1052 1123 26 78 1158 1352 
10 51 75 312 589 32 32 335 559 54 54 418 649 7 10 815 857 34 62 891 1155 22 23 915 1002 28 66 1051 1305 17 78 1230 1461 8 10 1403 1459 7 7 1409 1438 
11 31 31 110 246 21 31 286 385 34 43 457 599 8 9 521 566 8 12 701 741 60 60 902 1190 64 82 1004 1291 23 67 1052 1252 10 22 1165 1270 17 30 1291 1390 7 14 1414 1477 
11 12 26 333 414 3 3 381 397 11 11 544 589 17 17 595 684 13 23 636 714 17 48 662 836 23 46 904 1050 65 65 929 1187 17 25 941 1029 58 58 985 1166 37 37 1342 1478 
8 19 29 17 128 22 37 464 638 51 51 472 673 73 74 502 791 56 56 632 873 14 20 668 763 23 42 801 918 56 56 1080 1314 
11 61 81 215 500 16 16 444 530 25 65 533 769 17 17 607 701 36 58 623 810 9 10 684 729 39 39 692 834 29 61 863 1083 37 52 1248 1434 9 12 1279 1328 2 5 1335 1354 
10 53 53 188 471 70 83 363 652 13 13 436 511 57 78 459 747 19 20 500 574 42 54 517 698 26 36 603 759 18 18 626 700 1 1 1078 1084 12 17 1384 1448 
