15 51
4 37 44 182 308 37 40 528 624 72 110 565 770 59 97 612 792 
3 63 101 487 749 48 48 1234 1355 47 101 1267 1434 
7 9 9 208 236 28 28 253 341 2 5 616 628 52 106 813 1071 15 35 882 954 36 41 1102 1201 1 2 1414 1421 
3 16 20 48 90 68 70 372 662 94 139 779 1054 
4 63 87 258 430 24 53 299 391 80 80 1151 1395 31 48 1327 1433 
3 74 74 154 393 50 50 1250 1353 46 46 1352 1447 
2 60 83 199 456 125 125 1002 1237 
3 68 73 270 439 5 5 850 861 76 76 1151 1317 
3 48 61 436 529 26 30 530 641 75 107 852 1118 
4 82 92 326 532 64 64 579 742 38 48 780 861 15 15 1423 1452 
3 2 5 705 716 61 61 876 1055 90 112 979 1258 
4 22 26 524 611 49 49 977 1060 51 74 1040 1171 30 38 1296 1378 
3 43 43 301 429 91 91 542 727 9 15 1422 1460 
2 101 153 152 424 51 51 843 973 
3 11 13 153 182 93 93 1190 1409 37 45 1297 1400 
