10 114
9 36 92 70 289 41 59 179 399 63 89 217 453 22 39 236 350 2 4 250 262 13 20 784 838 58 122 884 1138 71 92 1003 1254 1 2 1481 1490 
14 28 46 5 172 28 83 54 303 15 27 193 259 5 8 196 218 25 66 271 505 15 32 511 595 43 76 692 905 19 86 884 1118 29 51 974 1170 47 88 1050 1223 28 57 1201 1379 15 48 1358 1496 1 3 1458 1468 1 2 1499 1508 
13 13 26 9 73 23 36 28 155 15 29 120 199 24 59 374 501 13 35 542 613 26 64 816 945 8 23 885 932 6 21 918 977 29 79 1057 1318 28 61 1101 1233 70 142 1192 1470 25 34 1331 1472 4 10 1411 1432 
10 72 119 109 407 21 29 146 235 76 144 241 540 7 32 442 494 10 23 533 602 1 2 541 546 25 83 1033 1172 37 54 1087 1238 16 29 1266 1381 26 70 1348 1508 
13 18 69 25 172 42 100 155 395 47 101 205 465 6 13 320 371 32 67 348 533 26 90 444 616 1 2 447 451 3 6 660 674 15 24 804 863 70 77 1007 1261 7 15 1151 1188 17 28 1164 1235 1 2 1384 1391 
13 14 65 46 190 12 21 134 208 51 150 398 692 52 89 866 1086 25 62 875 1023 6 11 897 928 23 44 957 1093 21 40 986 1071 15 39 1290 1372 28 97 1303 1465 11 39 1342 1431 25 58 1353 1478 1 1 1507 1510 
13 14 61 74 193 12 24 164 226 8 13 462 508 19 50 486 592 27 59 703 866 26 57 777 933 48 93 961 1192 51 90 1113 1324 21 53 1153 1320 23 49 1229 1327 27 64 1230 1356 1 2 1489 1494 1 3 1497 1503 
9 8 13 26 70 9 20 463 527 26 31 643 796 21 21 677 766 42 100 958 1162 68 150 968 1255 85 119 1038 1291 38 48 1110 1271 14 16 1347 1403 
12 9 16 9 64 54 115 532 809 16 16 607 658 56 105 618 893 37 52 736 877 31 48 789 978 7 11 843 871 27 50 851 965 25 52 972 1089 18 18 997 1097 18 35 1044 1148 4 9 1272 1291 
8 29 39 105 223 2 4 331 348 39 74 422 646 50 122 490 725 50 146 738 1000 38 178 1074 1363 44 95 1218 1421 43 104 1251 1492 
