10 51
5 15 41 28 158 1 1 360 363 18 32 659 757 52 52 680 907 49 59 1030 1237 
6 59 105 19 275 1 4 464 478 21 21 471 585 35 79 660 907 8 8 850 888 1 3 905 915 
7 20 33 37 161 50 69 402 586 35 51 922 1107 11 11 960 1006 20 20 1000 1086 8 12 1171 1220 13 18 1203 1266 
6 43 51 292 533 15 15 540 615 29 39 557 720 31 41 856 1050 4 10 879 925 13 27 1156 1271 
4 3 4 355 371 42 53 387 560 63 63 473 688 43 43 554 721 
3 36 55 29 199 43 96 286 540 44 59 679 934 
4 17 17 282 349 47 73 416 642 64 68 924 1193 5 9 1010 1080 
6 34 43 696 848 33 42 734 889 44 44 912 1067 7 14 953 990 4 7 966 990 10 10 1213 1256 
4 27 33 875 995 64 64 912 1173 56 63 952 1182 11 18 1169 1249 
6 40 40 69 315 7 13 718 772 19 19 838 951 45 45 1005 1230 32 32 1171 1306 8 12 1239 1292 
