15 163
15 46 82 32 261 2 4 98 115 3 11 113 155 25 31 327 446 23 33 391 571 25 44 398 539 42 69 404 645 21 21 559 651 27 27 739 857 43 95 1029 1326 17 21 1167 1281 8 15 1223 1290 7 8 1405 1441 10 12 1460 1516 2 2 1490 1501 
8 39 49 13 200 40 46 596 793 26 26 685 785 37 46 853 1002 32 46 1200 1391 72 72 1222 1453 33 33 1282 1433 7 10 1423 1451 
11 11 13 61 117 40 60 97 380 51 56 116 369 52 52 224 485 24 43 442 608 32 32 511 627 26 41 558 725 35 47 592 819 19 19 1096 1175 21 28 1181 1306 1 1 1514 1518 
9 43 45 160 363 44 72 171 426 42 71 290 494 48 48 335 513 8 9 392 426 13 15 480 539 29 43 652 800 8 27 734 832 45 45 859 1092 
10 62 76 148 396 14 19 341 428 25 34 345 531 42 44 783 984 1 1 883 889 62 62 970 1230 46 46 1064 1222 55 59 1083 1289 5 14 1314 1386 1 1 1511 1514 
15 5 5 141 169 37 82 187 460 15 21 311 394 39 52 350 540 33 65 412 624 75 78 558 831 18 33 585 738 3 6 634 666 1 2 671 686 7 22 824 886 44 70 944 1213 25 25 1173 1291 16 16 1402 1459 3 3 1458 1473 1 2 1497 1506 
13 50 50 231 443 6 10 320 363 51 51 442 639 37 50 483 662 16 16 526 607 24 33 642 747 26 56 813 988 1 1 950 956 33 37 953 1112 34 84 1063 1296 5 12 1277 1322 1 1 1417 1422 3 5 1484 1508 
10 11 11 104 149 65 71 357 642 53 53 427 678 19 65 467 677 18 35 738 857 14 16 859 926 9 14 955 1005 49 81 1055 1321 55 76 1094 1375 6 10 1334 1364 
9 74 102 113 415 30 65 199 421 25 25 516 654 14 24 526 616 19 30 530 638 15 32 536 670 33 55 987 1213 47 47 1050 1301 30 30 1390 1508 
10 39 50 111 295 3 3 177 191 18 20 381 480 4 8 587 616 36 55 599 798 69 81 842 1139 23 36 1002 1116 22 30 1133 1220 51 51 1199 1373 45 45 1335 1507 
13 44 44 87 266 24 47 122 278 22 22 214 348 20 38 253 382 28 28 388 535 8 8 672 701 48 70 930 1183 21 21 1014 1149 13 13 1038 1091 35 45 1068 1241 14 14 1103 1153 24 33 1203 1310 6 13 1413 1465 
12 14 25 308 426 20 23 695 804 28 28 708 824 47 71 749 1032 49 49 900 1080 30 76 1040 1296 9 14 1054 1097 53 94 1241 1495 1 1 1266 1269 5 6 1293 1316 25 25 1309 1423 28 32 1354 1513 
8 69 69 54 326 68 68 231 523 60 68 346 630 4 6 838 862 40 40 969 1108 20 42 1042 1178 8 13 1381 1439 9 9 1401 1435 
11 22 23 41 194 22 34 141 266 18 26 282 374 48 74 304 522 26 43 491 645 30 41 505 654 17 19 709 782 16 17 1210 1316 31 31 1212 1344 33 38 1284 1391 17 18 1342 1428 
9 63 96 222 507 47 73 392 605 45 56 525 802 8 14 584 657 1 1 695 701 58 72 854 1131 41 74 1101 1361 28 68 1188 1416 2 3 1466 1479 
