10 46
5 5 6 188 210 13 17 312 342 37 90 956 1124 65 65 1037 1216 5 5 1242 1254 
5 25 38 68 158 8 11 516 536 70 104 730 947 27 32 1142 1240 1 1 1262 1265 
7 16 21 65 107 19 25 296 376 62 95 400 638 7 9 557 580 55 75 859 1052 5 8 1002 1021 12 14 1042 1079 
3 92 103 349 569 76 82 513 733 9 9 774 803 
5 15 15 80 120 71 91 246 466 20 20 608 650 96 96 609 819 12 15 1019 1061 
3 35 49 57 220 79 95 429 602 71 71 796 980 
6 48 48 353 486 4 4 514 525 28 28 691 756 90 90 766 978 21 28 882 939 16 24 952 999 
4 20 20 361 399 82 128 500 718 7 10 673 700 64 64 1000 1159 
3 82 93 131 374 82 89 686 863 2 7 956 975 
5 30 33 172 291 15 21 266 314 5 10 650 671 54 66 877 1026 59 70 1122 1247 
