15 167
14 31 45 134 285 29 29 232 326 10 18 394 478 16 23 423 531 17 17 467 540 3 4 586 600 67 67 745 1012 20 40 970 1129 26 50 1000 1220 9 13 1181 1228 64 64 1182 1423 7 7 1298 1328 5 7 1330 1365 3 4 1448 1466 
14 10 23 54 125 27 27 243 432 36 44 362 556 7 15 837 878 25 28 884 1044 15 20 893 1001 14 17 920 988 33 45 921 1094 13 14 934 983 24 35 980 1154 12 16 1050 1133 63 87 1085 1365 3 4 1401 1419 2 3 1454 1465 
9 47 47 311 471 16 34 425 553 29 54 461 706 20 30 697 819 40 40 712 858 33 43 733 894 64 64 846 1087 39 53 907 1109 13 19 1220 1300 
11 60 60 153 438 3 3 175 193 46 46 313 481 48 48 378 542 42 52 395 574 4 10 641 678 16 18 642 702 42 42 669 874 1 1 734 739 28 53 989 1131 15 15 1351 1400 
9 55 62 2 233 45 56 62 272 39 48 93 319 30 48 261 430 22 33 310 434 24 38 448 569 15 21 803 880 43 43 919 1072 14 23 1367 1471 
8 53 53 180 423 21 26 220 315 29 47 373 571 14 24 377 449 21 46 672 856 74 76 758 1023 23 23 893 1007 48 60 1102 1331 
10 32 84 410 656 4 8 429 457 35 99 443 697 71 71 471 713 40 62 508 705 35 61 740 919 9 10 814 859 30 49 1234 1419 17 29 1358 1473 1 1 1471 1474 
12 24 29 21 136 15 21 243 331 38 48 250 429 39 79 592 853 9 9 606 652 46 46 850 1053 60 76 876 1166 16 17 1126 1218 4 5 1193 1212 32 56 1307 1473 9 10 1388 1463 2 2 1456 1464 
9 38 60 158 432 25 71 177 466 22 48 366 571 52 65 712 994 42 74 736 1013 15 32 790 888 3 5 846 867 72 72 1107 1351 12 12 1415 1465 
11 32 57 23 286 10 10 112 173 2 2 297 307 8 14 484 530 3 3 839 856 43 48 904 1086 59 73 988 1269 26 32 1002 1124 49 49 1070 1326 42 55 1185 1393 28 53 1251 1471 
10 6 6 24 51 5 7 131 165 62 62 788 1033 33 36 834 989 16 35 855 966 62 62 862 1064 19 51 1105 1261 43 67 1195 1414 20 20 1280 1380 8 8 1311 1344 
13 30 54 78 252 40 88 120 350 15 21 225 307 23 23 232 308 9 10 257 295 41 78 390 644 3 3 701 717 12 36 753 856 52 52 876 1088 3 5 920 937 33 49 1075 1260 18 27 1187 1276 1 1 1390 1396 
11 41 41 72 279 44 75 323 578 1 1 461 465 48 72 491 742 34 56 567 718 3 7 577 602 30 32 590 753 55 58 838 1067 11 11 1215 1266 1 1 1279 1282 9 12 1334 1374 
13 31 44 36 195 9 13 100 150 46 64 233 512 75 75 287 574 37 52 379 532 29 31 383 498 9 21 552 619 21 21 1274 1371 16 29 1305 1387 4 4 1327 1343 2 2 1372 1380 1 1 1373 1379 3 4 1427 1440 
13 14 14 8 57 69 69 59 347 30 30 143 242 8 22 155 224 6 10 219 249 55 55 295 577 30 30 399 511 38 41 923 1059 29 52 991 1194 7 11 1194 1243 1 1 1351 1356 2 4 1383 1397 8 24 1399 1472 
