15 363
25 11 107 127 378 13 88 134 327 3 26 164 228 1 4 290 300 2 36 324 405 9 112 433 636 16 154 490 749 3 17 502 563 9 50 537 679 17 85 583 803 2 37 627 729 3 23 781 847 9 70 803 925 1 11 857 880 1 10 921 942 4 24 967 1036 4 34 1058 1157 2 16 1104 1161 2 15 1128 1180 5 55 1134 1295 6 71 1180 1375 10 63 1203 1363 2 30 1240 1308 4 45 1247 1342 1 24 1288 1340 
19 1 7 75 97 5 110 83 309 7 80 113 305 6 61 140 292 2 26 177 232 5 41 248 364 23 149 296 573 12 71 327 535 5 54 439 605 3 28 589 695 13 94 620 898 13 133 637 905 8 49 781 922 8 112 867 1112 2 17 995 1042 3 35 1020 1125 10 65 1059 1232 10 55 1233 1389 1 6 1245 1279 
22 7 70 9 169 5 39 313 414 2 20 332 372 7 64 358 512 2 20 362 419 6 36 483 623 1 7 592 615 16 123 633 881 7 61 675 888 4 49 712 819 2 22 852 914 14 102 888 1164 7 43 889 1015 11 158 946 1186 2 31 962 1037 12 88 982 1197 9 70 1011 1254 15 84 1060 1327 4 43 1133 1276 1 21 1139 1184 2 12 1249 1297 1 19 1273 1313 
27 1 2 273 279 1 19 329 400 7 41 394 529 12 75 402 677 1 5 419 433 19 72 421 659 3 44 447 547 10 78 452 635 11 69 513 693 3 49 692 786 7 55 759 889 3 26 896 957 4 60 969 1072 2 39 989 1087 1 12 994 1026 5 32 1038 1119 6 42 1053 1181 5 83 1055 1215 12 116 1100 1349 7 58 1121 1323 10 71 1138 1355 2 23 1167 1217 5 74 1198 1337 2 47 1244 1332 1 6 1263 1290 5 28 1286 1382 1 8 1364 1384 
25 3 36 125 211 9 58 150 323 4 28 155 242 12 57 274 448 2 28 294 352 1 2 312 317 11 68 364 612 6 118 523 680 8 83 559 820 2 23 576 642 4 36 594 702 6 57 624 774 10 53 628 766 7 42 640 789 12 120 652 928 6 71 659 793 7 80 692 837 6 71 916 1142 7 56 1048 1277 3 21 1162 1210 4 40 1177 1278 6 61 1225 1361 3 30 1277 1358 3 23 1284 1350 1 3 1354 1363 
25 12 86 86 287 6 61 112 280 8 77 191 356 10 70 230 441 6 59 235 380 1 17 276 311 1 2 284 290 1 13 289 320 2 17 465 509 11 65 480 710 6 45 525 678 14 153 559 830 7 44 580 718 3 25 619 685 12 130 628 894 3 18 673 742 10 71 676 923 2 17 710 746 3 31 783 887 1 9 954 973 4 45 972 1119 14 86 985 1182 7 50 1104 1240 1 2 1339 1346 2 20 1341 1392 
31 7 36 241 357 7 47 256 377 5 41 302 397 2 18 304 343 9 81 307 475 2 22 416 467 4 25 429 527 5 27 548 664 7 42 560 690 11 148 581 850 1 20 603 642 12 101 655 903 1 6 874 890 7 51 877 1025 5 114 907 1131 1 37 935 1000 1 8 941 962 4 33 957 1080 10 59 975 1142 2 29 985 1065 3 14 1009 1053 4 41 1029 1113 4 21 1038 1115 1 15 1038 1070 9 100 1046 1304 1 9 1073 1091 9 71 1096 1340 1 7 1210 1231 4 30 1222 1333 5 32 1289 1377 1 5 1308 1330 
26 5 67 72 194 3 31 73 141 5 36 114 220 8 50 238 399 14 109 351 629 7 129 404 637 2 19 442 515 4 30 446 528 15 142 616 852 8 102 627 849 1 6 662 678 1 10 685 708 1 10 817 843 11 137 877 1135 1 8 901 928 6 37 919 1028 8 47 924 1107 1 9 934 968 6 33 973 1068 16 115 1072 1349 2 16 1093 1141 6 36 1173 1308 3 29 1203 1282 5 34 1252 1380 3 29 1326 1388 1 8 1353 1372 
24 6 39 199 303 1 18 200 246 1 6 220 247 7 43 256 449 2 14 325 367 1 26 338 388 4 17 404 504 9 89 416 618 11 45 676 863 6 45 756 894 21 96 758 1027 6 44 766 888 11 124 773 1036 7 97 779 1010 1 6 818 832 11 68 996 1201 6 25 1016 1124 9 38 1020 1248 5 50 1024 1140 2 16 1077 1120 4 26 1101 1178 2 29 1135 1203 4 40 1220 1316 1 1 1385 1388 
24 6 59 14 134 5 57 162 327 2 19 264 334 13 132 461 702 17 94 500 777 1 12 552 578 7 99 564 816 18 148 587 861 7 38 665 748 11 137 682 953 9 82 722 942 2 17 862 918 2 16 883 937 11 104 956 1194 4 49 1061 1164 1 7 1106 1126 10 79 1129 1338 13 56 1158 1350 2 19 1183 1227 4 48 1188 1265 1 17 1341 1371 1 2 1347 1355 1 5 1362 1377 1 8 1363 1381 
21 3 55 70 174 15 83 252 503 5 22 281 359 8 39 292 424 17 130 339 591 1 2 467 472 6 55 492 605 6 66 564 714 13 38 763 973 10 70 776 947 7 61 837 970 1 3 964 982 11 85 977 1246 12 92 1050 1270 9 70 1106 1276 9 30 1219 1371 8 56 1232 1382 1 9 1252 1298 1 3 1346 1362 1 5 1348 1358 1 2 1387 1392 
20 3 26 12 93 13 83 130 345 2 25 196 235 3 35 335 408 10 117 523 792 1 11 525 561 5 36 528 634 19 111 533 802 12 83 595 828 2 34 610 668 8 79 615 845 8 46 617 778 5 31 765 851 11 74 896 1074 12 59 943 1136 7 112 960 1146 14 52 1041 1295 1 4 1148 1162 3 11 1160 1245 1 3 1372 1383 
20 15 132 89 353 3 15 221 281 13 88 253 464 7 93 263 481 10 88 286 504 8 146 354 625 3 20 405 468 10 44 477 641 6 75 489 629 7 98 703 904 12 120 718 931 1 38 726 814 5 36 749 830 13 99 767 1016 8 51 864 1028 8 74 897 1074 1 3 900 911 7 99 1033 1308 8 43 1204 1320 2 21 1305 1381 
28 3 13 34 75 2 20 107 169 9 118 174 440 3 55 199 306 8 49 255 376 14 102 272 508 15 91 473 737 1 2 478 508 6 69 478 643 3 24 586 642 12 157 634 899 6 79 667 821 5 35 741 831 9 110 817 1043 6 58 944 1064 8 123 998 1243 3 54 1017 1144 4 115 1085 1295 3 24 1134 1187 3 74 1136 1267 1 2 1210 1222 3 23 1244 1323 3 47 1288 1384 1 12 1293 1318 4 37 1310 1391 2 22 1327 1370 1 17 1328 1364 3 19 1330 1389 
26 6 55 26 128 2 14 31 78 2 34 123 181 1 12 375 402 10 51 411 575 7 55 421 580 7 53 562 745 9 34 639 816 5 55 823 972 14 84 864 1136 8 40 869 992 9 37 885 1032 13 42 948 1164 5 32 954 1028 4 49 984 1086 12 49 1009 1175 8 54 1043 1176 2 56 1045 1233 1 6 1110 1126 4 27 1114 1189 2 32 1176 1243 4 28 1204 1284 4 27 1245 1314 1 7 1288 1321 1 5 1338 1349 1 1 1381 1385 
