15 79
6 14 39 22 114 52 117 49 292 21 37 153 270 2 4 364 376 24 40 767 852 40 73 984 1186 
7 47 119 399 634 17 24 498 601 17 29 813 882 23 46 955 1078 11 11 975 1034 8 25 990 1061 15 37 1230 1316 
4 51 51 605 837 36 81 763 903 29 31 1171 1268 7 8 1298 1327 
5 51 92 102 318 6 15 344 391 11 24 530 578 54 84 917 1133 1 2 940 949 
3 39 75 288 474 48 76 1030 1229 42 73 1050 1304 
6 6 11 41 77 30 93 361 520 40 80 776 978 40 54 986 1187 3 7 1240 1258 6 22 1304 1341 
5 39 63 289 433 27 89 392 578 9 13 1012 1058 51 92 1033 1245 3 8 1200 1225 
4 48 141 62 330 43 76 115 302 59 128 255 452 22 46 683 822 
10 38 58 60 263 15 15 97 153 28 97 342 528 12 31 659 722 9 24 754 834 1 2 813 821 9 38 1085 1163 9 28 1090 1145 3 7 1123 1146 1 3 1323 1332 
4 28 34 161 293 31 54 383 539 32 42 631 767 42 71 781 983 
4 8 24 722 813 17 46 753 839 70 110 873 1132 33 50 1082 1207 
6 47 110 216 471 15 51 267 378 10 19 955 1009 30 52 962 1114 53 106 1060 1322 11 30 1257 1330 
5 26 38 297 404 56 129 763 1020 12 17 812 877 9 25 1007 1050 59 117 1045 1274 
5 51 54 268 463 8 25 395 457 27 94 567 760 13 16 766 833 37 68 838 1037 
5 14 23 226 278 11 26 411 473 62 110 791 1039 17 21 843 958 49 77 916 1167 
