10 193
19 40 40 44 229 35 35 165 310 58 61 190 481 14 19 449 518 57 57 529 761 8 8 553 582 32 32 554 788 1 1 594 598 33 74 699 880 22 22 764 864 8 20 841 908 52 65 854 1129 98 98 887 1201 26 42 1017 1165 24 24 1152 1295 36 41 1156 1328 27 27 1309 1432 4 4 1351 1365 10 13 1382 1440 
18 28 34 13 159 45 45 17 175 35 35 85 225 44 44 132 274 18 19 280 364 22 36 317 474 8 14 479 525 1 1 553 558 26 32 560 686 40 41 604 766 1 4 616 631 21 42 732 852 11 14 757 808 52 60 956 1150 56 59 1028 1286 40 72 1286 1505 35 41 1344 1509 35 36 1425 1557 
19 6 10 162 198 43 82 262 487 11 11 278 346 60 61 428 732 72 72 680 949 40 49 814 1060 51 69 906 1131 17 21 923 998 41 58 961 1253 35 69 1143 1331 75 75 1221 1505 20 26 1272 1377 17 20 1297 1385 1 3 1314 1329 4 5 1356 1380 22 22 1379 1508 7 11 1394 1448 4 7 1543 1573 1 1 1577 1583 
19 7 10 73 117 9 11 154 207 3 4 172 190 32 70 186 392 50 52 319 574 43 43 479 657 7 7 536 563 67 71 570 841 63 92 688 965 52 81 761 990 20 37 771 958 6 10 1123 1157 36 36 1229 1355 36 36 1238 1412 38 82 1325 1531 28 50 1328 1485 5 11 1483 1522 1 1 1496 1500 3 6 1503 1530 
16 33 33 13 157 50 50 154 368 39 50 289 452 45 64 516 753 21 48 542 737 14 15 592 671 5 7 663 690 57 57 670 893 62 86 696 975 7 11 824 862 30 85 997 1258 25 25 1044 1146 44 45 1159 1394 60 78 1305 1525 40 40 1409 1555 8 8 1522 1579 
25 30 43 23 186 12 29 34 154 35 63 38 204 10 31 137 250 18 27 242 329 38 39 329 518 31 63 359 638 3 4 416 431 77 77 420 705 18 18 422 503 20 20 435 512 14 17 491 558 9 14 530 604 1 2 595 605 15 43 1006 1134 3 3 1086 1098 53 53 1127 1413 33 33 1215 1384 19 19 1218 1323 28 41 1296 1545 3 3 1317 1330 5 11 1338 1376 21 24 1428 1547 5 6 1524 1558 2 3 1546 1556 
25 22 33 12 104 8 8 200 241 6 10 323 363 12 20 323 373 19 31 381 538 70 81 410 723 40 43 453 621 2 6 501 522 4 4 870 887 62 62 959 1220 48 48 977 1177 3 3 1047 1061 35 64 1052 1287 8 13 1106 1162 23 28 1112 1203 13 25 1142 1224 7 41 1177 1319 35 84 1199 1510 47 52 1278 1467 7 14 1383 1424 15 23 1388 1511 1 1 1431 1438 17 27 1490 1579 8 9 1501 1539 2 5 1556 1571 
19 13 16 29 93 19 20 36 122 2 5 114 133 4 6 165 186 3 5 270 297 38 40 412 580 3 3 640 654 55 77 768 1026 28 45 840 1050 1 1 912 915 30 48 1019 1210 24 24 1102 1230 80 80 1115 1397 29 38 1172 1317 60 68 1278 1574 73 73 1295 1571 49 49 1369 1546 14 21 1456 1553 3 5 1498 1523 
17 49 75 10 206 61 80 164 400 52 52 312 602 22 32 495 606 29 44 530 706 12 14 568 621 11 21 764 867 3 8 831 862 30 40 888 1032 9 16 926 993 85 85 1024 1338 63 63 1258 1519 13 18 1265 1327 16 17 1345 1433 32 53 1348 1578 2 3 1375 1389 17 21 1495 1571 
16 40 68 155 439 64 76 184 498 41 41 198 403 25 38 254 370 50 58 302 607 47 48 433 701 38 43 553 695 56 84 849 1149 11 17 880 935 89 89 885 1155 23 23 1116 1218 8 15 1397 1472 22 24 1413 1521 9 11 1513 1555 4 5 1533 1563 1 1 1550 1556 
