15 646
49 5 55 70 189 6 78 85 263 4 26 130 205 6 69 133 306 1 10 149 175 9 56 151 328 2 30 164 238 6 48 191 321 7 48 202 341 1 13 207 244 6 80 313 503 1 13 330 363 16 79 337 583 6 71 378 523 15 125 382 639 11 64 414 625 8 71 441 626 13 119 536 780 9 58 557 767 6 51 637 831 4 51 641 782 5 55 643 754 4 43 653 745 2 14 766 806 2 21 784 826 17 108 815 1088 11 57 840 1001 6 71 880 1101 1 13 903 930 11 79 923 1114 2 22 943 1001 2 27 991 1043 18 85 1004 1284 5 84 1069 1327 1 6 1070 1091 4 99 1134 1317 6 70 1185 1364 3 42 1202 1281 6 67 1275 1405 3 65 1280 1399 3 23 1301 1347 7 49 1314 1428 2 18 1320 1364 4 45 1329 1436 4 37 1364 1440 1 20 1372 1410 1 16 1404 1449 2 13 1407 1442 3 27 1423 1468 
31 3 42 40 138 7 65 54 202 8 114 123 325 17 111 225 509 11 54 230 464 10 127 268 530 9 85 295 465 7 110 323 527 10 99 360 554 9 86 396 579 4 36 464 584 6 39 554 697 4 56 588 753 9 79 592 729 22 148 657 947 10 161 718 964 12 105 749 999 16 91 764 1008 11 91 765 993 1 15 855 891 7 59 864 991 3 44 871 985 3 38 912 997 12 80 959 1228 15 73 981 1216 10 80 1067 1230 9 55 1115 1266 10 101 1143 1356 5 32 1161 1257 10 70 1189 1338 2 20 1406 1458 
41 6 59 2 235 9 72 60 242 10 50 83 291 8 46 107 254 1 2 132 140 1 6 166 187 5 54 237 385 16 92 289 570 7 100 320 561 11 86 396 558 10 50 432 583 8 82 432 618 18 113 438 723 6 122 536 786 1 2 542 550 5 157 548 816 14 105 604 849 5 67 668 872 1 5 699 715 12 90 711 923 3 16 779 847 11 54 787 960 3 39 860 966 10 79 883 1123 7 66 900 1078 9 42 949 1102 1 11 1079 1106 13 74 1082 1300 8 41 1133 1278 10 62 1167 1336 4 30 1178 1260 4 31 1188 1275 7 62 1201 1360 9 64 1206 1409 3 36 1212 1297 6 33 1257 1402 2 19 1298 1361 9 61 1346 1470 1 7 1384 1403 2 8 1423 1464 1 2 1465 1471 
38 4 83 51 214 6 50 128 239 11 106 176 381 11 82 178 351 8 55 179 343 16 101 192 395 5 79 199 390 3 26 220 293 6 65 224 412 3 17 230 284 4 30 327 418 6 42 367 482 13 80 431 719 9 114 455 691 12 76 471 668 9 52 516 757 2 36 517 588 9 97 554 744 3 45 627 726 5 48 635 746 17 113 702 958 8 128 762 1016 5 40 830 980 3 34 864 962 11 80 869 1088 10 102 876 1116 5 60 911 1049 3 22 929 982 12 101 973 1261 11 84 997 1251 6 93 1015 1206 8 107 1216 1453 1 1 1245 1251 11 57 1268 1417 7 40 1281 1394 6 55 1289 1447 1 7 1307 1328 1 7 1439 1469 
42 3 38 85 171 8 72 90 308 2 23 116 162 6 61 123 307 4 38 151 260 8 67 191 375 12 70 246 461 2 15 249 280 8 45 278 425 3 26 343 408 8 57 362 484 6 54 380 495 2 7 424 481 2 28 426 489 9 92 469 659 4 42 493 605 6 55 508 660 4 66 598 704 15 92 604 862 13 61 647 931 8 59 656 836 6 52 684 770 9 49 695 840 7 52 698 837 12 142 853 1112 4 37 853 972 10 67 860 1095 10 95 937 1128 3 19 953 1003 3 42 994 1080 10 118 1071 1316 7 141 1081 1318 12 88 1085 1357 2 13 1109 1149 5 33 1173 1277 7 86 1254 1438 13 85 1260 1463 6 67 1275 1393 4 42 1320 1444 7 51 1321 1469 1 5 1353 1368 4 36 1393 1468 
43 2 20 23 101 12 84 33 268 16 131 57 342 7 56 116 279 1 13 141 186 10 81 155 377 4 26 235 347 1 2 252 259 1 1 295 299 7 31 307 484 7 73 313 524 6 116 318 557 2 9 332 369 4 31 358 462 2 23 364 418 2 24 455 514 1 3 456 465 6 41 472 612 9 65 518 685 6 52 530 644 7 45 572 751 10 61 608 758 10 46 669 840 9 113 680 915 9 70 694 847 10 61 699 851 3 43 721 812 17 47 740 992 10 107 758 974 1 12 795 823 11 120 943 1231 10 107 1019 1290 2 28 1043 1105 12 106 1083 1331 3 14 1102 1177 14 93 1148 1368 9 46 1235 1401 1 30 1256 1308 13 68 1262 1456 5 31 1346 1429 3 15 1409 1458 1 7 1451 1471 1 5 1458 1470 
57 6 56 38 210 8 89 92 301 12 75 106 282 10 131 132 421 12 154 157 402 6 37 175 325 1 5 235 247 3 26 267 359 3 17 272 320 4 38 283 362 5 110 342 543 2 22 342 414 10 54 342 562 12 66 372 572 5 41 402 528 3 34 417 497 2 25 494 558 2 29 568 638 6 13 570 754 2 29 587 638 4 28 620 680 1 1 636 640 2 22 638 683 4 45 678 778 1 9 686 710 12 104 759 1006 15 118 801 1018 3 26 827 912 9 58 834 1040 11 125 852 1115 1 17 855 890 7 117 874 1139 1 4 895 906 1 10 997 1022 11 79 1022 1302 5 36 1076 1212 6 20 1141 1254 11 50 1200 1396 2 24 1208 1271 1 5 1225 1235 14 113 1232 1464 6 76 1253 1428 9 83 1278 1474 1 8 1289 1307 1 7 1291 1322 7 62 1336 1470 1 8 1342 1359 2 10 1345 1383 1 3 1378 1392 1 6 1380 1393 1 3 1390 1399 3 32 1399 1467 1 9 1415 1444 1 9 1424 1447 1 1 1440 1459 1 12 1440 1474 1 6 1442 1469 
45 6 53 36 184 20 143 57 321 7 74 66 274 15 165 101 386 3 11 131 207 2 26 136 267 5 43 177 274 5 35 213 293 3 20 252 306 3 37 330 395 6 40 386 484 8 94 393 575 2 14 428 464 12 84 496 784 1 1 531 540 6 28 548 661 10 113 548 779 16 116 555 849 6 68 599 754 3 63 605 752 2 21 606 655 10 72 704 925 2 19 710 776 9 77 712 903 7 45 750 894 11 42 772 961 4 53 774 924 1 14 822 856 15 90 884 1166 8 62 895 1049 14 136 949 1215 1 21 951 990 8 48 979 1147 10 64 983 1187 1 7 1002 1018 5 60 1027 1177 1 12 1138 1164 1 2 1144 1149 6 37 1177 1268 8 46 1253 1390 4 49 1305 1391 3 22 1319 1380 1 5 1362 1382 1 13 1443 1470 1 9 1447 1474 
40 6 31 57 147 12 130 148 373 8 65 221 369 11 85 235 414 5 59 244 367 6 41 277 421 15 114 285 527 12 28 289 508 10 61 306 519 5 35 383 483 2 37 468 537 11 73 565 754 14 109 580 820 11 75 602 869 1 3 610 626 1 2 677 690 7 84 689 901 7 53 782 926 7 47 828 1017 11 137 874 1140 6 38 892 988 14 163 930 1221 6 32 932 1090 13 89 997 1281 10 67 1046 1229 7 31 1076 1222 15 146 1095 1329 4 36 1116 1209 1 6 1139 1166 10 63 1152 1432 1 4 1170 1178 4 22 1204 1265 1 10 1281 1311 4 37 1289 1366 7 63 1326 1435 1 9 1338 1361 1 7 1433 1455 1 2 1458 1464 1 5 1458 1473 1 1 1470 1473 
43 1 5 49 62 14 109 56 306 4 74 83 224 4 53 111 292 12 139 128 419 1 9 136 169 15 118 140 384 12 106 151 369 7 66 315 517 13 97 471 676 1 9 476 496 3 22 482 548 11 105 539 718 10 48 542 791 6 70 595 884 3 48 643 821 10 76 650 806 8 117 651 862 1 1 700 705 8 82 701 899 1 27 796 851 5 90 805 973 12 130 863 1140 1 2 870 875 8 81 881 1153 5 81 894 1032 12 102 909 1192 3 23 914 965 4 52 923 1067 1 18 1061 1107 6 51 1062 1188 17 63 1074 1303 5 53 1147 1247 6 31 1151 1232 1 5 1169 1187 10 73 1205 1423 7 39 1214 1324 12 34 1238 1406 3 47 1245 1341 5 46 1327 1449 1 31 1335 1416 1 4 1424 1432 1 6 1424 1439 
48 5 64 10 140 8 40 41 246 1 3 112 119 2 24 112 180 7 67 121 265 3 25 210 290 1 4 222 236 8 65 257 397 7 60 262 470 1 17 284 319 9 64 316 488 11 107 321 590 1 22 335 387 8 41 350 518 10 88 423 633 11 69 437 626 3 28 494 560 5 68 495 632 11 58 524 744 6 57 527 735 8 68 547 758 8 57 551 697 15 29 594 857 9 66 606 803 5 77 615 754 1 9 643 665 13 80 651 858 1 20 731 768 6 54 739 891 3 16 752 793 4 31 770 895 5 27 812 902 7 78 813 982 4 37 824 889 1 4 837 846 1 8 843 867 4 87 919 1123 10 30 934 1195 4 37 944 1037 6 64 999 1115 17 99 1074 1350 1 9 1110 1146 5 61 1171 1343 8 125 1230 1453 2 44 1289 1370 3 31 1387 1472 1 5 1412 1423 1 13 1427 1462 
50 10 107 143 369 6 64 214 375 9 61 272 464 12 95 278 523 1 5 285 297 7 51 297 411 1 21 340 393 7 51 360 481 2 61 363 469 7 68 367 521 7 44 418 620 6 64 437 561 7 68 444 624 10 74 490 682 5 31 495 585 13 132 508 769 5 123 592 840 11 58 595 791 1 19 641 675 4 37 653 756 12 49 665 852 1 4 669 677 8 130 683 908 12 96 751 993 12 87 826 1069 1 2 852 860 10 37 858 1032 4 31 869 967 1 2 879 885 12 80 980 1257 17 132 1008 1291 4 24 1030 1111 4 31 1043 1130 8 97 1076 1250 6 177 1079 1351 1 3 1139 1148 9 117 1182 1443 6 58 1195 1352 2 12 1243 1278 1 2 1309 1316 3 16 1327 1394 1 35 1334 1400 1 8 1338 1364 1 8 1378 1409 1 42 1379 1441 2 27 1397 1446 1 4 1408 1418 2 19 1419 1473 1 17 1437 1472 1 1 1470 1474 
38 1 4 10 27 16 81 19 234 6 48 61 223 1 9 80 112 12 97 83 377 9 39 85 199 10 77 148 357 8 70 181 358 13 106 222 487 2 20 338 389 5 44 399 537 11 149 413 707 4 46 454 586 16 88 454 708 8 100 501 730 17 108 543 818 14 67 570 832 4 27 574 671 2 28 595 664 1 26 636 710 15 153 644 912 10 30 645 829 4 55 686 780 7 111 706 958 16 98 713 960 1 11 800 833 3 34 845 940 1 13 860 890 6 66 909 1077 13 126 959 1241 2 20 1019 1065 12 41 1122 1337 2 21 1130 1207 11 94 1219 1440 2 18 1271 1314 2 20 1372 1428 3 50 1381 1455 1 9 1440 1463 
44 4 46 5 119 10 97 5 248 8 75 39 199 8 74 148 279 16 98 211 490 11 108 222 488 1 2 240 246 7 40 309 456 5 76 346 514 9 84 412 623 8 91 444 616 1 2 454 460 6 52 460 587 10 128 469 713 9 97 493 722 9 100 560 767 14 107 589 875 8 78 631 804 7 64 655 795 11 116 658 901 3 30 681 746 7 65 778 968 10 89 808 1083 1 4 846 857 1 8 896 920 1 13 901 926 4 48 922 1020 2 25 977 1025 7 72 1008 1172 13 100 1027 1278 9 84 1033 1214 2 12 1037 1075 6 57 1066 1237 1 10 1126 1150 1 4 1176 1194 5 28 1181 1296 13 90 1185 1447 5 71 1186 1315 5 46 1255 1357 9 55 1276 1469 2 35 1296 1368 2 10 1382 1428 1 3 1445 1458 1 2 1464 1471 
37 9 93 39 261 8 162 71 333 15 102 110 383 17 95 156 416 1 15 210 260 10 70 225 411 10 61 311 464 8 91 338 531 16 66 407 644 17 93 451 704 3 18 469 556 13 129 472 728 16 110 539 787 3 56 555 672 2 16 567 608 5 23 598 665 7 70 642 839 1 1 723 728 10 56 846 1026 4 37 1009 1098 1 3 1018 1025 15 138 1035 1316 9 123 1043 1281 13 129 1051 1325 1 1 1089 1092 4 74 1098 1226 8 58 1121 1312 9 99 1161 1327 6 41 1179 1278 3 38 1261 1377 10 81 1286 1461 3 49 1315 1404 4 45 1332 1439 1 8 1347 1369 3 26 1352 1408 3 32 1365 1458 3 33 1373 1440 
