15 686
55 14 138 85 375 1 6 115 152 6 74 152 309 10 135 167 483 1 13 183 218 1 17 189 229 3 25 196 292 1 1 210 214 11 84 311 536 14 116 330 620 7 43 331 447 11 136 345 655 12 132 390 659 2 16 426 457 1 14 426 457 2 23 494 561 3 29 526 587 5 29 545 633 11 84 554 780 15 141 591 905 3 46 613 705 9 72 628 864 14 182 668 967 3 28 681 759 6 42 691 808 10 74 714 910 4 42 717 829 1 18 724 771 1 7 739 757 2 22 760 817 5 106 765 976 9 90 806 985 15 98 848 1128 11 97 850 1078 4 35 909 977 5 73 916 1028 11 85 928 1182 1 14 973 1007 1 1 1013 1016 2 136 1042 1245 4 42 1052 1148 1 7 1088 1113 4 33 1106 1196 6 23 1156 1288 5 67 1170 1329 17 100 1239 1472 5 42 1261 1376 1 4 1372 1392 1 2 1450 1455 4 17 1511 1568 3 22 1511 1575 1 7 1528 1552 1 7 1539 1557 1 7 1545 1562 1 3 1579 1586 
41 1 25 89 128 14 71 132 310 1 6 162 177 7 35 325 423 6 41 382 498 9 92 446 662 6 75 455 591 17 99 468 772 10 47 505 730 17 150 537 852 4 47 569 668 14 54 609 826 10 70 616 794 1 10 629 652 9 59 646 801 2 21 661 721 3 17 726 804 15 79 731 986 7 70 790 942 17 88 883 1152 15 56 900 1202 16 79 951 1227 6 63 1021 1165 2 14 1035 1091 1 1 1041 1045 7 48 1046 1178 10 82 1054 1299 10 84 1111 1305 4 46 1112 1204 7 62 1186 1340 10 51 1252 1509 6 54 1272 1389 11 70 1329 1512 6 49 1412 1520 3 29 1435 1502 2 19 1442 1492 3 55 1446 1543 4 26 1483 1585 1 2 1581 1586 1 2 1581 1592 1 1 1592 1595 
51 12 106 4 233 1 17 13 44 15 92 72 380 14 76 79 362 15 80 90 375 7 68 132 274 10 84 201 384 4 35 249 373 3 16 272 318 13 101 285 527 6 103 313 502 4 34 342 444 12 128 360 652 7 64 360 519 2 22 389 449 7 48 453 638 4 43 457 566 1 5 471 486 10 157 502 783 3 24 504 593 6 43 524 651 3 19 528 574 7 77 588 737 1 8 597 611 4 87 603 901 12 79 760 1047 13 141 777 1091 4 27 793 892 3 41 814 913 5 84 866 999 5 45 1031 1127 13 98 1046 1262 21 111 1106 1407 3 40 1166 1235 1 2 1178 1184 13 113 1193 1482 2 31 1242 1316 1 20 1283 1316 5 42 1326 1422 2 14 1330 1363 1 6 1349 1365 6 52 1352 1478 3 43 1364 1480 4 101 1406 1589 2 22 1410 1472 4 37 1424 1489 4 33 1439 1506 4 44 1443 1544 4 36 1465 1566 3 16 1497 1546 1 8 1526 1550 
45 8 83 10 187 4 29 24 126 4 28 115 196 10 67 123 284 5 28 143 304 14 106 158 371 7 58 177 355 10 58 183 346 1 14 188 224 13 142 201 477 2 11 229 260 3 27 292 376 1 8 467 488 2 22 487 527 9 124 489 783 14 133 519 823 12 125 596 868 10 87 598 767 16 94 616 840 1 7 634 661 11 119 656 869 17 151 660 935 1 22 752 787 17 97 822 1103 2 11 848 884 3 23 859 922 8 104 861 1092 2 20 877 932 5 35 953 1051 1 21 991 1049 6 78 999 1210 1 1 1019 1037 6 42 1021 1164 12 93 1037 1272 3 28 1049 1118 7 60 1056 1210 17 90 1087 1389 11 104 1159 1466 1 16 1166 1204 13 83 1192 1462 1 9 1213 1231 5 45 1309 1459 7 45 1312 1461 1 1 1538 1542 1 1 1571 1577 
51 6 80 14 162 13 124 31 291 1 9 38 74 7 73 59 300 3 18 66 124 3 25 81 127 2 29 88 145 6 55 143 291 3 69 203 317 1 7 222 241 10 85 395 647 8 116 471 774 9 75 502 646 11 61 548 704 12 137 564 838 8 60 578 770 7 127 581 886 7 69 631 767 3 27 632 700 9 60 702 889 1 5 757 772 1 10 762 789 7 72 771 920 11 89 794 994 6 77 797 964 8 67 799 955 9 113 877 1156 4 49 886 1056 5 58 897 1057 5 51 909 1018 9 135 911 1150 10 96 989 1218 5 50 1063 1223 7 31 1092 1240 9 109 1211 1461 21 141 1212 1488 1 7 1234 1266 15 86 1239 1533 5 13 1264 1381 9 77 1268 1444 7 74 1374 1588 1 3 1465 1479 3 36 1505 1593 2 21 1524 1584 1 8 1533 1549 3 17 1534 1594 1 22 1552 1595 1 6 1556 1573 1 12 1562 1595 1 2 1567 1578 1 2 1579 1584 
43 6 54 20 145 6 29 46 148 10 120 107 381 2 26 119 198 7 50 120 235 17 91 134 421 12 109 198 480 19 122 229 517 16 153 314 581 8 85 342 567 3 28 378 452 11 54 447 679 5 68 712 842 12 102 739 945 12 133 758 1032 7 75 934 1125 3 22 973 1030 1 10 1012 1039 17 148 1033 1333 8 80 1054 1185 2 22 1091 1155 16 70 1134 1408 22 123 1136 1427 4 48 1184 1296 7 58 1203 1330 5 39 1214 1338 5 60 1258 1378 3 26 1261 1312 9 71 1269 1449 9 123 1279 1514 2 23 1287 1341 9 60 1293 1484 5 42 1318 1415 3 43 1405 1504 1 1 1408 1413 1 13 1453 1479 3 18 1454 1504 2 10 1464 1509 1 5 1531 1547 3 16 1535 1591 1 16 1544 1583 1 1 1574 1578 1 5 1580 1591 
45 9 63 5 214 1 1 44 49 3 17 66 114 17 120 67 380 11 82 103 269 7 46 178 367 2 14 186 226 4 72 234 389 9 71 234 478 4 51 253 346 11 75 255 474 9 62 259 385 7 59 272 451 2 29 311 370 7 67 336 477 13 56 347 649 2 17 384 438 7 86 398 608 6 55 498 601 7 63 523 644 3 31 546 632 7 49 618 755 3 53 665 811 5 34 671 840 8 76 683 824 9 87 709 929 3 46 716 815 5 81 781 938 11 111 842 1114 2 16 892 940 1 4 917 925 4 31 936 1047 4 48 965 1111 10 51 1001 1219 6 59 1005 1134 3 65 1055 1202 4 47 1095 1197 18 125 1143 1455 16 76 1160 1428 5 56 1176 1291 19 114 1185 1452 3 15 1240 1285 7 96 1384 1550 4 31 1500 1578 1 4 1570 1581 
45 18 117 69 384 12 180 71 350 13 143 109 377 1 2 135 143 17 117 306 538 13 88 346 527 10 99 363 608 1 3 407 417 3 33 467 530 12 94 476 721 7 63 519 663 1 4 520 537 1 8 540 558 6 54 541 723 12 93 563 795 10 88 648 825 4 44 666 790 9 152 675 983 2 44 682 773 4 87 849 1015 14 102 919 1162 1 4 935 951 10 64 974 1155 1 8 995 1013 4 35 1019 1120 1 32 1030 1103 1 7 1046 1067 6 130 1053 1364 13 127 1061 1322 1 29 1100 1159 12 58 1152 1344 4 31 1154 1226 3 41 1220 1326 14 119 1246 1488 6 51 1247 1350 1 9 1295 1321 20 98 1331 1594 6 45 1343 1489 7 71 1391 1587 1 11 1392 1413 8 46 1425 1540 4 21 1504 1563 2 16 1527 1567 1 5 1545 1554 1 2 1590 1596 
41 1 2 10 19 15 111 66 332 5 36 162 266 4 31 212 291 6 120 262 466 2 29 302 371 5 51 310 432 6 38 322 434 5 23 435 551 14 85 544 797 5 37 563 677 10 65 590 743 3 74 602 794 9 92 657 855 12 82 678 909 7 44 683 818 3 27 754 811 3 19 775 833 14 120 808 1050 15 76 809 1125 4 85 809 988 2 16 862 898 12 89 903 1119 11 115 943 1217 7 91 966 1128 6 100 1087 1296 19 135 1112 1429 15 141 1149 1467 13 139 1190 1499 1 13 1191 1220 4 40 1193 1285 11 75 1227 1470 13 106 1230 1501 16 54 1265 1493 4 51 1282 1429 4 32 1295 1394 6 48 1361 1475 2 35 1362 1464 2 18 1414 1460 3 22 1520 1573 1 4 1576 1587 
44 3 17 6 97 13 137 23 327 18 69 56 361 2 28 88 143 6 74 112 256 2 11 148 185 16 139 149 444 1 10 154 182 1 12 185 221 8 30 262 400 8 43 282 450 7 57 318 481 16 78 330 566 3 34 371 467 14 70 385 670 16 116 534 837 15 50 567 747 5 31 574 648 14 111 577 818 1 1 597 602 5 52 612 717 1 11 627 654 17 138 631 926 9 61 772 961 1 7 774 792 5 11 887 972 3 22 925 987 1 1 1059 1064 3 40 1072 1164 1 12 1111 1143 17 107 1139 1406 1 15 1141 1174 7 91 1185 1397 7 102 1210 1426 2 15 1217 1249 7 49 1229 1337 1 10 1257 1277 15 136 1310 1580 10 47 1353 1596 10 50 1364 1523 2 12 1373 1412 5 30 1412 1505 2 22 1511 1579 1 1 1561 1564 
42 2 15 27 71 9 73 47 230 1 5 111 127 3 52 133 264 14 80 179 442 8 66 291 536 10 57 363 509 10 151 450 766 6 63 513 635 20 123 551 839 8 29 635 801 7 33 649 764 10 30 683 810 4 84 710 905 1 20 717 761 7 108 724 997 11 81 807 992 11 73 846 1047 8 86 873 1039 4 42 878 941 6 77 896 1055 4 54 906 1018 5 28 940 1039 12 130 970 1260 7 60 977 1161 4 31 994 1069 2 10 1013 1071 7 72 1064 1261 14 95 1090 1347 6 51 1100 1200 15 154 1139 1443 14 83 1165 1433 2 20 1176 1234 14 95 1217 1518 12 90 1238 1481 1 14 1259 1302 11 49 1385 1570 3 33 1402 1492 4 72 1404 1554 1 3 1413 1421 3 31 1497 1579 1 9 1508 1529 
46 1 4 28 39 12 173 47 358 6 32 83 187 13 37 104 375 11 88 116 340 2 5 126 169 12 144 171 463 12 121 177 476 6 144 239 506 5 91 244 402 2 41 269 348 16 172 316 608 4 33 328 451 6 54 408 526 8 82 447 594 3 33 450 524 1 9 529 547 4 64 539 655 10 66 646 815 12 55 801 1008 6 74 802 1031 14 99 931 1201 8 117 953 1246 6 48 960 1110 6 50 980 1098 9 113 1013 1267 18 82 1021 1265 12 108 1056 1286 12 79 1198 1374 7 50 1211 1370 6 45 1230 1331 7 51 1242 1376 4 44 1261 1367 1 10 1305 1326 6 50 1317 1427 6 75 1325 1486 4 49 1353 1480 8 45 1415 1574 3 30 1476 1540 1 4 1486 1497 1 6 1494 1508 1 1 1544 1548 1 3 1552 1561 1 17 1558 1584 1 4 1563 1585 1 3 1567 1574 
39 5 40 30 170 10 57 58 222 6 101 96 377 6 45 156 273 20 98 255 538 12 128 370 647 14 87 395 649 16 99 470 719 1 3 481 489 10 76 487 721 12 99 526 749 6 64 556 690 6 75 572 715 6 53 601 739 1 6 611 623 15 155 640 947 14 99 693 902 8 44 697 831 4 31 742 857 10 130 754 973 8 94 830 1042 15 107 866 1122 3 27 948 1028 4 40 999 1091 2 99 1073 1358 13 130 1088 1394 12 86 1120 1325 12 58 1125 1293 1 15 1174 1202 5 40 1184 1299 6 73 1212 1363 11 86 1223 1469 16 106 1244 1493 1 7 1263 1286 5 44 1271 1375 6 40 1495 1587 3 25 1496 1578 1 6 1543 1564 1 9 1544 1582 
53 8 64 1 188 6 78 9 192 4 30 55 135 2 12 133 160 4 52 154 277 1 6 192 206 1 10 234 259 9 123 237 442 6 67 269 436 2 24 384 448 13 54 417 595 13 54 475 710 4 38 511 642 5 29 536 635 10 73 536 749 1 11 543 570 13 100 574 886 4 63 575 684 5 34 591 702 1 21 740 785 6 59 756 905 19 140 760 1064 8 62 809 965 2 16 842 880 3 10 848 902 3 22 864 903 9 84 887 1142 11 66 921 1087 12 127 932 1181 12 100 965 1211 9 53 983 1218 8 40 1021 1234 1 18 1067 1115 6 43 1082 1197 18 127 1097 1348 7 31 1176 1299 1 8 1229 1254 1 3 1232 1243 7 57 1236 1430 2 10 1237 1277 1 12 1244 1282 1 3 1254 1263 15 127 1264 1559 1 6 1268 1284 10 112 1300 1494 5 29 1343 1438 5 64 1405 1531 2 20 1413 1456 1 4 1425 1434 2 15 1488 1542 1 9 1524 1548 1 6 1545 1561 1 6 1562 1587 
45 8 78 122 278 10 122 137 372 5 45 143 251 14 101 176 434 10 103 187 432 1 10 240 258 10 52 294 523 13 82 324 561 12 142 326 610 14 63 326 554 1 11 336 368 6 62 418 677 4 87 447 625 7 59 522 640 9 70 526 718 7 122 555 790 13 118 638 902 1 17 741 782 9 51 745 925 10 80 827 1108 11 83 854 1049 8 60 880 1032 3 19 948 995 6 51 1002 1112 5 44 1031 1131 13 111 1067 1369 13 63 1070 1313 10 107 1085 1353 14 91 1094 1308 1 23 1105 1146 5 33 1105 1292 1 13 1141 1176 5 65 1214 1354 10 78 1364 1550 1 2 1384 1395 5 37 1384 1485 6 49 1408 1505 2 21 1415 1492 5 44 1438 1542 4 36 1463 1549 5 29 1497 1575 1 7 1537 1555 1 8 1571 1589 1 2 1582 1588 1 2 1589 1596 
