10 112
12 26 37 8 144 49 159 147 392 43 57 150 355 2 3 490 500 10 32 493 574 60 68 698 922 17 36 940 1017 63 117 1003 1281 12 12 1118 1162 5 8 1373 1396 7 14 1412 1453 4 6 1455 1474 
10 25 34 85 193 27 84 191 437 28 70 230 402 36 91 279 472 49 90 321 549 22 32 321 406 40 40 412 591 35 62 918 1047 46 84 1014 1219 13 24 1357 1431 
14 20 43 83 190 24 48 179 289 56 95 229 469 20 54 294 450 7 22 396 439 62 75 409 622 9 18 485 525 15 21 816 890 27 49 988 1099 26 37 1124 1297 47 104 1150 1417 13 21 1379 1439 11 33 1404 1474 2 6 1448 1462 
10 18 28 46 122 20 66 102 226 37 64 314 459 12 45 612 781 24 51 640 767 43 59 753 969 62 114 940 1175 49 122 944 1179 32 79 1143 1314 26 54 1269 1409 
8 36 43 23 208 47 83 113 379 53 110 281 526 42 69 343 580 65 142 478 751 29 69 841 1014 1 1 855 859 17 37 1364 1450 
12 43 100 137 409 18 45 195 306 32 95 215 436 20 27 243 343 19 25 369 491 36 69 394 572 43 56 491 727 1 2 495 502 18 28 569 636 33 33 576 715 2 10 651 671 43 90 919 1190 
14 4 9 95 115 16 36 381 446 54 84 393 655 7 18 400 436 14 34 468 553 24 69 550 729 71 80 735 1007 2 3 831 860 25 30 846 964 50 101 1013 1232 5 10 1094 1121 38 82 1221 1449 33 46 1328 1460 5 13 1351 1377 
9 33 47 148 323 37 83 274 476 23 51 314 432 56 94 793 1002 16 34 1112 1216 49 58 1134 1367 54 102 1252 1481 9 20 1274 1332 18 38 1312 1390 
10 35 40 118 260 87 147 336 625 40 133 434 681 6 42 484 553 19 43 489 600 33 50 522 635 55 124 566 854 31 49 1188 1326 1 1 1385 1389 1 2 1426 1431 
13 7 16 117 153 8 48 178 300 13 29 228 283 53 66 702 860 47 119 821 1089 13 16 972 1032 6 23 1086 1147 91 115 1093 1388 10 10 1250 1302 8 26 1314 1371 23 40 1321 1465 11 28 1389 1441 6 9 1430 1455 
