10 114
10 6 15 16 74 2 2 122 139 53 58 207 393 59 69 226 459 42 42 251 421 31 40 261 413 15 30 262 353 25 25 732 822 39 48 971 1173 19 24 1249 1339 
11 14 20 183 243 20 27 313 404 56 56 384 664 43 43 406 634 27 29 443 543 56 71 450 701 39 39 538 728 9 11 752 789 11 13 911 975 18 18 1120 1183 7 11 1287 1337 
10 31 35 23 155 4 4 171 190 72 79 198 432 17 17 480 565 36 36 578 737 17 29 760 898 48 73 770 1014 26 60 908 1097 45 58 1164 1409 4 5 1336 1356 
8 36 51 30 276 74 74 82 347 9 10 262 299 14 14 653 718 25 72 996 1243 56 69 1095 1372 44 48 1117 1328 38 38 1181 1305 
14 57 66 39 273 45 49 97 307 8 9 268 305 11 17 321 372 23 34 337 439 15 15 420 505 4 5 530 556 11 17 610 676 20 24 757 850 1 1 892 896 29 56 1051 1235 24 24 1062 1169 32 32 1078 1184 3 7 1333 1362 
9 12 18 74 149 56 80 141 373 47 66 167 357 13 20 194 259 53 53 904 1182 46 59 1068 1286 26 34 1111 1251 14 14 1128 1192 21 21 1182 1286 
12 16 28 20 108 27 29 131 239 31 40 181 336 19 26 353 459 31 31 436 556 26 29 545 669 40 40 657 825 25 25 720 842 12 15 1055 1120 43 70 1059 1336 6 7 1319 1351 6 6 1343 1370 
13 17 17 49 129 2 2 59 69 6 6 270 296 30 48 304 490 27 37 491 629 41 41 525 705 21 21 534 592 33 57 880 1114 63 73 925 1178 18 24 1049 1172 23 27 1206 1335 7 13 1359 1401 1 1 1401 1405 
12 44 75 73 299 35 48 76 259 45 45 209 403 48 63 345 563 8 12 436 477 13 17 524 587 6 6 902 934 1 2 931 937 24 24 950 1066 42 63 972 1195 1 2 1108 1117 22 32 1208 1331 
15 38 52 219 410 15 23 426 534 32 63 437 706 23 37 688 824 8 11 774 828 44 58 776 1028 31 54 957 1142 14 18 1003 1079 11 13 1079 1156 28 50 1079 1235 10 12 1088 1141 7 7 1232 1264 12 54 1246 1411 10 34 1259 1365 1 3 1356 1368 
