10 178
19 28 29 183 360 49 56 239 463 47 48 327 484 26 42 413 574 20 20 492 571 9 12 515 570 14 14 590 648 16 16 821 917 43 45 988 1170 76 76 1057 1315 9 9 1065 1133 12 15 1109 1180 20 29 1167 1264 7 9 1258 1307 8 11 1285 1336 32 53 1331 1545 14 22 1466 1538 15 24 1473 1549 1 1 1590 1594 
18 35 43 166 336 60 60 312 576 17 17 361 463 8 8 435 472 19 57 458 663 20 36 588 714 43 70 618 884 21 21 701 784 33 51 837 1071 26 26 880 1006 51 77 903 1195 11 23 1050 1117 42 59 1199 1418 16 16 1391 1445 20 44 1460 1605 1 1 1495 1499 16 16 1522 1603 1 1 1575 1579 
17 36 37 115 254 18 25 146 222 33 66 336 567 40 71 642 902 40 47 705 916 28 28 874 1042 30 30 975 1069 26 66 1084 1248 61 89 1147 1442 19 28 1309 1399 24 30 1327 1456 8 8 1352 1395 34 34 1376 1544 25 30 1377 1490 7 24 1443 1542 14 15 1491 1542 2 3 1543 1555 
21 55 55 256 464 38 73 402 611 13 21 550 641 42 42 556 733 21 26 576 680 28 28 596 773 44 50 661 824 26 35 746 908 2 2 757 770 1 1 772 776 16 16 1153 1224 43 70 1181 1399 33 48 1335 1505 3 5 1345 1366 18 18 1413 1485 26 41 1465 1590 7 14 1487 1527 24 24 1525 1597 1 2 1561 1569 1 1 1597 1600 1 1 1600 1604 
15 83 83 15 293 62 96 276 583 1 2 288 295 62 62 951 1175 6 12 963 1003 58 58 990 1241 24 34 1078 1245 5 11 1124 1161 48 49 1295 1494 6 14 1302 1366 17 18 1380 1439 49 49 1385 1575 21 21 1441 1527 17 46 1473 1589 4 4 1586 1605 
21 60 72 264 573 1 3 315 328 10 13 422 475 9 9 446 489 6 12 447 493 56 70 548 829 85 85 725 1033 24 24 732 833 25 34 766 953 10 21 931 996 44 44 951 1181 21 23 993 1073 16 26 1193 1276 5 9 1359 1386 1 1 1392 1396 12 17 1427 1532 22 23 1435 1535 14 19 1457 1514 7 8 1462 1501 5 5 1553 1585 7 7 1574 1605 
15 32 32 142 444 55 76 161 390 4 4 161 176 2 2 246 261 81 81 269 549 25 25 468 555 12 22 531 604 37 48 532 792 65 67 549 825 17 17 678 743 43 72 1075 1311 1 1 1103 1109 37 74 1247 1501 26 26 1384 1505 8 16 1385 1437 
14 18 32 21 186 71 79 28 348 47 47 122 292 43 43 313 486 51 51 333 600 19 19 433 538 7 14 496 551 23 25 563 653 15 23 614 720 65 65 894 1109 41 41 895 1075 15 32 1425 1558 14 14 1488 1543 4 5 1588 1604 
19 25 34 66 181 56 56 189 419 36 52 255 457 9 15 346 435 27 82 584 785 50 96 621 873 15 37 755 870 9 18 774 830 20 30 866 995 27 27 956 1103 16 35 1094 1227 54 84 1103 1352 23 34 1130 1279 41 70 1172 1427 20 26 1428 1560 5 11 1490 1529 21 22 1509 1588 5 12 1509 1542 5 8 1526 1578 
19 14 14 23 76 50 77 172 481 6 15 315 357 35 61 555 738 31 68 612 848 46 46 635 840 13 19 698 757 63 63 727 973 54 82 730 970 3 8 888 914 22 34 999 1113 11 11 1055 1109 16 33 1102 1232 5 7 1156 1187 2 4 1177 1192 18 21 1266 1332 2 2 1409 1418 30 36 1422 1594 24 24 1460 1551 
