10 43
3 48 48 50 170 75 75 99 275 20 22 805 880 
4 22 26 343 420 30 33 433 544 74 75 800 1037 44 56 1093 1203 
4 56 97 254 439 34 36 507 604 10 10 731 762 32 32 967 1039 
5 5 7 285 300 53 87 479 651 15 18 608 660 12 12 1052 1082 42 42 1138 1270 
4 50 50 111 226 16 47 390 512 54 72 606 759 32 32 671 747 
3 77 81 266 442 68 74 923 1118 12 13 977 1015 
2 111 111 290 522 45 45 989 1104 
6 15 41 64 132 48 69 268 395 13 41 317 417 14 14 540 585 18 25 727 778 36 65 1129 1287 
5 38 42 7 113 84 84 408 638 43 72 441 612 24 24 567 620 6 7 908 926 
7 120 120 57 306 44 66 158 285 3 4 252 272 41 67 480 653 6 6 656 671 3 3 906 912 21 29 1206 1280 
