10 63
7 183 183 1057 1624 47 69 1101 1255 116 144 2208 2532 229 271 2743 3351 139 177 2867 3251 93 95 3115 3344 15 17 3280 3342 
10 41 41 166 270 150 212 871 1205 143 143 1283 1621 89 195 1338 1655 63 152 1372 1561 66 121 2410 2651 100 103 2421 2629 76 76 2708 2892 68 68 2819 2966 4 5 2956 2968 
5 131 291 695 1266 192 192 1219 1675 241 241 1985 2557 178 178 2099 2522 4 4 3290 3301 
6 164 211 340 817 63 63 513 822 108 108 654 901 173 215 1943 2559 131 131 2030 2418 96 169 2586 3011 
7 102 102 424 653 118 186 1374 1918 133 165 1844 2301 185 185 1958 2467 58 137 3144 3355 68 68 3153 3319 27 47 3196 3317 
4 187 194 226 709 270 270 2344 2938 215 355 2426 3073 44 104 3091 3281 
4 283 312 411 1052 240 284 673 1140 245 281 1720 2318 17 19 2119 2177 
7 121 139 47 405 195 195 969 1489 109 152 1635 2024 144 206 2916 3333 85 119 2935 3221 96 98 2985 3208 25 25 3143 3231 
7 14 22 594 641 248 388 617 1226 242 242 1184 1763 95 117 1930 2185 59 69 3048 3244 15 24 3164 3206 14 15 3170 3215 
6 16 16 29 63 158 198 268 795 332 401 1014 1631 154 154 1247 1533 18 28 3185 3235 20 48 3186 3291 
