10 53
6 73 156 893 1375 65 80 1089 1378 45 169 2142 2411 78 243 2232 2692 10 32 2515 2646 23 44 2946 3086 
7 82 254 997 1480 105 270 1368 1918 17 70 1703 1845 16 86 2489 2693 44 170 2500 2853 45 108 2824 3064 1 1 3108 3111 
5 16 30 145 209 62 150 1282 1640 109 220 1458 1965 82 215 1624 2146 10 27 1716 1771 
6 51 134 700 964 102 164 1795 2174 31 106 2066 2261 109 265 2235 2679 16 28 2760 2853 16 60 2997 3102 
6 28 84 685 847 56 83 1596 1919 48 127 1656 1898 72 159 1664 1987 123 178 2634 3092 2 6 2823 2836 
3 68 93 260 510 114 162 2154 2597 165 165 2259 2804 
5 85 178 784 1126 99 220 2210 2730 73 176 2504 2977 21 47 2883 3012 20 36 3026 3103 
4 75 117 893 1187 83 196 1644 2029 147 211 1996 2610 30 63 2976 3114 
5 99 141 800 1286 8 15 817 859 78 104 1439 1836 100 100 1608 1986 6 21 2974 3017 
6 55 147 127 492 74 226 136 628 5 15 237 273 61 91 328 618 23 58 1030 1171 50 104 1709 2068 
