10 403
43 19 200 25 498 14 112 32 249 19 136 71 409 14 170 78 414 20 163 119 542 25 160 189 630 17 64 278 584 19 171 348 971 26 221 590 1123 15 76 617 978 26 273 684 1210 24 177 716 1183 7 52 731 922 5 53 834 953 22 226 878 1411 16 228 891 1366 17 151 1004 1292 5 63 1040 1173 5 61 1041 1174 1 6 1052 1063 23 149 1093 1474 29 144 1233 1815 8 85 1428 1633 2 20 1788 1849 9 102 1961 2234 4 30 2032 2132 3 16 2036 2091 36 241 2117 2765 33 182 2430 2930 19 147 2577 2929 27 126 2631 3054 12 241 2660 3118 20 196 2776 3152 12 111 2894 3095 13 83 3007 3219 2 17 3035 3086 5 87 3127 3280 7 41 3129 3248 4 42 3176 3298 14 70 3184 3416 4 35 3201 3290 8 60 3270 3458 9 21 3354 3483 
38 1 5 106 117 21 152 126 515 5 42 172 289 43 353 302 959 27 167 492 980 22 165 500 934 32 226 635 1251 18 44 662 986 16 145 695 982 10 125 816 1023 13 186 990 1412 30 201 1074 1610 37 318 1212 1811 23 320 1332 1963 5 27 1345 1446 37 330 1416 2100 36 313 1519 2060 1 1 1738 1741 2 15 1741 1775 4 41 1921 2014 22 157 1925 2511 11 87 1928 2145 23 219 1954 2355 4 54 2021 2144 4 4 2073 2133 31 202 2330 2942 17 161 2478 2766 46 272 2594 3163 1 1 2646 2649 10 124 2659 2929 37 226 2733 3344 6 68 2849 3021 5 41 2850 2967 30 254 2865 3400 1 9 3104 3123 5 98 3210 3401 1 21 3396 3434 1 4 3487 3508 
47 41 214 112 758 23 124 123 480 20 224 182 671 25 207 208 789 11 94 237 520 19 248 263 836 15 176 476 869 9 151 533 753 1 4 536 551 29 363 589 1189 15 153 627 965 4 52 671 769 28 175 677 1081 7 103 700 891 14 89 708 952 6 58 780 903 29 129 809 1218 28 324 928 1598 1 1 965 970 3 23 977 1032 19 128 1007 1473 17 240 1021 1664 31 241 1220 1830 41 410 1271 1914 18 170 1362 1733 15 115 1410 1734 12 101 1534 1794 8 68 1582 1713 4 30 1693 1773 1 4 1880 1889 1 14 2012 2050 7 47 2204 2346 8 47 2267 2465 1 4 2319 2336 2 35 2640 2720 30 127 2658 3134 15 132 2752 3157 6 54 2810 2936 14 155 2955 3361 11 65 3004 3181 1 7 3016 3036 8 113 3050 3229 1 7 3169 3187 6 48 3196 3334 7 68 3224 3428 8 18 3232 3401 2 28 3244 3310 
36 35 203 136 781 7 66 141 290 5 38 145 249 37 283 240 841 27 137 289 647 23 207 300 697 31 222 308 818 10 246 355 740 5 77 445 612 9 109 487 672 18 139 547 849 34 160 713 1176 3 73 754 923 14 177 763 1103 8 73 1067 1236 24 149 1121 1589 19 176 1438 1830 6 100 1641 1826 15 226 1641 2072 18 134 1865 2172 19 92 2050 2374 35 207 2166 2705 21 208 2261 2840 32 249 2323 2942 30 203 2324 2908 10 88 2562 2775 24 229 2686 3108 39 179 2730 3367 4 28 2749 2840 6 46 2802 2895 38 279 2893 3441 27 118 3010 3440 9 50 3126 3253 1 15 3178 3207 2 23 3405 3465 1 5 3470 3482 
37 17 79 146 368 35 273 332 855 7 100 405 606 29 55 574 1136 3 23 604 665 5 49 623 710 18 103 632 968 35 229 639 1212 26 262 862 1346 12 79 1095 1324 7 67 1270 1425 16 100 1274 1521 1 12 1408 1435 4 52 1471 1591 4 34 1474 1540 53 259 1492 2191 1 15 1648 1682 32 95 1693 2217 8 61 1738 1946 7 121 1842 2055 35 327 1906 2567 27 148 1965 2372 19 213 2171 2661 28 173 2429 2813 22 266 2521 3061 23 114 2525 2981 5 87 2543 2684 34 294 2600 3266 20 165 2609 2898 22 246 2624 3066 30 106 2817 3301 5 27 2854 2935 9 129 2974 3382 18 80 3009 3283 18 117 3096 3389 1 16 3235 3268 4 40 3344 3448 
43 14 129 50 336 6 116 247 520 16 133 570 907 17 156 843 1180 12 164 883 1213 11 30 900 1060 28 273 1070 1641 22 225 1320 1882 20 287 1346 1960 15 112 1369 1667 20 245 1372 1820 5 49 1425 1534 9 117 1451 1722 7 28 1692 1871 36 236 1721 2199 5 38 1721 1808 25 200 1730 2231 48 340 1816 2430 7 45 1848 2021 12 131 1867 2182 32 177 1872 2425 5 44 1905 2024 19 123 1905 2219 34 167 1914 2453 27 177 1955 2391 38 272 2095 2759 16 91 2117 2515 23 137 2423 3001 1 8 2538 2574 1 2 2675 2679 2 4 2771 2808 13 92 2773 3057 11 85 2777 2989 9 53 2798 2950 3 36 2909 2983 18 210 3011 3424 8 82 3231 3393 18 79 3234 3498 8 98 3245 3449 3 24 3348 3414 1 33 3422 3488 1 3 3435 3443 2 9 3438 3489 
36 31 279 29 621 17 115 100 404 25 208 156 767 1 9 285 311 18 129 292 631 17 229 434 968 24 297 577 1148 31 275 646 1298 33 196 706 1292 18 198 715 1082 31 281 721 1302 16 76 729 1013 3 17 945 1007 13 87 1083 1299 44 343 1157 1749 20 89 1386 1702 32 263 1480 2007 13 191 1958 2453 26 167 2190 2613 26 271 2241 2878 36 334 2265 2904 1 4 2403 2417 26 181 2462 2911 19 214 2613 3069 15 195 2742 3144 21 121 2851 3293 26 254 2881 3478 16 76 2920 3236 10 63 3046 3227 8 70 3047 3303 1 10 3282 3312 1 7 3293 3313 5 37 3305 3395 1 22 3360 3412 1 3 3384 3392 1 3 3474 3483 
42 17 123 130 484 26 244 183 630 6 51 247 406 21 221 413 948 13 125 676 933 35 294 960 1591 19 107 1147 1411 26 260 1169 1825 7 42 1187 1341 22 115 1286 1731 27 296 1338 1802 10 44 1341 1466 22 257 1414 2112 11 83 1526 1753 5 25 1563 1654 17 153 1628 2019 21 137 1634 1930 4 8 1649 1723 9 90 1681 1905 41 268 1701 2338 3 18 1872 1920 15 148 1875 2172 2 27 1940 2003 13 153 1995 2289 5 63 2134 2273 22 231 2173 2727 27 208 2270 2830 3 28 2296 2370 2 16 2488 2564 39 301 2506 3196 7 34 2512 2676 2 33 2613 2743 40 319 2683 3338 37 302 2683 3342 19 169 2744 2992 6 43 2968 3113 9 68 3121 3331 3 18 3157 3246 7 56 3256 3401 1 12 3295 3324 3 17 3412 3466 1 8 3456 3482 
40 4 42 74 169 25 176 88 559 13 96 88 363 45 197 150 782 28 208 367 809 9 195 377 723 47 252 403 947 15 189 530 965 29 192 744 1370 8 45 871 1011 14 108 1002 1351 9 75 1129 1363 4 29 1178 1270 21 197 1202 1612 4 37 1240 1347 13 82 1247 1498 22 118 1367 1738 23 268 1462 2070 10 44 1512 1681 1 16 1858 1890 24 222 2064 2582 6 115 2185 2433 6 35 2185 2293 1 18 2271 2321 10 116 2285 2640 14 107 2324 2581 18 117 2465 2821 23 74 2534 2985 21 247 2540 2987 24 176 2627 2996 23 180 2695 3144 10 95 2747 3070 46 296 2749 3350 6 41 2868 3011 12 95 2886 3081 20 228 3007 3430 13 150 3032 3375 10 50 3168 3390 1 5 3178 3189 1 5 3438 3449 
41 6 41 2 102 29 247 137 827 3 37 261 362 43 288 366 1036 6 38 428 522 25 177 437 855 16 139 490 799 10 56 498 676 34 384 576 1234 22 55 631 1015 13 95 684 976 18 208 980 1446 17 180 1000 1434 13 135 1010 1344 34 223 1054 1735 16 89 1060 1478 2 23 1210 1287 26 156 1219 1855 7 33 1462 1594 37 266 1598 2241 8 72 1647 1818 1 20 1678 1728 10 123 1726 2000 35 179 1785 2353 14 206 1845 2385 9 103 1875 2089 23 271 1980 2495 5 52 2078 2183 10 66 2217 2418 22 145 2251 2643 38 275 2324 2945 8 51 2467 2619 2 27 2551 2612 17 196 2645 3094 13 84 2670 3058 3 32 2825 2930 22 128 2830 3188 1 7 2914 2930 1 3 3140 3151 7 43 3174 3290 3 25 3393 3454 
