10 186
16 63 165 29 356 70 126 251 480 170 213 704 1427 184 316 713 1391 6 12 781 818 3 6 862 880 76 129 944 1305 25 49 972 1088 14 21 1201 1255 70 158 1562 1903 178 294 1633 2307 138 222 1840 2530 91 224 2936 3472 27 63 3357 3518 27 65 3463 3604 22 25 3553 3643 
22 42 152 30 305 7 15 119 151 14 45 197 266 74 212 426 830 68 128 594 1014 48 59 1152 1357 28 38 1210 1365 66 100 1272 1560 107 210 1438 1900 125 342 1765 2516 45 120 1802 2062 62 112 1851 2131 49 76 2083 2329 63 211 2294 2805 78 328 2298 3008 2 5 2331 2343 97 279 2335 3008 43 73 2673 2884 63 196 2696 3083 57 86 3204 3460 34 50 3378 3565 4 10 3625 3643 
12 162 332 435 1190 141 252 483 1077 51 122 675 984 41 102 759 980 126 291 1550 2206 173 222 1633 2362 106 106 2342 2810 54 72 2360 2741 141 359 2387 3092 81 106 2644 3074 97 320 2669 3251 37 89 2752 3037 
12 121 307 156 721 17 50 433 552 29 66 463 800 51 88 865 1084 161 333 934 1682 200 341 1428 2116 169 299 1567 2166 160 270 2306 3067 65 97 2311 2564 41 102 2581 2771 172 294 2846 3526 14 35 3773 3857 
19 36 82 83 248 161 164 143 711 101 230 184 609 68 174 260 735 19 37 454 548 115 352 1017 1790 34 86 1393 1648 26 43 1613 1718 105 158 1772 2289 51 236 1973 2400 143 201 2328 2885 51 90 2439 2688 14 29 2460 2525 140 439 2479 3233 60 136 2640 2942 84 116 2853 3232 38 88 3147 3353 29 62 3307 3433 15 15 3769 3817 
22 63 104 161 513 27 89 260 550 81 261 264 816 83 169 420 863 48 64 574 782 109 134 709 1226 48 108 950 1196 125 186 1112 1622 45 49 1275 1436 74 205 1368 1860 13 39 1480 1559 2 8 2038 2053 22 50 2254 2358 17 42 2612 2723 137 137 2657 3073 117 155 2939 3469 11 25 2941 2993 14 25 3165 3222 61 131 3285 3677 68 137 3313 3661 11 24 3357 3419 1 1 3855 3858 
26 78 111 75 398 122 186 155 604 55 95 217 489 120 283 221 984 1 3 275 285 81 193 341 780 114 187 938 1529 23 48 969 1095 132 213 1177 1741 28 57 1188 1372 33 84 1253 1392 26 68 1564 1712 28 48 1684 1832 66 190 2058 2402 41 62 2369 2594 108 164 2674 3103 1 1 2891 2895 4 7 2954 2972 67 138 2993 3334 35 126 3186 3430 1 2 3222 3227 47 82 3485 3745 33 132 3537 3769 2 6 3682 3697 13 21 3689 3755 4 10 3716 3742 
23 109 252 346 911 33 98 352 587 67 118 400 662 36 71 429 630 22 41 1071 1161 63 111 1123 1476 78 147 1134 1576 20 61 1305 1426 44 202 1394 1924 8 24 1543 1619 90 285 1569 2028 17 33 1872 1964 82 136 2129 2467 34 34 2185 2336 30 51 2193 2342 16 31 2682 2752 154 469 2765 3524 120 340 2839 3543 27 71 3187 3349 59 157 3304 3643 89 159 3329 3782 34 86 3532 3746 12 20 3795 3848 
18 28 28 165 262 60 237 505 1196 75 78 567 794 63 196 648 1065 121 228 658 1336 6 6 935 954 49 84 953 1251 78 215 987 1441 42 101 1372 1548 167 223 1562 2245 161 369 1682 2379 115 175 1853 2381 84 185 2027 2483 44 91 2248 2517 53 87 2915 3159 21 35 2964 3065 1 2 3187 3194 2 2 3545 3556 
16 167 221 139 886 22 62 399 538 36 103 699 1111 168 294 747 1431 72 268 1324 1895 149 152 1455 2095 30 57 1665 1827 13 36 1728 1794 17 43 2216 2302 85 210 2369 2951 114 199 2708 3233 51 118 2741 3015 81 298 2978 3482 66 98 3050 3337 152 313 3083 3686 2 8 3839 3858 
