15 235
16 55 56 74 370 9 48 336 482 13 13 403 454 19 26 526 617 7 7 548 579 53 53 630 857 40 48 642 803 24 58 671 852 17 26 855 938 51 82 961 1230 24 71 1022 1270 38 73 1213 1487 32 70 1244 1486 20 20 1283 1386 21 31 1317 1426 1 2 1458 1467 
15 20 26 71 181 41 41 185 357 72 72 209 491 26 26 293 439 8 8 389 416 29 48 685 841 58 67 882 1158 24 31 890 993 20 23 918 1008 34 34 950 1076 30 79 984 1220 47 70 991 1241 2 2 1265 1275 1 2 1447 1453 7 7 1449 1495 
11 47 47 216 508 49 51 599 794 59 59 767 1021 49 49 782 969 42 65 903 1151 37 37 1149 1314 57 62 1236 1453 32 48 1255 1462 4 4 1265 1288 35 36 1367 1493 8 8 1458 1487 
18 7 13 45 99 77 79 161 449 31 31 336 443 41 44 355 547 7 15 457 501 17 17 513 619 26 46 793 972 11 17 862 912 32 51 1020 1248 10 17 1032 1099 48 84 1153 1430 51 71 1171 1427 55 55 1200 1436 2 3 1273 1288 2 2 1276 1290 1 1 1408 1413 11 11 1432 1496 7 7 1464 1494 
13 54 63 5 199 15 15 226 295 50 50 327 489 11 17 422 490 18 20 532 616 35 71 740 964 48 61 897 1174 38 46 974 1225 15 20 1034 1096 59 80 1141 1398 45 47 1151 1334 35 69 1211 1437 1 3 1227 1238 
22 32 32 25 245 14 14 175 240 27 27 216 335 49 69 220 465 12 14 470 524 67 67 563 836 49 60 564 811 43 43 634 854 8 12 641 693 3 3 647 666 13 13 764 814 8 28 907 1013 17 23 1066 1152 60 60 1141 1419 16 23 1285 1397 33 39 1300 1463 2 2 1410 1421 4 10 1427 1471 2 2 1446 1456 1 1 1463 1472 1 1 1491 1495 1 1 1500 1505 
15 50 50 103 298 74 85 172 455 47 69 264 520 1 2 346 354 16 32 442 590 35 59 514 745 1 1 516 522 48 52 568 738 31 39 801 994 7 8 1033 1064 37 37 1047 1203 25 25 1155 1259 53 65 1200 1393 35 40 1247 1387 4 4 1476 1495 
14 9 12 280 338 52 84 312 541 42 86 484 766 26 26 695 801 21 23 817 968 12 19 847 906 5 7 852 879 24 45 863 1039 26 30 1025 1134 39 39 1136 1276 15 27 1148 1296 52 81 1220 1469 84 84 1248 1479 24 30 1289 1408 
18 8 8 32 70 34 50 72 287 49 113 89 355 30 56 133 424 24 32 265 415 42 45 299 531 4 4 411 438 2 8 415 445 33 107 491 762 27 81 529 735 36 46 596 754 7 9 640 670 26 51 805 959 27 33 836 970 16 18 837 918 15 42 1082 1272 58 82 1149 1406 21 49 1246 1398 
16 13 13 44 98 3 4 308 324 34 53 408 560 44 64 575 774 39 68 661 875 31 31 686 797 50 105 723 977 53 70 842 1082 25 56 852 1018 18 30 944 1055 41 53 1075 1261 32 40 1075 1269 11 12 1186 1230 12 12 1239 1289 8 10 1370 1425 7 11 1377 1421 
13 22 22 174 260 51 56 196 460 48 57 441 718 21 32 482 607 40 40 614 785 1 1 671 677 32 48 895 1035 53 59 932 1158 31 31 955 1122 41 72 1032 1286 42 48 1298 1498 29 35 1318 1437 15 15 1436 1502 
16 9 26 61 177 24 34 101 228 25 41 233 460 42 50 426 624 34 40 428 559 27 44 625 804 7 9 653 693 19 19 661 746 66 86 739 1008 17 17 963 1041 36 42 1127 1293 10 13 1159 1217 48 75 1210 1446 37 37 1310 1500 19 19 1382 1452 9 16 1400 1442 
17 25 36 67 180 38 38 89 272 72 89 266 531 19 27 336 430 14 24 443 521 7 7 481 508 37 52 553 836 13 18 602 665 27 27 760 849 47 47 873 1086 65 81 971 1271 26 76 1240 1446 36 48 1247 1457 35 45 1293 1476 9 12 1386 1422 4 5 1434 1455 8 8 1446 1489 
18 13 20 53 142 26 43 81 220 13 13 112 152 39 58 264 437 25 40 316 449 26 32 323 471 25 25 333 434 31 49 427 573 30 54 516 750 30 68 778 996 51 91 799 1035 37 47 951 1149 19 42 1126 1281 27 55 1143 1389 10 13 1186 1242 6 8 1374 1410 1 1 1391 1399 20 20 1399 1493 
13 53 65 83 305 5 5 89 112 34 51 98 293 4 8 110 136 38 65 119 330 66 76 178 473 40 40 233 431 32 51 275 456 28 28 433 561 48 48 538 738 60 75 595 845 23 23 674 795 10 10 709 752 
