10 75
10 18 37 429 546 9 21 476 524 1 3 926 933 100 212 1020 1410 47 93 1326 1578 54 160 1357 1729 37 120 2443 2911 81 125 2568 2943 18 55 3030 3183 1 6 3200 3213 
6 1 3 169 177 1 1 199 203 81 196 325 746 96 222 562 1047 125 324 583 1184 81 182 2715 3048 
7 20 39 61 153 73 73 322 635 23 41 1145 1247 135 145 1285 1779 70 139 1441 1761 22 80 2312 2517 84 189 2414 2851 
8 104 303 377 891 87 189 1039 1406 13 21 1200 1270 78 252 2480 3098 80 147 2800 3209 6 10 2967 2990 1 5 3014 3024 13 79 3025 3197 
4 47 64 590 875 120 274 694 1271 72 330 714 1316 124 151 1399 1881 
9 12 40 464 530 90 157 646 1085 61 236 1053 1517 56 272 1521 2123 49 119 1732 2020 24 42 2020 2116 16 33 2627 2717 78 108 2757 3118 7 21 3174 3207 
10 69 146 934 1234 17 70 1001 1140 66 120 1198 1572 2 6 2002 2013 14 29 2101 2160 10 24 2195 2261 86 131 2478 2891 83 165 2664 3098 3 15 2780 2809 30 69 2830 3015 
5 92 236 241 703 31 62 629 748 131 208 1103 1600 82 208 1687 2239 1 2 3119 3125 
7 49 49 905 1198 116 198 1155 1630 55 110 1239 1475 22 69 2331 2491 41 95 2796 2971 25 51 2851 2991 48 115 2922 3175 
9 54 107 723 1081 62 208 1059 1460 27 79 1106 1248 48 101 1485 1766 107 207 1637 2084 54 120 2512 2809 6 11 2602 2632 23 53 2759 2890 11 37 2827 2917 
