10 171
19 71 113 41 466 162 183 290 941 96 128 589 1073 27 39 832 985 49 49 957 1176 145 145 990 1562 150 151 1158 1773 21 23 1191 1286 21 38 1263 1402 165 165 1531 2029 57 141 1579 1941 16 26 1926 2007 51 51 1970 2202 69 100 2811 3252 6 8 2904 2938 16 31 2946 3037 38 63 3050 3257 49 105 3246 3622 16 16 3566 3628 
14 85 111 44 561 96 113 107 634 100 100 403 1050 43 71 868 1228 71 121 1443 1780 164 164 1929 2528 81 151 2172 2741 89 89 2324 2694 71 96 2462 2782 60 67 2647 3145 122 192 2665 3292 50 50 2712 2919 108 169 2799 3271 1 2 3582 3588 
17 71 115 102 585 88 122 307 884 149 149 485 1090 83 83 617 982 43 43 1171 1364 54 99 1191 1492 148 184 1310 1875 24 35 1782 1945 5 6 1920 1944 119 177 2062 2585 216 216 2573 3278 96 96 2608 3109 4 5 2687 2708 44 72 3057 3345 6 7 3466 3505 23 33 3482 3626 2 5 3557 3577 
18 99 170 288 824 76 107 435 901 17 18 801 912 65 65 1250 1515 112 200 1623 2280 156 172 1626 2294 42 42 1678 1887 55 77 1789 2125 97 112 2241 2666 103 184 2496 3205 7 12 2560 2617 117 117 2601 3201 38 52 2908 3051 89 95 3103 3541 69 132 3124 3530 82 98 3214 3576 14 48 3378 3523 5 7 3568 3592 
16 19 25 527 619 38 49 602 811 108 140 764 1443 46 92 865 1142 36 58 1209 1378 158 158 1806 2477 30 37 2115 2258 4 8 2178 2226 153 163 2550 3124 89 108 2580 2977 92 160 2582 3103 165 173 2714 3407 111 111 3133 3589 42 56 3169 3351 62 97 3215 3591 5 7 3594 3623 
14 192 199 60 778 117 117 380 869 52 58 393 717 130 130 493 1076 74 122 564 1008 61 73 639 949 71 166 1459 2006 42 49 1513 1782 109 115 1566 2192 157 211 1738 2398 81 137 1764 2207 66 67 2051 2359 48 69 3196 3412 11 24 3461 3535 
22 16 21 146 222 34 44 357 536 87 152 828 1478 40 44 855 1047 81 99 980 1301 27 48 991 1168 9 13 1085 1135 38 48 1238 1445 67 67 1581 1926 107 107 1690 2221 49 223 1877 2500 97 97 2011 2473 14 14 2083 2170 66 115 2379 2835 46 71 2424 2632 60 60 2523 2776 41 83 2616 2945 94 107 2622 2977 104 120 2934 3572 83 93 3148 3541 19 24 3458 3554 6 12 3509 3558 
15 97 97 251 675 124 142 545 1033 101 153 624 1298 45 45 717 906 30 30 739 884 107 198 849 1536 72 74 997 1294 63 97 1167 1547 104 148 1575 2172 36 67 1821 2009 130 171 1869 2546 124 131 1909 2532 81 100 2305 2704 56 72 2359 2632 11 12 3389 3451 
19 20 67 18 222 89 100 58 523 27 46 323 466 58 80 515 754 154 154 760 1310 104 147 892 1468 58 76 901 1192 71 104 1235 1615 141 141 1247 1903 44 75 1501 1881 28 28 1504 1606 37 69 1806 2045 101 101 1957 2349 107 125 2042 2522 35 49 2152 2341 60 72 2413 2660 78 78 3093 3407 15 20 3190 3272 39 75 3382 3616 
17 53 53 16 334 113 119 53 567 115 130 85 763 52 52 883 1119 86 86 1276 1642 86 106 1586 1971 104 104 1762 2151 20 34 1833 1927 25 25 1877 1996 175 201 2024 2664 70 93 2450 2782 41 63 2762 2984 138 138 2987 3595 16 16 3394 3467 30 30 3479 3607 15 16 3486 3567 2 3 3601 3615 
