10 108
11 115 150 244 710 47 53 312 546 93 135 539 1036 10 23 739 836 14 21 1091 1167 95 116 1294 1684 73 98 1420 1744 23 23 1832 1936 69 102 2286 2654 25 44 2524 2667 91 91 2849 3239 
9 83 83 215 783 28 33 1251 1374 47 53 1400 1712 112 163 1568 2181 133 133 1894 2446 87 173 1981 2599 59 94 2007 2261 143 153 2357 3002 65 65 2387 2800 
13 61 80 160 485 33 93 210 545 4 5 605 624 103 103 642 1069 121 144 668 1315 8 17 673 726 90 90 979 1318 25 53 1597 1811 35 56 1720 1893 87 87 1989 2315 46 63 2358 2690 6 6 2368 2397 70 109 2602 3044 
13 93 111 371 698 76 91 439 899 5 5 908 932 30 30 912 1044 116 125 1192 1794 3 7 1496 1517 86 86 1721 2028 65 174 1759 2312 26 60 1916 2127 14 16 2025 2082 72 182 2316 2875 53 70 2972 3324 32 32 3218 3318 
12 52 52 90 296 52 68 1297 1537 36 104 1611 1972 54 54 1681 2139 140 158 2202 2767 7 14 2314 2397 98 98 2512 2940 38 51 2542 2784 88 128 2687 3099 62 72 2887 3193 27 57 3188 3359 9 10 3285 3338 
9 33 39 69 237 122 179 887 1491 34 85 962 1185 57 92 1399 1751 108 181 1782 2361 87 112 2311 2759 11 14 2534 2588 178 178 2745 3259 67 108 2822 3255 
12 153 157 294 885 45 78 403 661 44 46 475 701 22 27 867 985 18 20 1000 1097 23 39 1456 1575 41 54 1647 1827 85 85 1857 2167 70 116 2109 2527 22 22 2576 2671 92 94 2621 3219 37 37 3188 3320 
9 78 78 250 867 97 119 665 1127 130 130 1405 1945 69 98 1433 1791 122 130 1972 2469 117 139 1976 2571 25 28 2283 2408 10 13 2611 2664 4 10 2950 2987 
8 30 45 317 472 59 111 424 681 134 134 717 1354 131 131 785 1396 41 69 1465 1734 90 90 1932 2473 103 109 2423 2935 80 105 2959 3301 
12 68 78 282 573 60 86 585 919 2 3 637 649 91 125 686 1067 32 42 789 1001 89 93 1438 1830 28 40 1746 1897 42 42 2047 2232 134 166 2050 2711 52 74 2145 2375 129 154 2270 2875 14 28 2964 3060 
