10 125
14 10 33 141 211 30 30 1084 1243 67 132 1147 1576 56 147 1281 1763 95 221 1409 1898 64 132 1778 2100 1 4 1846 1855 63 115 2225 2483 35 126 2298 2595 126 330 2572 3138 57 62 2836 3046 37 46 2870 3042 41 107 3008 3236 18 60 3139 3276 
13 59 159 136 517 3 3 347 369 110 236 564 1177 32 106 1104 1339 179 192 1628 2125 58 172 1724 2040 20 33 1801 1939 58 87 2230 2469 37 81 2240 2506 37 132 2245 2575 62 225 2773 3257 45 168 2957 3297 12 27 3161 3226 
12 83 126 242 615 54 121 517 821 121 363 845 1447 24 85 885 1070 58 73 928 1224 22 39 1002 1092 84 271 1021 1582 47 76 1123 1317 31 57 1231 1389 3 7 1349 1368 133 264 1509 2052 61 124 2864 3179 
13 30 154 104 450 130 224 334 991 151 311 337 988 2 6 357 377 94 149 874 1273 92 121 1409 1734 158 214 1586 2213 3 8 1621 1639 4 11 1892 1914 21 35 1951 2072 2 4 2620 2634 16 60 3195 3307 8 21 3316 3349 
9 16 28 174 257 79 164 737 1145 62 248 1309 1930 146 209 1406 2035 82 82 1775 2105 133 304 2042 2651 124 196 2054 2633 5 11 2166 2194 115 271 2673 3327 
14 102 184 207 653 12 31 999 1059 79 139 1328 1634 27 67 1790 1943 65 142 2067 2530 72 182 2161 2665 81 307 2194 2701 60 154 2401 2887 12 44 2670 2761 68 166 2716 3096 76 85 2796 3062 54 78 2953 3231 2 6 3019 3035 17 39 3258 3339 
12 51 128 460 691 59 165 465 828 118 118 662 1091 59 71 833 1045 1 6 1114 1128 46 83 1271 1433 65 144 1623 2045 192 283 2230 2846 45 101 2434 2622 54 101 2486 2781 37 57 2891 3038 25 49 3135 3278 
14 20 41 19 123 20 45 50 144 124 320 231 802 1 1 360 364 2 6 947 967 76 171 1121 1499 19 98 1554 1751 68 209 1710 2140 147 176 2137 2798 29 114 2445 2776 56 64 2536 2759 126 255 2737 3256 1 4 3093 3100 9 13 3326 3365 
13 37 62 28 229 11 13 76 125 23 48 408 539 142 286 662 1194 56 56 1032 1301 19 26 1262 1333 56 194 1335 1728 68 265 1635 2237 107 196 1788 2311 17 30 2411 2533 127 264 2736 3340 40 95 2803 3004 7 15 3340 3376 
11 34 83 112 265 116 200 115 629 4 8 538 557 59 143 548 906 104 132 939 1462 46 125 1019 1234 115 124 1296 1701 48 164 1720 2051 7 22 1896 1954 64 173 2614 3158 89 162 2842 3158 
