10 31
4 53 94 863 1034 216 216 2018 2560 66 77 2627 2814 1 1 3120 3123 
1 296 296 86 710 
3 44 44 1329 1432 169 172 1929 2432 61 61 2564 2755 
3 68 68 148 286 155 197 955 1502 138 146 1104 1457 
3 14 24 1331 1388 293 293 1533 2028 55 89 1664 1871 
4 50 50 1316 1432 6 8 1840 1860 116 116 2144 2484 125 209 2440 2926 
4 121 140 501 893 67 75 670 820 32 68 827 961 64 88 2817 3027 
4 164 192 820 1395 193 193 2357 2808 12 12 2870 2904 23 23 3017 3073 
3 208 208 70 585 9 19 691 723 80 159 2329 2706 
2 268 268 155 779 86 99 821 1130 
