10 131
11 1 3 394 409 52 69 799 1072 99 114 820 1258 126 151 1407 2063 101 204 1727 2319 1 1 2033 2036 76 94 2341 2676 54 94 2485 2878 108 160 2510 3190 182 182 2828 3396 28 52 3145 3277 
13 123 179 86 768 152 152 331 1021 32 39 623 747 1 1 1478 1488 9 22 1761 1835 136 136 2094 2596 1 2 2143 2155 22 22 2510 2630 15 38 2511 2695 147 147 2782 3423 57 69 3281 3487 32 32 3300 3487 17 25 3447 3527 
12 1 3 809 818 125 125 1038 1472 45 68 1118 1351 137 153 1350 2055 10 34 1486 1585 55 88 2743 3037 95 108 2786 3258 41 41 2876 3096 114 194 2927 3556 19 23 2931 3012 52 61 2962 3189 19 30 3281 3363 
14 165 165 223 850 57 74 370 572 11 22 576 647 53 88 679 1100 62 96 1215 1622 27 30 1294 1458 40 47 1685 1843 61 91 1700 2076 49 89 2562 2846 112 127 2712 3109 85 85 2772 3014 39 39 3063 3223 32 36 3091 3224 3 6 3160 3189 
11 21 25 152 299 58 120 1651 2076 134 171 1737 2394 27 53 1779 1937 44 44 1909 2173 92 107 2133 2541 65 65 2175 2500 93 113 2562 3095 28 28 2795 2919 108 158 2883 3331 50 50 3274 3499 
11 31 56 88 269 86 133 122 613 49 57 152 437 19 30 192 330 131 156 418 1112 58 70 737 999 78 122 1004 1355 119 119 1071 1548 81 81 2451 2873 61 121 3046 3436 99 99 3062 3461 
12 75 145 68 780 51 79 200 505 99 99 333 718 12 14 441 514 45 111 452 790 76 155 612 1124 52 69 718 924 59 81 927 1188 47 65 1011 1271 73 73 1927 2269 14 19 2349 2420 127 171 2892 3502 
18 61 65 38 516 23 45 240 397 29 29 298 390 7 7 501 561 23 23 542 691 29 106 721 1136 13 15 800 873 67 67 859 1126 109 122 1114 1719 13 32 1117 1211 30 38 1768 2004 140 252 1993 2669 36 123 2100 2561 25 49 2197 2364 18 18 2474 2545 81 81 3070 3420 13 29 3082 3178 16 20 3276 3341 
12 8 18 38 101 74 89 658 1048 105 137 916 1396 122 136 1101 1606 36 53 1456 1720 94 120 1739 2278 114 127 2420 2921 20 25 2450 2552 47 50 2783 3055 2 2 2850 2863 48 48 2859 3051 36 85 3085 3450 
17 49 49 88 327 123 156 330 799 114 154 354 835 132 155 1009 1528 8 8 1114 1148 22 33 1626 1755 45 58 1684 1940 92 126 1795 2204 1 1 2109 2114 71 105 2189 2565 8 9 2305 2338 1 1 2656 2664 14 14 2770 2836 18 22 2845 2960 44 44 2847 3066 30 40 2918 3073 16 34 3412 3500 
