10 29
3 175 240 494 950 19 22 615 659 90 90 1661 1930 
2 49 58 558 674 272 272 1050 1633 
4 220 220 1763 2356 100 100 2008 2278 48 48 3029 3126 18 18 3149 3214 
3 56 58 689 813 110 124 1513 1922 136 136 2220 2666 
2 151 206 230 642 165 165 1371 1778 
4 42 42 85 210 46 81 887 1072 81 81 1020 1212 115 159 1353 1857 
4 233 233 2041 2613 27 68 2398 2606 122 122 2704 3034 36 63 2982 3138 
2 209 209 1699 2124 150 221 2158 2626 
2 274 274 159 663 76 87 1818 2011 
3 119 177 454 824 216 343 793 1422 71 74 2957 3117 
