15 91
6 37 73 117 291 17 40 391 471 32 89 513 700 33 58 547 688 10 23 769 817 11 14 1032 1091 
5 24 67 250 374 20 86 472 619 46 71 536 772 47 99 781 995 3 8 784 802 
6 23 67 167 286 23 30 229 422 6 11 358 390 44 113 514 730 5 16 649 684 40 52 980 1155 
10 20 29 214 315 1 1 220 225 17 34 281 365 3 17 474 514 19 44 485 562 26 31 749 873 31 80 766 943 9 12 1195 1243 6 14 1202 1234 1 1 1227 1230 
5 25 25 121 225 19 36 164 289 22 51 226 351 37 39 248 485 29 60 941 1139 
10 32 54 102 247 18 18 316 391 1 1 396 400 8 15 606 664 6 12 641 674 27 64 812 1044 11 17 954 999 13 13 967 1006 11 32 1208 1264 5 13 1243 1269 
7 1 1 34 42 10 22 236 283 31 56 486 640 22 58 598 726 55 118 634 837 15 36 717 795 13 41 1120 1191 
4 30 63 147 333 52 103 324 549 41 78 768 955 35 82 822 1040 
5 48 79 18 235 56 99 294 538 6 9 447 477 48 80 739 957 8 19 1159 1205 
5 16 28 0 89 46 70 475 708 36 65 658 838 38 67 796 1003 4 7 1224 1247 
6 38 75 202 389 1 3 842 851 38 99 940 1111 40 58 1028 1217 11 21 1157 1205 6 19 1204 1249 
6 37 82 54 243 7 11 456 487 26 61 629 782 1 2 644 648 17 80 836 1044 50 93 838 1069 
5 28 55 240 373 24 31 378 474 23 23 725 812 38 38 1108 1251 25 41 1136 1225 
5 40 80 113 325 13 38 645 742 9 16 672 721 39 76 1105 1266 31 56 1131 1249 
6 35 42 101 220 18 19 281 359 21 57 431 600 13 57 487 632 19 24 509 594 28 60 1092 1240 
