10 64
6 99 99 636 927 249 249 1721 2293 161 161 2521 2916 168 206 2778 3280 36 80 3118 3243 33 41 3274 3360 
8 116 214 278 718 160 172 557 1057 47 48 1324 1459 59 293 1641 2301 161 218 2751 3185 67 115 2802 3052 132 132 2932 3195 13 14 3298 3334 
6 164 206 342 857 115 180 401 820 57 68 587 778 134 134 680 991 35 69 1165 1301 132 137 2917 3211 
5 278 278 330 994 212 212 1341 1916 217 217 2780 3362 37 62 2908 3036 26 31 3009 3081 
9 60 67 194 362 16 29 742 809 65 92 830 974 36 47 1069 1185 129 152 1216 1649 7 20 1828 1861 216 332 2058 2691 94 114 2434 2727 56 56 2692 2899 
6 35 35 33 142 109 125 424 761 115 139 1074 1427 106 128 1140 1360 188 188 1527 1958 164 337 2221 2893 
5 144 269 1528 2065 129 185 1650 2145 208 216 1850 2397 129 270 2463 2877 29 44 3236 3360 
5 47 87 94 245 124 153 580 989 231 231 1728 2208 260 260 2070 2604 2 26 3088 3132 
7 238 238 1442 1921 87 119 1747 1971 3 3 2001 2010 251 357 2239 2915 59 107 2519 2730 66 66 2883 3015 17 17 3343 3393 
7 90 94 10 292 111 111 72 354 237 237 755 1376 141 217 1637 2150 33 46 1873 1984 112 112 2307 2613 60 60 3193 3356 
