10 63
6 98 98 192 566 47 82 383 703 129 129 1130 1552 48 48 2404 2691 27 27 2801 2927 19 46 2907 3047 
7 14 40 270 362 171 171 644 1258 67 157 1102 1510 19 19 1525 1630 29 64 1755 1975 97 134 2282 2786 4 5 2997 3015 
6 57 143 1978 2531 86 86 2179 2475 62 104 2559 2962 52 77 2674 2985 36 88 2688 3066 52 52 2728 2986 
4 65 95 798 1282 86 86 1120 1485 96 96 2245 2639 115 130 2554 3084 
8 8 8 39 82 116 136 75 621 87 105 165 610 23 45 643 840 91 125 1047 1623 1 1 1191 1198 36 70 2194 2389 52 99 2207 2530 
6 14 22 1151 1237 136 169 1182 1771 88 112 1253 1766 65 86 1713 1973 82 88 2413 2806 6 6 2595 2635 
10 57 150 326 722 22 36 333 471 60 68 508 811 36 45 828 1019 21 28 1598 1719 90 191 2158 2764 86 89 2296 2816 12 14 2487 2543 11 11 2996 3050 4 5 3056 3077 
6 60 94 711 1148 5 5 899 916 56 72 1452 1788 143 200 1690 2296 40 40 1897 2075 72 72 2575 2845 
5 1 2 283 292 123 164 384 917 67 79 1343 1637 61 61 1698 1930 86 86 1708 2124 
5 88 97 215 749 42 131 690 1206 73 117 1809 2159 112 112 2170 2597 4 6 3035 3059 
