10 233
25 2 28 219 282 9 51 332 480 9 92 478 656 7 60 538 704 8 92 581 812 2 35 685 762 13 193 720 1137 25 247 803 1382 23 215 804 1409 11 123 928 1146 14 194 1229 1584 10 81 1609 1783 23 173 1690 2292 7 88 1708 1900 9 55 1849 2008 28 136 1985 2565 24 223 2097 2680 21 281 2403 2881 10 107 2730 2975 14 122 2767 3037 8 55 2782 2923 5 57 2812 2945 4 44 2816 2917 6 47 2888 3012 1 6 3025 3039 
24 15 85 1 371 28 195 74 688 9 88 285 491 2 6 304 357 1 4 400 418 30 160 440 1024 1 3 478 488 19 277 749 1271 22 153 754 1160 9 161 781 1170 33 290 1227 1783 10 30 1246 1429 15 250 1411 1932 19 151 1464 1885 35 247 1743 2336 16 143 1788 2103 1 8 1824 1849 7 52 2292 2465 1 15 2361 2392 15 145 2544 2834 2 21 2587 2631 2 23 2729 2783 2 51 2822 2953 1 10 3032 3058 
19 33 245 39 545 19 147 66 372 6 37 122 224 11 111 296 495 18 89 398 820 5 25 638 734 16 114 752 1091 8 56 919 1058 26 274 1450 2053 16 147 1632 1949 18 94 1651 1899 21 141 1868 2322 32 289 2203 2789 25 240 2232 2826 11 67 2278 2497 9 78 2577 2770 19 78 2653 2939 1 5 2740 2755 1 6 3041 3056 
22 8 68 180 391 30 169 206 785 7 29 279 386 29 176 287 751 26 198 423 880 3 71 906 1037 19 134 912 1254 2 27 945 1006 6 25 1194 1319 5 28 1258 1361 28 150 1314 1768 4 57 1356 1459 5 40 1401 1509 29 183 1516 1911 1 12 1544 1572 23 210 1609 2162 12 102 2031 2318 22 157 2107 2566 33 159 2501 3008 4 51 2629 2747 7 74 2819 2976 6 41 2877 2972 
25 6 29 66 167 8 44 80 267 1 8 227 246 26 202 278 834 5 26 401 501 16 103 406 717 3 38 674 739 6 45 872 976 13 147 886 1176 19 177 905 1302 10 67 906 1095 12 151 1065 1419 12 103 1109 1334 32 213 1146 1728 7 61 1238 1397 30 211 1378 1860 15 115 1524 1784 10 133 1538 1853 24 237 1898 2469 18 197 2510 2992 28 155 2540 2925 10 40 2562 2737 3 48 2833 2943 4 12 2894 2965 1 3 3050 3063 
26 1 1 9 15 9 97 250 471 17 105 304 577 18 154 482 853 5 82 543 724 37 155 633 1093 31 265 645 1246 25 211 745 1338 7 50 816 963 24 180 1013 1404 14 66 1165 1404 3 34 1476 1592 4 271 1494 2063 2 39 1632 1718 10 79 1668 1884 16 205 1772 2318 18 131 1828 2186 3 50 1982 2087 4 30 2195 2284 1 4 2266 2275 13 94 2289 2651 6 47 2367 2464 19 69 2548 2851 2 28 2551 2634 3 37 2696 2810 1 10 2938 2958 
24 13 212 9 449 13 280 77 587 9 97 106 293 30 118 304 857 24 127 372 846 1 3 555 565 3 14 972 1063 29 228 1059 1609 4 23 1253 1360 28 166 1496 2086 13 158 1555 1869 4 45 1924 2044 7 74 1946 2106 20 233 2009 2571 5 49 2205 2329 5 27 2271 2388 2 27 2421 2494 18 159 2536 2893 9 107 2536 2791 18 138 2635 2939 20 142 2701 3034 11 120 2747 2997 11 68 2853 3033 1 4 3053 3063 
20 13 138 17 351 17 189 312 818 9 70 352 522 22 125 583 978 17 131 702 1041 26 331 760 1263 15 78 1108 1424 8 113 1225 1441 25 172 1268 1726 1 11 1329 1364 12 97 1430 1662 34 207 1456 1999 25 156 1598 2050 1 17 1627 1688 12 96 1670 1948 18 125 1871 2200 7 55 2361 2495 19 183 2435 2815 19 120 2553 2841 4 61 2768 2909 
28 1 5 104 118 8 28 490 609 8 76 596 751 7 104 623 883 7 42 703 840 6 66 764 906 27 131 815 1427 16 127 844 1143 22 153 915 1515 1 8 980 1004 10 88 1085 1290 13 176 1244 1658 4 42 1272 1370 12 94 1317 1626 26 247 1681 2237 3 29 1688 1757 1 2 1936 1948 15 183 2146 2593 23 176 2188 2716 1 6 2256 2269 26 141 2548 2933 1 1 2666 2670 14 156 2705 3011 16 102 2772 3068 11 155 2809 3039 1 25 2859 2913 6 58 2866 3044 3 25 2955 3009 
20 13 101 185 476 17 191 190 605 6 45 442 548 17 97 499 759 23 107 607 1162 21 213 636 1048 17 162 660 988 1 1 730 733 25 240 922 1418 20 153 1017 1420 3 30 1571 1645 22 162 1777 2258 18 209 1847 2269 5 37 1928 2028 4 23 2016 2086 29 172 2328 2774 34 204 2482 3033 10 80 2719 2953 6 53 2835 2999 1 11 2988 3017 
