15 340
22 1 10 226 249 4 46 265 375 6 77 293 458 15 130 381 605 1 9 400 422 9 100 409 634 9 65 432 632 2 20 481 546 7 52 487 597 13 102 539 734 3 33 685 780 10 69 759 916 1 8 827 845 1 6 858 913 4 29 886 990 7 93 931 1077 14 110 993 1226 6 97 1021 1213 5 87 1023 1221 10 62 1034 1263 2 18 1193 1247 1 3 1258 1270 
24 9 118 162 365 3 35 171 262 5 33 212 309 2 24 216 262 4 36 219 308 3 80 243 395 7 38 246 385 5 26 265 335 1 8 326 347 1 13 370 398 18 122 397 638 1 11 495 518 13 96 619 857 9 115 648 837 7 57 678 837 1 4 697 710 1 7 728 747 4 33 804 888 7 74 848 1006 4 52 886 1011 5 57 1012 1142 2 29 1124 1193 3 32 1192 1273 4 12 1193 1271 
22 4 61 92 241 2 22 101 154 1 11 168 202 9 39 169 342 10 79 209 374 5 28 302 419 5 21 423 491 9 81 451 682 4 30 474 565 10 58 545 695 10 65 550 789 1 5 675 689 2 21 741 790 12 130 744 991 10 78 799 978 14 47 910 1144 7 72 960 1121 1 3 1003 1012 7 86 1021 1243 2 29 1053 1107 1 1 1078 1083 1 11 1141 1165 
19 9 21 38 169 2 25 206 251 2 27 317 390 12 121 391 627 6 61 414 529 15 118 415 625 2 33 447 553 8 64 469 636 6 40 540 636 13 50 680 933 3 25 779 857 15 90 780 1010 8 62 807 987 5 44 862 953 4 23 962 1036 6 55 1063 1243 1 12 1120 1154 3 24 1184 1233 1 13 1206 1232 
20 6 45 9 125 10 37 33 200 9 62 37 229 1 50 81 184 2 31 105 178 5 91 111 238 15 88 122 360 10 49 127 305 12 67 128 329 10 83 163 363 1 5 272 287 5 81 468 666 10 80 610 798 10 85 657 886 5 51 770 888 10 118 941 1189 2 15 1031 1070 2 26 1161 1218 3 27 1217 1274 1 3 1267 1274 
27 4 44 71 163 2 20 93 146 9 52 100 294 4 47 242 322 5 61 255 407 5 41 268 363 2 25 276 358 1 8 331 356 13 64 363 613 11 86 477 714 6 96 480 699 2 24 493 546 1 8 568 596 1 10 583 616 10 65 612 819 5 36 650 753 7 65 652 854 9 73 737 876 1 10 739 767 1 6 806 817 4 36 817 908 7 51 982 1085 5 75 1061 1208 3 20 1095 1147 3 17 1222 1274 1 9 1223 1247 1 2 1249 1257 
24 4 53 19 104 4 40 26 105 2 12 55 96 13 94 276 490 5 52 306 440 3 50 338 464 6 79 348 493 6 83 412 596 2 19 417 464 9 112 521 762 12 117 592 819 9 50 615 779 2 29 698 748 5 48 760 907 6 46 870 1022 12 80 895 1103 2 21 1010 1054 2 24 1057 1112 11 91 1068 1247 4 27 1073 1149 1 4 1114 1124 1 7 1226 1253 1 1 1258 1262 1 5 1261 1273 
21 1 5 51 73 2 23 92 150 4 43 250 351 4 25 332 440 1 3 466 474 1 9 469 487 9 60 508 683 1 19 526 561 1 1 529 533 8 59 537 703 15 113 540 787 9 97 611 818 12 89 652 879 12 110 675 880 4 31 778 852 18 109 831 1079 4 42 886 973 2 28 982 1058 1 8 992 1009 11 51 1079 1240 6 43 1088 1203 
20 2 10 22 83 1 5 208 223 1 4 210 220 8 77 297 447 2 24 341 399 1 10 347 378 13 128 377 623 9 86 417 643 9 77 442 651 14 116 502 723 9 31 623 801 7 79 636 802 9 110 707 913 2 24 884 955 3 25 943 996 10 41 1034 1215 4 23 1036 1139 9 42 1038 1183 4 33 1040 1134 3 33 1164 1232 
22 7 60 42 197 2 27 60 118 14 152 65 309 7 72 74 286 2 16 156 197 10 52 164 312 13 125 197 394 9 107 216 418 9 72 516 731 3 34 556 652 4 31 622 699 5 49 660 759 1 2 848 857 13 61 879 1056 13 134 937 1185 1 3 1024 1033 1 14 1116 1148 1 10 1130 1166 1 6 1146 1171 3 22 1151 1226 2 20 1172 1251 1 34 1194 1251 
24 12 107 19 256 2 27 70 125 6 39 193 346 1 5 214 224 5 57 246 426 8 88 388 596 5 34 390 497 6 24 414 510 14 101 451 689 11 75 465 656 2 24 519 581 3 22 544 613 7 73 560 736 4 40 612 696 1 8 792 808 7 39 859 983 1 10 885 918 6 36 885 983 6 67 912 1037 3 31 945 1037 6 46 1000 1142 1 24 1102 1151 6 35 1112 1249 1 6 1235 1261 
27 1 5 7 19 1 8 68 100 4 38 110 208 5 102 132 331 5 52 134 235 10 91 155 367 2 18 175 223 8 66 240 378 7 38 321 453 9 58 359 521 11 62 428 630 1 18 509 564 2 19 514 563 8 63 663 839 1 3 677 683 3 29 718 802 5 36 770 885 8 54 806 957 1 9 816 841 4 105 846 1068 8 86 886 1046 7 49 895 1017 5 42 1016 1153 3 24 1112 1181 1 3 1160 1174 1 15 1203 1235 1 9 1244 1266 
22 3 22 13 80 10 75 64 249 5 37 71 187 2 27 170 231 10 56 256 430 8 79 268 406 12 113 508 744 17 108 521 751 13 57 543 728 9 104 696 946 1 6 783 803 3 17 849 906 8 68 851 1049 1 1 873 876 5 30 875 946 9 64 876 1055 1 1 927 930 1 6 930 945 3 36 1058 1137 2 18 1109 1153 1 2 1222 1231 1 1 1252 1256 
26 5 26 14 184 4 103 220 463 6 50 238 377 1 10 282 306 9 82 299 517 9 95 575 768 5 72 628 765 2 11 661 702 12 64 662 872 1 24 705 751 1 9 722 747 1 2 731 739 10 123 746 941 7 47 768 881 5 46 791 879 6 44 835 948 9 47 837 1007 8 77 877 1056 6 36 933 1042 1 14 936 963 6 88 946 1185 1 14 1104 1148 2 8 1110 1164 1 10 1116 1154 3 23 1183 1253 1 3 1230 1241 
20 16 64 138 359 3 68 172 317 9 86 268 496 4 29 383 450 7 55 402 562 5 30 450 535 11 56 520 730 2 32 551 623 9 49 586 733 1 13 812 839 5 34 819 886 1 1 859 864 16 61 960 1213 4 58 989 1114 10 62 1006 1230 2 21 1032 1077 11 51 1076 1239 4 34 1156 1253 3 20 1168 1215 1 7 1249 1274 
