10 161
12 138 315 57 741 107 284 712 1253 96 217 836 1300 35 58 1030 1199 87 179 1032 1433 176 176 1253 1742 162 186 1273 2001 15 85 1552 1727 255 255 1559 2260 29 62 2909 3098 119 183 3283 3717 57 88 3428 3648 
17 46 236 167 669 147 269 181 938 67 310 302 940 72 92 417 655 35 71 644 859 15 61 1120 1233 107 107 1222 1576 89 220 1442 1848 33 33 1595 1846 43 105 1824 2066 129 235 1892 2512 67 138 1991 2285 75 183 2136 2462 20 72 2772 2904 55 149 3382 3723 85 143 3389 3744 1 1 3794 3797 
17 107 304 74 742 25 107 135 297 22 193 473 1084 15 26 549 626 113 173 727 1264 76 138 903 1218 34 105 919 1189 118 150 1118 1564 6 12 1373 1419 99 107 1910 2445 128 128 2287 2694 80 174 2357 2750 54 133 2479 2738 37 103 2791 3030 152 307 3069 3611 11 19 3490 3535 2 3 3722 3735 
19 138 261 586 1200 79 113 858 1214 12 12 911 985 132 258 1239 1965 68 95 1345 1686 67 67 1704 2194 29 68 2209 2415 20 27 2209 2279 1 2 2212 2220 20 57 2478 2586 31 53 2553 2686 168 265 2718 3313 132 210 2915 3450 131 333 2932 3546 30 48 3058 3199 28 54 3074 3221 40 75 3618 3798 3 8 3655 3679 1 1 3777 3780 
19 96 206 215 713 21 47 289 385 16 37 840 927 47 156 843 1163 64 134 977 1259 6 18 1165 1206 18 39 1281 1359 53 122 1365 1620 153 153 1654 2261 28 110 1717 1936 57 72 1877 2108 153 269 1901 2623 133 345 1903 2593 65 108 2309 2595 27 83 2465 2767 61 117 2606 2850 91 275 3320 3768 25 53 3473 3591 3 5 3753 3768 
15 80 236 240 682 24 87 466 637 67 217 513 885 202 314 953 1664 71 188 1332 1772 42 205 1815 2193 142 363 2385 2977 56 163 2459 2809 94 300 2576 3315 118 160 2743 3272 92 180 2798 3300 133 393 3056 3780 13 43 3256 3336 7 35 3390 3504 13 13 3629 3695 
12 52 117 12 251 164 273 141 858 101 101 564 901 110 247 681 1208 207 338 1352 2052 57 132 1889 2142 87 164 2109 2504 19 31 2873 2983 111 159 2946 3452 151 373 3062 3735 22 43 3288 3368 70 72 3534 3792 
16 47 87 201 509 22 78 551 773 99 325 697 1385 69 164 815 1265 98 205 858 1341 76 163 1131 1584 76 186 1239 1588 19 83 1453 1619 62 181 1700 2011 87 243 1974 2522 140 470 2005 2730 87 217 2132 2786 86 164 2250 2684 112 184 2863 3361 81 126 2899 3241 45 115 3475 3751 
16 86 159 6 422 70 84 52 397 137 137 199 772 181 205 602 1342 30 38 630 764 27 33 742 922 30 47 903 1029 105 243 1258 1948 63 153 1272 1627 127 262 1620 2184 102 187 1752 2132 12 17 2520 2567 133 275 2528 3281 18 24 3007 3079 61 131 3073 3331 1 1 3421 3425 
18 69 159 55 529 109 112 72 454 60 113 511 797 145 309 702 1350 5 7 743 762 115 115 767 1368 12 24 830 896 39 108 856 1098 57 188 1028 1456 47 142 1069 1412 106 106 1334 1802 31 81 1419 1610 110 164 1523 1957 6 12 1677 1714 32 80 2031 2234 90 145 3132 3530 47 181 3405 3697 9 12 3689 3732 
