10 173
12 67 91 114 381 67 93 1182 1541 83 129 1225 1715 97 126 1422 1962 123 123 1665 2400 96 137 1766 2309 197 197 1911 2612 65 158 2265 2677 106 120 2576 3125 133 133 2886 3552 131 136 3010 3571 2 3 3197 3209 
21 30 88 408 654 24 24 784 909 56 84 1553 2190 24 28 1710 1828 61 96 1782 2145 165 165 2139 2720 80 130 2314 2772 51 86 2394 2755 124 124 2473 2991 57 57 2686 2915 62 67 2732 3091 130 131 3015 3624 123 193 3021 3604 25 57 3129 3293 32 73 3163 3405 1 2 3175 3184 33 42 3343 3489 26 29 3521 3661 1 1 3596 3601 5 6 3615 3642 1 4 3630 3645 
17 110 156 72 713 42 59 234 539 32 32 325 453 109 172 407 1119 81 112 466 940 195 195 539 1238 34 92 832 1076 135 140 1119 1631 178 178 1145 1842 25 27 1212 1331 3 3 1252 1273 124 149 1806 2500 33 63 2444 2729 17 35 2575 2741 43 49 3270 3479 31 31 3405 3558 12 19 3589 3646 
21 42 92 14 341 4 9 273 307 49 94 346 729 87 98 374 917 37 37 549 707 145 153 652 1182 65 122 732 1290 68 99 963 1383 65 201 1175 1872 163 163 1462 2141 48 128 1525 1894 9 26 1700 1774 72 92 1726 2114 18 21 1838 1908 1 1 2280 2284 56 87 2286 2570 74 162 2450 2963 61 77 3063 3398 30 30 3402 3641 14 17 3556 3632 3 3 3565 3577 
16 79 89 60 645 110 110 114 660 38 38 121 322 169 175 436 1118 93 163 904 1394 41 126 1113 1646 11 11 1296 1339 122 168 1330 1981 39 106 1497 1828 59 61 1528 1801 166 221 1988 2721 12 18 2336 2390 45 65 2516 2800 87 87 3322 3642 5 6 3619 3661 1 3 3665 3676 
25 8 11 158 203 1 1 352 357 6 10 591 656 7 7 943 975 45 53 1005 1213 87 162 1196 1765 87 87 1562 1908 22 46 1792 1954 97 97 1942 2339 85 156 2081 2663 43 50 2104 2322 57 57 2291 2645 23 28 2339 2514 49 50 2412 2629 25 25 2487 2598 15 43 2493 2643 26 40 2554 2727 28 33 2697 2832 2 2 2742 2752 95 118 2815 3410 70 103 2878 3303 10 18 2928 2988 93 143 3054 3605 86 135 3074 3583 11 11 3436 3476 
15 105 105 281 946 93 157 398 889 72 125 563 906 90 104 689 1185 163 163 1122 1757 25 30 1155 1288 118 118 1190 1755 104 177 1393 2059 65 136 2109 2592 61 61 2200 2463 79 107 2318 2872 52 52 2328 2609 2 3 3089 3103 68 68 3240 3621 28 51 3328 3502 
16 27 47 196 386 18 25 361 457 16 38 445 595 131 131 582 1116 108 108 677 1053 72 103 690 1054 104 178 942 1636 134 165 1606 2267 65 65 1759 2055 38 83 2039 2288 117 150 2190 2824 6 12 2326 2366 122 226 2400 3000 90 144 2616 3124 49 71 2751 3016 6 7 3619 3652 
16 165 168 38 613 126 126 201 933 12 14 464 512 99 141 981 1529 72 157 1069 1504 157 157 1083 1745 21 47 1221 1363 22 22 1412 1510 178 179 1975 2579 68 97 2183 2562 78 78 2508 2820 91 95 2661 3155 72 153 2671 3173 15 40 2811 2925 17 19 3364 3465 5 10 3456 3495 
14 168 168 294 939 40 54 952 1245 124 124 1326 1885 106 176 1362 1838 99 106 1396 1862 83 83 1928 2247 117 139 2036 2451 17 36 2236 2353 137 137 2713 3344 41 105 2738 3182 28 29 2876 3041 37 93 3139 3481 68 68 3148 3429 12 16 3179 3226 
