15 150
11 37 68 115 263 22 23 210 355 33 64 212 383 35 100 311 484 38 38 573 735 19 53 611 718 17 27 751 830 21 49 1049 1183 24 68 1192 1339 24 54 1265 1386 1 3 1317 1324 
8 10 27 30 103 62 74 532 764 52 72 570 768 23 123 700 896 17 110 700 910 45 120 706 979 42 43 833 1004 21 67 1171 1311 
10 59 109 75 347 10 13 131 182 17 37 366 435 44 72 416 599 20 66 421 553 19 41 521 615 45 85 1126 1306 12 17 1175 1233 34 46 1200 1340 4 6 1366 1380 
11 8 16 233 271 32 65 511 671 23 109 595 794 29 95 671 900 3 4 716 737 11 48 783 859 1 2 831 838 33 51 939 1124 63 63 956 1212 49 73 987 1143 2 6 1230 1243 
10 12 39 16 100 14 32 235 314 37 51 238 446 32 77 282 459 49 92 566 778 15 15 703 776 47 83 949 1142 17 64 1161 1298 25 64 1181 1330 10 17 1227 1281 
12 3 15 147 174 33 75 216 413 7 11 345 385 59 59 350 566 57 71 352 622 2 2 371 384 11 44 434 519 33 83 480 707 19 21 501 595 42 42 523 725 2 6 955 968 7 11 1331 1358 
12 49 89 87 275 6 34 533 597 35 84 743 909 48 76 883 1054 52 94 942 1175 17 24 1085 1162 26 47 1112 1229 1 1 1223 1226 1 4 1230 1241 4 9 1295 1325 3 6 1339 1357 6 12 1353 1381 
7 60 66 27 272 11 36 579 657 53 54 626 832 51 80 674 866 33 53 911 1087 42 50 1019 1186 7 20 1189 1232 
11 21 38 24 147 29 123 271 509 27 54 442 612 50 86 484 688 3 8 651 670 60 98 794 1032 24 100 951 1131 34 75 1185 1360 14 23 1194 1269 1 3 1312 1319 5 8 1367 1386 
9 12 21 242 287 27 60 362 522 10 20 489 542 40 72 594 748 58 88 976 1254 54 117 1047 1304 40 91 1083 1349 9 17 1261 1313 6 11 1349 1377 
9 16 29 183 271 18 26 232 316 23 30 314 429 10 18 487 535 40 93 701 950 64 114 870 1128 19 37 980 1086 19 41 1057 1148 44 72 1186 1378 
8 9 14 93 135 10 26 384 442 52 75 432 592 14 41 589 684 52 82 939 1209 69 69 1077 1331 46 55 1119 1379 9 16 1280 1338 
10 43 90 92 332 10 15 577 631 47 47 748 923 53 104 752 976 2 3 856 865 18 59 967 1072 11 14 998 1051 17 32 1095 1208 44 84 1211 1373 2 6 1336 1350 
11 40 100 85 316 13 22 93 154 24 49 336 490 19 49 527 626 33 36 719 833 26 57 829 940 70 122 914 1180 46 73 959 1195 3 3 1220 1231 28 28 1240 1355 4 4 1362 1381 
11 33 81 142 367 51 147 242 456 4 8 290 309 19 28 427 505 41 63 491 686 9 44 685 760 32 52 844 1037 29 44 1003 1154 25 70 1123 1378 1 1 1205 1210 21 25 1217 1304 
