10 106
9 130 130 636 1014 9 14 764 798 103 103 895 1161 153 153 1249 1579 23 37 1807 1908 363 363 2058 2761 252 252 2202 2905 111 141 3406 3730 31 39 3438 3526 
12 32 53 522 610 8 12 940 973 53 58 1155 1289 189 189 1382 2024 164 165 1704 2169 291 291 1852 2491 6 13 2260 2289 50 69 2299 2504 197 197 2640 3402 129 255 3135 3678 68 68 3588 3776 7 8 3596 3626 
13 210 210 85 599 54 66 97 231 18 33 167 240 9 9 201 234 245 355 993 1760 178 243 1060 1556 120 229 1081 1656 61 89 1591 1845 207 374 2376 3113 19 29 2948 3003 23 30 2953 3045 5 9 3650 3671 62 78 3685 3869 
12 122 330 0 593 153 226 27 695 73 81 1049 1225 69 69 1091 1256 110 110 1636 1861 134 212 1638 2136 178 342 2227 2970 205 271 2603 3230 77 132 2729 3040 31 35 3004 3076 46 46 3335 3436 5 5 3841 3859 
12 51 156 228 630 15 24 789 829 122 206 1000 1513 50 86 1435 1603 224 262 1503 2244 216 216 1750 2361 233 273 1860 2426 140 264 2060 2577 49 60 2507 2666 222 222 3193 3813 13 29 3580 3773 26 26 3662 3730 
11 141 141 203 539 396 396 774 1423 76 76 1091 1271 63 93 1266 1409 47 71 1533 1673 5 7 1586 1600 13 15 2060 2091 185 216 2700 3121 100 258 2953 3593 93 183 3113 3463 87 143 3559 3853 
7 100 108 862 1214 255 353 1133 1843 261 261 1551 2151 84 84 1634 1838 376 376 2470 3198 102 102 3290 3578 19 29 3378 3460 
9 283 427 286 1048 91 91 376 635 60 123 432 666 291 291 615 1180 229 286 1266 2017 91 107 1463 1728 104 191 3124 3470 14 15 3134 3178 9 9 3844 3868 
13 53 99 138 344 127 127 517 1220 156 206 543 989 27 30 1218 1281 177 177 1254 1685 149 149 1278 1677 116 116 1527 1872 74 143 1611 1904 200 245 2382 2875 72 72 3038 3192 112 112 3575 3841 6 9 3765 3783 19 25 3796 3854 
8 119 161 15 434 122 197 219 602 238 238 426 956 68 117 2129 2366 176 319 2156 2792 208 348 2979 3679 192 192 3183 3554 98 207 3497 3866 
