10 73
7 17 17 121 188 36 77 373 570 88 175 409 1023 53 111 1410 1602 22 62 1937 2047 101 177 2155 2568 38 83 2211 2402 
10 14 14 55 114 5 17 320 356 34 61 434 645 17 50 1486 1576 97 203 1494 1889 85 207 1663 2241 1 1 2099 2104 54 87 2291 2531 2 5 2734 2748 8 8 3089 3126 
6 33 43 100 245 109 263 230 809 36 36 508 707 37 77 1346 1515 101 214 1746 2349 27 47 2582 2695 
7 103 217 64 487 4 12 1507 1531 70 139 1756 2066 53 156 2413 2815 20 54 2470 2587 82 175 2735 3118 27 54 2737 2887 
5 67 85 204 471 107 177 431 1035 101 189 1717 2135 20 21 1743 1814 76 178 1831 2312 
8 44 44 88 253 20 32 637 718 36 39 1140 1297 30 199 1244 1832 136 136 1862 2467 105 291 2126 2611 3 5 2640 2653 51 120 2708 2971 
12 11 24 967 1022 47 111 993 1157 8 13 1360 1407 46 269 1557 2034 108 214 1600 2204 23 34 1920 2011 3 6 1965 1982 24 29 2366 2483 13 27 2554 2633 4 13 2837 2865 10 14 2974 3024 12 38 3002 3071 
5 127 233 508 1087 129 246 681 1180 17 61 2503 2624 12 46 2530 2604 62 126 2812 3085 
7 41 79 30 233 46 79 605 847 28 85 1554 1725 17 31 1566 1637 105 269 2074 2675 41 147 2644 3021 34 80 2647 2930 
6 105 291 1559 2056 74 79 1765 1996 114 220 1776 2308 17 50 1926 2043 4 5 2385 2401 34 111 2903 3126 
