10 180
17 130 343 353 1047 76 140 525 897 20 98 634 844 28 59 689 827 125 328 1099 1723 21 62 1330 1457 114 194 1424 2004 85 306 1556 2225 86 163 1824 2210 149 250 2018 2567 35 49 2750 2912 112 279 2856 3423 47 101 2870 3118 91 206 2907 3543 3 3 3019 3034 20 66 3436 3560 1 3 3667 3675 
20 110 141 171 578 160 296 380 1077 55 110 396 679 59 236 515 1112 29 53 556 713 9 25 715 783 27 67 1292 1411 94 210 1913 2526 29 88 1961 2191 28 59 2145 2254 105 316 2473 3210 139 184 2562 3195 43 69 2731 2952 90 200 2786 3200 74 124 3027 3418 105 204 3060 3621 4 10 3459 3482 12 45 3602 3699 6 15 3610 3642 1 1 3683 3686 
20 71 137 514 808 27 62 623 758 38 57 648 828 116 240 730 1182 26 50 781 931 190 382 829 1529 37 84 1057 1245 28 72 1137 1289 40 60 1144 1305 23 261 1211 1817 28 54 1497 1630 52 77 2087 2351 76 193 2213 2631 22 69 2454 2596 22 51 2713 2870 112 166 2838 3432 101 159 3054 3490 80 92 3334 3680 37 48 3396 3550 40 82 3492 3650 
17 79 98 405 762 31 52 421 528 100 143 535 990 38 138 591 886 32 74 677 984 32 32 1321 1477 137 181 1407 1913 132 242 1659 2260 145 307 1719 2315 2 4 2295 2305 140 213 2595 3137 182 292 2718 3414 3 15 2718 2742 3 8 2878 2908 27 55 3047 3164 3 9 3072 3092 70 140 3280 3656 
18 139 289 27 733 97 155 298 705 84 188 378 702 193 263 386 1110 70 131 390 728 51 76 463 757 60 101 657 973 59 181 701 1238 31 64 800 953 15 35 1203 1283 60 94 1622 2004 138 304 2191 2892 63 82 2245 2505 78 201 2907 3363 35 62 3437 3606 12 31 3475 3548 4 5 3639 3659 1 1 3697 3700 
21 127 266 276 844 1 2 502 508 82 172 519 879 70 165 741 1151 8 10 975 1005 17 41 1287 1370 163 267 1424 2100 12 23 1669 1736 78 100 1920 2353 15 28 2133 2216 100 236 2256 2980 56 176 2383 2788 25 25 2505 2643 36 109 2596 2826 216 218 2874 3552 107 421 2985 3644 26 53 3480 3622 10 15 3576 3620 5 11 3608 3629 2 4 3636 3645 1 1 3651 3655 
15 45 74 102 345 143 345 427 1100 85 90 560 950 71 143 714 1139 131 169 2323 2871 17 22 2366 2440 94 157 2752 3294 124 172 2762 3284 23 48 2876 3010 110 201 2897 3324 30 35 2989 3137 104 228 3026 3670 16 16 3162 3221 139 196 3199 3659 41 72 3494 3679 
17 73 90 468 828 131 276 481 1098 25 44 562 675 80 162 898 1339 130 264 984 1514 1 1 1022 1025 119 178 1099 1660 147 237 1325 2051 54 118 1613 1932 92 245 2019 2517 71 119 2314 2593 101 144 2539 2971 27 65 2556 2697 22 22 3012 3128 21 57 3139 3270 60 130 3276 3640 9 21 3539 3587 
18 86 226 19 634 6 39 53 127 36 100 195 409 38 80 364 535 61 188 438 754 95 236 611 1031 115 358 677 1362 44 315 686 1384 1 1 825 830 86 146 1265 1564 26 56 1348 1471 65 100 1357 1643 135 252 1863 2444 98 98 2453 2971 66 116 2628 2872 56 138 2633 3042 71 166 3098 3486 56 129 3254 3476 
17 30 122 1070 1329 48 116 1347 1605 62 101 1841 2122 35 53 2010 2136 141 189 2049 2646 17 34 2135 2219 132 227 2288 2763 198 198 2290 3028 46 121 2338 2572 59 188 2397 2785 193 288 2476 3159 71 146 2743 3205 41 55 3178 3346 21 69 3484 3637 44 60 3508 3685 2 4 3673 3687 2 4 3690 3701 
