15 49
2 96 96 104 296 87 99 153 357 
4 29 68 373 502 44 50 764 946 56 91 858 1090 40 55 959 1111 
3 44 61 14 160 54 84 922 1094 28 53 1122 1227 
4 7 7 397 415 74 74 603 764 91 91 705 930 15 28 1166 1213 
3 49 62 190 314 43 43 664 796 31 31 878 987 
3 37 68 190 365 65 87 352 569 27 34 433 538 
4 76 92 45 249 24 35 114 191 53 64 317 485 10 11 1183 1227 
3 11 22 546 594 68 84 549 737 80 80 742 900 
2 100 100 392 603 69 74 738 941 
3 66 66 835 1062 14 17 1044 1100 39 39 1077 1179 
5 68 68 21 207 12 16 909 959 8 19 1043 1082 50 79 1104 1270 3 4 1254 1267 
5 16 26 0 66 28 41 657 761 33 33 752 867 25 25 846 921 71 71 1078 1236 
2 85 113 260 489 49 86 315 501 
3 103 109 277 493 84 84 341 547 24 24 1139 1197 
3 50 58 716 901 3 4 773 782 66 69 958 1165 
