10 54
4 127 162 747 1317 35 53 1225 1414 106 280 2072 2653 7 12 2677 2708 
4 158 197 56 650 67 159 685 1052 32 60 1384 1562 134 229 2263 2805 
6 23 34 308 426 100 228 637 1151 49 55 1297 1504 68 165 1337 1649 18 54 1724 1859 26 65 2855 3013 
10 15 44 153 242 35 62 419 588 40 74 1192 1395 59 139 1436 1727 11 44 1827 1936 80 109 2476 2863 12 23 2496 2550 70 183 2690 3029 4 7 2853 2871 1 1 3029 3032 
5 90 177 885 1400 93 109 890 1215 82 225 1997 2413 47 104 2376 2573 3 4 3022 3036 
5 76 147 842 1342 33 33 1251 1383 57 122 1419 1734 75 154 1876 2266 38 58 2049 2248 
6 60 96 326 815 70 157 957 1443 14 44 1913 1984 135 177 2336 2846 16 37 2779 2869 1 6 2937 2949 
5 17 44 32 135 57 62 120 371 66 78 519 765 102 234 910 1482 63 118 1967 2241 
4 85 125 361 694 71 96 1075 1350 28 78 1534 1670 104 193 1856 2371 
5 73 110 410 701 47 99 563 832 33 49 1018 1152 101 126 1423 1851 18 75 2060 2249 
