10 100
9 115 115 82 562 65 67 331 716 52 52 502 748 33 49 518 714 147 153 615 1193 1 1 1062 1068 102 129 1734 2220 69 81 2128 2463 33 99 2901 3141 
7 116 116 244 633 45 46 715 888 18 20 1123 1198 103 105 1134 1521 136 205 1380 1954 141 141 2626 3279 81 81 2861 3117 
8 95 107 842 1248 46 116 1461 1763 101 101 1703 2170 62 74 1971 2194 126 219 2073 2690 107 107 2371 2860 77 116 2966 3289 30 30 3021 3141 
10 40 59 567 768 70 91 652 944 66 66 778 1088 104 141 1628 2084 18 22 1776 1848 77 125 1884 2280 77 77 1954 2333 54 78 2331 2628 8 14 2534 2592 105 105 2765 3173 
10 37 137 9 462 157 157 439 1027 43 51 518 775 15 18 596 656 89 98 1876 2245 62 87 2058 2484 42 98 2101 2329 19 19 2410 2471 131 171 2505 3029 7 7 3270 3303 
11 162 162 96 751 60 98 135 504 63 129 163 610 26 35 1711 1998 30 30 2083 2258 47 47 2116 2322 14 17 2168 2234 87 149 2302 2818 67 86 2536 2787 26 32 2611 2758 11 16 3219 3306 
11 171 171 214 813 133 133 236 843 34 74 798 1201 41 126 1208 1614 91 183 1589 2135 81 81 2462 2723 54 76 2831 3085 38 51 2939 3101 2 5 3101 3117 3 9 3229 3255 5 10 3279 3314 
11 63 184 200 631 74 79 353 656 93 100 400 823 44 90 584 905 16 24 642 739 52 84 1537 1941 56 112 2344 2764 5 7 2359 2396 79 89 2580 2886 84 101 2798 3119 59 102 2811 3129 
10 75 129 475 887 60 64 1199 1582 106 177 1332 1897 97 140 1381 1896 16 17 1717 1804 96 130 2167 2796 90 204 2598 3258 27 27 2633 2752 14 14 3240 3305 7 10 3250 3286 
13 84 114 10 485 79 88 332 718 1 1 740 745 63 140 844 1310 84 177 1206 1709 54 83 1277 1551 13 17 1614 1688 6 10 2043 2075 54 98 2526 2907 30 32 2623 2744 24 39 2698 2854 72 86 2904 3258 23 23 3011 3113 
