10 126
12 33 35 67 160 16 58 235 335 60 64 959 1220 22 46 1300 1398 94 139 1652 2132 93 259 1696 2236 91 220 1798 2288 98 214 1813 2267 107 189 1850 2418 80 162 2166 2531 11 28 2352 2417 38 119 3139 3467 
10 29 56 960 1083 47 79 985 1299 136 217 1548 2200 29 79 1754 1919 89 106 1806 2179 183 357 2029 2713 57 104 2221 2460 62 109 2307 2581 114 221 2732 3061 17 21 3363 3434 
13 38 105 715 904 105 258 762 1337 23 43 1189 1314 80 292 1296 1753 10 35 1555 1632 123 308 1630 2253 43 74 1905 2082 33 37 2230 2384 17 34 2238 2339 87 175 2295 2712 103 155 2436 2904 22 58 2785 2905 17 50 3352 3467 
18 22 63 40 151 91 108 152 461 77 132 489 839 6 14 572 611 19 41 680 808 16 31 705 811 77 190 781 1192 20 27 1393 1536 25 48 1464 1563 42 77 1542 1757 44 85 1900 2088 83 137 2270 2607 117 219 2489 2970 10 22 2553 2593 10 38 2895 2973 21 77 3090 3204 27 78 3206 3421 3 9 3476 3495 
13 76 229 6 536 46 85 58 323 1 2 256 263 40 70 404 550 29 63 659 830 91 133 901 1288 31 53 1115 1240 104 282 1246 1900 22 27 1397 1478 36 47 1697 1870 93 157 2371 2995 57 115 2794 3104 68 174 3135 3426 
10 72 126 184 637 92 220 215 711 33 71 476 677 45 100 922 1166 119 147 933 1413 152 247 1693 2219 94 338 1836 2484 31 103 2186 2336 51 132 3057 3350 9 28 3284 3362 
13 56 96 211 435 26 36 514 644 49 83 902 1120 28 76 905 1060 130 217 1655 2329 91 184 1704 2142 17 32 1801 1893 16 29 1863 1939 237 237 2339 3022 25 45 2526 2662 38 106 2780 3070 50 104 3280 3477 17 17 3384 3450 
10 33 68 41 187 45 97 44 327 61 121 195 682 119 274 1187 1886 14 33 1574 1666 123 192 1669 2259 122 250 1747 2378 20 32 1797 1898 112 213 2758 3366 51 86 3245 3495 
11 86 196 382 905 102 228 1220 1780 143 383 1236 1914 52 129 1540 1816 144 155 1856 2323 23 73 1887 2011 129 250 2012 2665 15 40 2152 2251 10 27 2505 2569 2 6 3416 3432 4 5 3478 3495 
16 19 31 3 99 57 77 404 782 66 152 542 842 8 26 753 1024 118 197 1276 1777 29 98 1288 1580 17 37 1323 1418 28 59 1444 1583 22 38 1666 1761 20 57 1863 1979 132 227 1940 2591 21 49 1956 2061 39 80 2063 2283 56 92 2542 2781 146 147 2690 3174 18 38 3354 3447 
