15 104
8 41 68 32 187 13 25 397 449 34 34 721 840 19 19 843 890 105 105 1084 1272 55 68 1100 1315 25 29 1177 1255 11 25 1335 1371 
7 10 12 147 179 108 108 194 429 46 60 277 399 49 60 524 673 45 51 1025 1158 40 45 1037 1158 33 33 1235 1292 
7 58 90 89 290 61 79 199 341 115 115 1080 1316 17 21 1098 1141 30 58 1100 1192 6 9 1190 1212 2 3 1369 1379 
7 13 50 305 406 54 59 402 561 49 85 676 874 79 143 702 959 73 122 923 1188 32 47 1171 1278 27 32 1226 1315 
7 99 99 46 308 16 16 86 129 10 10 93 114 50 75 774 951 48 66 844 980 14 25 968 1035 80 80 1187 1372 
5 51 167 546 807 48 103 835 1034 64 64 1029 1307 18 30 1073 1136 98 98 1127 1334 
6 36 46 193 415 90 90 214 491 93 99 709 971 73 73 847 1074 60 60 902 1039 8 16 1206 1233 
5 69 77 33 220 51 74 327 504 69 118 338 584 101 127 695 959 5 6 1347 1364 
6 86 86 128 338 34 80 479 600 9 14 546 575 55 57 818 989 89 90 851 1087 6 6 1323 1338 
7 99 106 189 434 22 22 372 416 5 14 503 529 79 79 632 836 69 84 943 1186 10 16 1251 1307 15 15 1267 1296 
8 80 104 348 549 35 35 403 480 32 36 442 544 97 132 701 965 50 71 840 971 5 7 1260 1279 7 7 1277 1291 6 6 1297 1310 
9 7 7 267 288 55 55 285 441 31 42 377 480 35 35 847 935 119 137 871 1139 15 15 927 956 33 37 958 1050 3 3 1146 1161 4 9 1347 1367 
5 56 56 15 139 11 12 79 105 73 90 491 728 128 128 967 1244 13 20 1098 1133 
5 143 143 253 504 34 39 409 519 58 66 602 796 89 89 729 942 19 23 1324 1385 
12 17 31 43 98 35 35 84 185 51 59 123 238 40 40 134 231 57 65 562 740 26 44 574 665 11 14 742 789 56 56 1018 1136 8 8 1069 1090 1 1 1179 1182 19 24 1218 1274 1 1 1386 1390 
