10 106
11 251 251 568 1213 163 180 634 1030 227 227 1037 1541 76 76 1222 1367 137 137 1834 2165 28 32 2155 2215 125 170 2299 2914 164 164 2903 3408 13 17 3056 3094 167 201 3080 3554 4 4 3622 3636 
13 102 103 258 495 215 215 402 1000 124 124 660 942 175 175 703 1155 70 82 1117 1306 34 51 1192 1334 28 37 1687 1776 201 268 2203 2933 84 167 2360 2788 33 46 3259 3405 80 80 3395 3627 56 65 3485 3659 29 29 3493 3575 
11 172 305 358 883 80 229 563 1113 54 54 1044 1201 81 103 1506 1798 273 308 1689 2417 70 70 1853 2013 227 273 1939 2412 194 196 2292 2882 47 88 2333 2554 28 54 3355 3461 44 59 3475 3574 
10 154 154 102 539 240 249 276 849 154 286 381 1097 124 124 566 958 106 106 587 841 125 125 631 1044 223 285 1245 1849 43 85 1473 1674 11 26 3058 3131 15 15 3591 3618 
12 343 343 24 674 18 27 404 462 260 372 876 1604 261 261 2116 2844 53 161 2367 2929 100 123 2470 2700 34 61 2569 2692 102 102 2866 3091 98 98 3015 3265 85 85 3418 3666 100 100 3426 3704 2 3 3662 3668 
8 95 224 23 575 105 180 103 640 307 307 330 992 192 202 481 1071 231 231 1776 2286 170 397 2548 3146 48 68 2953 3105 35 72 3299 3441 
12 137 146 540 1038 214 278 751 1416 77 77 802 1040 19 39 1003 1068 123 194 1225 1670 28 29 1395 1480 18 41 1565 1649 191 236 1811 2300 23 29 2144 2217 96 100 2211 2448 159 262 2302 2899 110 183 2494 2903 
10 52 58 527 693 44 116 602 782 195 261 684 1304 140 181 772 1189 111 111 843 1152 78 78 2146 2371 219 260 2399 2969 199 313 2972 3670 109 138 3113 3492 55 77 3399 3658 
11 193 397 391 1026 52 52 401 543 66 66 792 1014 216 216 1158 1635 169 172 1392 1965 128 283 1934 2488 72 121 2081 2321 162 247 2334 2909 50 159 2813 3162 133 133 3052 3530 11 18 3498 3542 
8 51 97 105 463 71 71 1621 1810 100 142 1748 2095 266 266 1996 2560 207 265 2520 3125 184 297 3011 3517 118 222 3049 3705 206 209 3166 3646 
