10 59
5 126 168 106 659 66 131 682 1087 144 168 1062 1664 47 59 1307 1586 14 19 2863 2932 
5 75 123 1582 1945 72 72 2290 2669 116 163 2419 2977 58 142 2622 3048 1 1 3035 3039 
8 68 114 308 671 24 24 572 684 84 87 932 1274 45 45 1230 1497 1 1 1387 1394 38 50 2360 2528 56 95 2647 3002 27 27 2967 3057 
4 87 132 347 918 90 90 1256 1607 6 15 1627 1737 125 125 2472 2932 
7 18 18 501 611 97 97 649 1105 21 41 784 908 18 18 969 1034 67 71 999 1329 57 81 1051 1342 55 55 2039 2244 
7 38 84 320 628 50 108 800 1131 107 210 1307 1859 23 31 1792 1895 41 41 1793 1988 24 29 2336 2437 19 33 2647 2738 
6 3 4 601 615 110 110 885 1347 10 11 945 992 68 87 1819 2169 100 164 2485 2969 4 7 2976 3001 
6 31 40 313 530 46 67 866 1195 38 38 995 1157 116 192 1041 1592 59 138 1584 2138 13 13 1999 2083 
6 51 79 268 566 65 107 400 790 38 159 803 1373 77 129 2296 2693 13 14 2534 2579 46 53 2833 3043 
5 50 50 738 890 101 107 782 1238 153 174 1539 2150 4 6 1834 1863 55 119 2263 2726 
