10 93
6 158 237 738 1172 100 123 742 1084 242 242 761 1427 231 231 802 1430 281 281 1544 2159 8 8 1954 1980 
10 151 186 173 545 69 90 755 943 24 33 1782 1849 124 274 1919 2512 137 268 1949 2549 181 213 2588 3187 84 84 2819 3134 100 148 2924 3174 77 77 3025 3275 5 5 3202 3216 
8 233 295 1619 2233 191 227 1995 2523 9 13 2297 2338 39 39 2604 2703 204 300 2861 3456 173 192 3144 3571 84 110 3234 3508 4 8 3563 3584 
15 3 5 16 27 53 62 320 458 24 34 861 971 6 6 1085 1100 142 183 1575 2065 82 105 2068 2275 128 214 2269 2704 158 245 2430 3025 260 260 2777 3402 43 63 3146 3279 29 52 3158 3267 56 56 3296 3484 6 6 3563 3578 6 6 3601 3623 1 3 3601 3609 
8 124 126 1216 1535 62 80 2188 2377 170 170 2254 2629 90 94 2300 2556 324 324 2668 3385 124 200 3239 3588 27 62 3277 3449 46 46 3409 3556 
8 174 227 165 717 181 271 326 803 71 182 534 1000 1 2 962 967 39 39 2040 2115 246 280 2066 2634 96 135 2478 2774 248 387 2726 3406 
14 132 132 301 675 27 30 576 663 20 34 699 767 96 249 830 1328 126 162 1032 1353 20 35 1204 1275 50 50 1857 1974 76 117 2356 2571 2 2 2463 2469 118 118 2936 3207 102 102 3047 3337 121 176 3057 3529 94 116 3345 3585 40 40 3497 3597 
8 96 291 12 604 77 109 513 743 308 308 636 1218 184 233 785 1326 77 88 927 1146 26 26 1149 1232 225 346 1747 2329 3 3 3620 3628 
7 135 145 261 674 65 65 673 830 157 157 1016 1465 203 204 1113 1555 170 203 1298 1733 192 192 1746 2173 62 104 1889 2185 
9 137 137 323 626 67 89 616 811 149 177 1151 1609 230 264 1704 2407 111 175 2262 2613 52 52 2458 2563 43 61 2504 2618 126 127 3173 3566 33 39 3200 3317 
