10 123
15 14 59 93 208 154 256 430 973 93 190 492 1038 11 18 521 561 39 63 639 793 1 1 790 796 13 30 1481 1565 118 258 1667 2207 45 116 1667 1912 141 222 2100 2718 24 39 2134 2221 19 48 2768 2862 26 39 2805 2931 63 170 2833 3245 43 65 3117 3312 
12 82 201 72 447 64 119 582 921 78 170 1079 1477 3 9 1550 1570 145 193 1751 2253 66 70 2065 2374 44 98 2303 2553 92 132 2384 2844 41 91 2465 2677 104 186 2752 3222 80 104 2813 3122 12 22 3256 3317 
10 22 40 152 264 147 168 481 1127 77 145 1155 1565 21 37 1398 1542 116 309 1792 2405 7 17 1811 1858 60 150 1956 2308 15 22 1966 2042 167 288 2370 2999 130 130 2473 2942 
10 118 260 155 610 49 77 496 645 57 85 742 1047 31 94 967 1225 133 223 1093 1540 102 151 1337 1971 120 143 1482 2062 86 253 2451 3029 17 36 2857 2948 4 5 3069 3088 
15 127 176 192 663 3 8 348 365 139 198 678 1283 70 111 709 1162 11 11 778 819 5 12 840 869 12 22 1239 1322 110 152 1780 2156 59 125 1800 2090 145 309 1808 2463 32 93 2220 2401 2 3 2366 2376 52 180 2416 2833 26 62 2546 2705 1 4 3344 3352 
16 20 33 375 475 116 302 632 1282 26 45 838 959 22 59 973 1149 59 100 1267 1556 41 122 1327 1612 99 292 1447 2000 156 373 1643 2295 8 19 1760 1824 37 147 1886 2286 13 23 2267 2340 9 16 2343 2386 87 175 2677 3122 1 1 3080 3084 31 66 3154 3313 1 1 3349 3352 
14 115 264 202 668 31 47 536 734 76 107 779 1068 48 102 979 1429 15 59 2041 2173 79 125 2323 2919 130 161 2378 2804 30 76 2562 2713 11 11 2617 2663 136 147 2659 3248 10 16 3089 3138 24 47 3207 3347 1 5 3218 3232 2 6 3250 3265 
11 53 122 110 395 50 150 255 734 90 133 305 658 40 92 359 561 47 75 779 969 30 40 1465 1621 117 339 1843 2492 117 230 2291 2775 89 229 2423 3046 33 134 2839 3174 39 81 3091 3341 
8 131 197 1355 1919 136 299 1575 2203 59 93 1595 1831 106 152 1724 2276 123 158 1928 2321 82 180 2433 2969 80 198 2446 2904 2 8 3330 3348 
12 52 91 504 681 103 137 553 1030 10 19 728 788 88 206 841 1250 76 195 1440 1826 100 162 1528 2148 50 182 2013 2451 60 72 2079 2290 9 42 2174 2273 51 119 2402 2621 75 126 2708 3018 79 147 3001 3287 
