10 195
21 103 252 177 766 183 351 338 1003 73 175 559 1077 66 90 637 1051 32 57 756 903 4 13 1360 1395 18 35 1606 1689 69 128 1723 2041 100 221 1892 2414 60 188 1915 2305 142 388 2191 2904 99 217 2383 2822 55 106 2526 2935 15 39 2802 2883 6 9 2828 2857 4 10 2926 2948 63 201 3222 3559 7 11 3271 3324 49 171 3299 3611 1 5 3572 3586 4 6 3651 3669 
28 8 18 115 155 19 19 371 595 68 124 390 766 4 4 483 501 25 35 539 658 89 194 574 1089 27 72 621 793 6 18 632 686 58 58 734 962 69 224 735 1208 78 103 918 1275 133 251 1055 1521 18 64 1059 1190 27 46 1267 1389 75 208 1675 2132 23 61 1994 2140 74 165 2308 2634 22 31 2388 2490 16 39 2579 2671 12 29 2653 2741 115 204 2815 3446 23 31 2928 3066 39 87 2940 3172 1 3 3091 3099 10 16 3211 3254 10 17 3345 3393 72 184 3353 3687 23 30 3587 3668 
13 49 72 68 271 181 194 178 863 4 9 407 433 163 282 528 1249 32 39 576 711 149 375 660 1285 106 196 990 1407 29 39 1278 1397 156 216 1714 2315 100 227 1755 2311 79 213 2851 3317 56 102 3287 3548 43 96 3361 3618 
19 67 144 455 759 36 109 578 931 19 29 749 861 145 339 962 1686 68 117 998 1274 40 147 1091 1386 48 124 1205 1486 29 41 1286 1396 47 100 1673 1866 34 110 1678 1912 74 111 1930 2284 81 198 2228 2609 27 102 2333 2520 83 83 2360 2754 145 145 2522 3003 39 58 2625 2795 10 22 2683 2735 54 157 2854 3171 130 159 3282 3693 
18 33 103 118 306 91 275 350 883 100 155 494 1042 49 88 803 1006 31 44 876 986 82 255 1188 1826 9 13 1198 1274 157 275 1321 1921 62 133 1610 2017 90 152 1842 2259 32 32 1916 2023 106 106 2259 2659 94 196 2503 2941 73 244 2623 3007 42 90 2711 2928 16 21 2958 3032 73 188 3158 3567 1 5 3678 3691 
23 99 287 123 617 57 73 199 435 183 349 272 922 64 139 372 822 9 21 511 576 7 21 793 845 160 354 876 1516 132 296 983 1690 47 124 1034 1302 47 65 1135 1435 29 238 1170 1715 38 77 1299 1529 105 320 1653 2259 24 93 2322 2511 82 190 2705 3139 43 50 2828 3026 29 60 3326 3456 41 86 3356 3645 12 31 3434 3508 9 21 3459 3515 14 38 3565 3654 16 50 3587 3684 3 4 3593 3610 
21 49 105 141 395 133 133 310 765 62 306 391 1101 155 187 441 1006 79 140 576 973 140 195 799 1489 36 74 863 1059 22 64 1464 1586 114 251 1659 2227 14 125 2064 2317 132 132 2195 2794 10 53 2200 2384 12 12 2310 2353 60 110 2806 3051 42 160 3302 3643 41 83 3360 3597 14 56 3379 3467 17 39 3384 3492 35 69 3454 3600 16 33 3511 3568 1 2 3685 3690 
18 15 30 103 193 30 103 286 489 147 243 382 1087 55 70 508 749 42 108 508 726 65 80 519 782 80 241 1199 1694 99 213 1202 1728 109 190 1975 2505 78 103 2017 2433 129 300 2120 2849 70 150 2779 3132 118 126 2800 3268 93 93 3113 3531 4 11 3347 3369 36 87 3424 3619 10 24 3525 3606 6 14 3555 3584 
15 136 187 411 1029 68 112 423 758 110 267 515 1056 57 142 659 916 37 58 850 985 112 167 857 1373 213 355 1180 1909 73 97 1227 1521 8 18 1952 1989 128 192 2018 2537 25 77 2225 2383 101 131 2521 2882 4 5 2924 2950 48 87 3379 3585 41 68 3438 3590 
19 59 96 92 334 57 70 336 556 85 85 476 719 59 190 733 1197 188 213 844 1470 65 150 901 1265 83 201 1137 1589 13 23 1182 1235 159 197 1189 1800 168 224 1676 2330 121 224 1716 2369 9 36 1794 1860 20 38 1912 2001 26 87 2437 2610 59 108 2690 2987 11 33 2769 2828 5 14 2844 2881 95 172 3168 3615 10 26 3513 3576 
