10 214
19 21 246 303 700 18 72 310 702 17 204 518 937 35 181 591 1220 22 39 647 972 21 272 1000 1596 14 59 1191 1441 35 344 1376 1972 21 224 1588 2225 20 200 1737 2156 4 40 1902 1999 6 61 1998 2127 11 100 2585 2808 7 58 2625 2812 25 256 2743 3191 21 141 2821 3175 1 21 2910 2948 1 9 3123 3145 3 35 3128 3207 
23 23 232 90 697 7 51 91 226 27 243 299 787 20 257 457 951 4 50 557 687 17 240 736 1307 15 128 790 1140 3 35 805 906 19 115 853 1139 35 231 981 1498 13 179 1056 1390 11 126 1092 1501 34 217 1211 1677 1 23 1400 1441 10 119 1420 1674 13 98 1644 1869 9 105 1815 2040 2 20 2473 2535 15 283 2475 2969 5 55 2551 2696 2 19 2753 2818 9 34 2762 2939 7 42 2983 3085 
29 14 171 31 348 1 5 54 75 18 335 313 841 7 74 336 478 26 90 423 831 30 161 443 921 7 65 884 1048 2 10 1046 1095 36 288 1416 2048 13 106 1597 1836 11 107 1821 2069 1 10 1940 1970 5 73 2015 2188 19 180 2060 2531 5 19 2244 2327 28 268 2267 2904 4 19 2397 2463 25 258 2404 2986 6 46 2439 2554 11 61 2545 2757 5 50 2574 2706 4 35 2612 2713 24 199 2638 3097 2 18 2657 2712 4 48 2782 2905 2 25 2959 3011 6 57 2992 3130 3 57 3043 3163 2 38 3097 3173 
22 8 112 98 344 13 114 341 594 20 370 380 983 1 4 417 426 34 243 575 1141 26 296 719 1340 15 69 755 989 8 50 798 943 9 100 864 1076 9 105 1051 1339 5 56 1151 1270 28 142 1185 1642 7 112 1222 1410 11 189 1315 1802 34 138 2172 2727 25 191 2351 2934 11 61 2702 2891 13 82 2720 2938 10 111 2782 3020 14 100 2784 3112 1 17 3121 3155 1 4 3180 3201 
21 17 143 20 416 10 72 66 236 29 144 283 765 28 266 407 953 2 30 690 740 28 217 826 1326 8 72 1147 1295 28 297 1722 2313 7 56 1749 1916 25 163 1788 2269 28 168 1903 2365 16 185 2053 2409 2 17 2111 2159 16 104 2190 2488 22 212 2257 2674 16 130 2511 3012 10 110 2725 2967 14 95 2790 3071 1 6 3003 3018 2 14 3051 3111 1 8 3088 3104 
19 14 87 92 329 18 159 171 619 28 242 498 930 21 145 934 1535 10 34 1469 1631 26 245 1573 2067 36 209 1834 2471 1 15 1864 1905 3 23 1884 1958 15 152 2058 2497 25 218 2070 2560 13 167 2083 2377 13 79 2156 2341 33 188 2160 2798 16 213 2217 2751 12 102 2313 2559 22 174 2612 2981 13 79 2911 3121 5 49 2986 3137 
20 2 20 408 449 24 220 416 818 7 64 603 740 10 135 865 1140 1 6 873 889 14 100 1098 1436 28 247 1225 1762 14 114 1267 1562 24 165 1418 1863 21 248 1430 1909 8 132 1483 1781 25 337 1541 2093 2 14 1624 1676 32 191 1751 2341 20 167 1952 2476 21 179 2623 3078 28 169 2636 3210 6 40 2916 3029 8 96 2936 3207 4 48 2943 3042 
17 27 252 136 779 7 68 366 529 8 87 602 750 16 122 647 967 9 62 781 943 18 128 806 1167 23 172 831 1421 20 204 1370 1745 25 374 1506 2117 24 149 1565 1942 16 91 2098 2409 6 55 2200 2293 29 154 2470 3036 22 222 2495 3003 25 153 2625 3034 8 107 2954 3176 13 68 2973 3127 
22 1 7 57 80 42 273 99 590 14 86 310 525 26 230 1113 1665 26 255 1158 1754 11 88 1264 1462 10 81 1274 1482 9 56 1313 1497 25 152 1499 2096 18 129 1706 2237 2 22 2250 2316 27 360 2487 3110 4 26 2545 2613 19 114 2549 2905 22 176 2553 2992 18 165 2603 3022 5 54 2907 3029 14 108 2992 3204 1 6 3030 3045 1 12 3090 3130 1 1 3124 3132 1 4 3198 3214 
22 7 45 62 190 14 58 194 413 23 154 435 932 20 235 596 1035 13 104 883 1204 16 96 1027 1359 20 177 1194 1609 2 10 1374 1422 20 112 1506 2048 8 85 1727 1933 8 166 1756 2147 26 187 2126 2535 30 354 2324 2902 22 117 2418 2797 16 191 2486 2874 3 46 2533 2621 8 74 2540 2669 12 80 2543 2780 10 54 2597 2791 13 82 2768 3114 5 30 2781 2847 8 72 2987 3170 
