10 38
3 127 136 452 800 200 200 1359 1816 25 43 2138 2234 
4 29 84 379 583 155 270 681 1146 77 77 788 1049 137 309 2221 2805 
7 13 13 299 328 114 114 932 1184 43 72 1440 1591 39 39 1514 1604 61 69 1856 2030 83 120 2381 2620 20 20 2647 2702 
3 132 147 2118 2503 101 136 2195 2551 61 85 2338 2481 
4 82 83 1508 1795 144 166 1631 2036 97 160 2133 2464 57 93 2614 2797 
4 54 96 428 607 100 100 734 996 143 152 2557 2949 28 30 2981 3057 
2 163 184 401 844 165 189 1764 2181 
3 173 173 516 1043 178 178 2375 2877 50 50 2916 3037 
4 3 5 92 102 86 86 1505 1714 125 127 1977 2394 62 113 2394 2595 
4 141 159 499 916 156 166 848 1374 97 130 1162 1406 2 2 3060 3066 
