10 62
5 90 180 377 791 9 41 526 601 68 123 1001 1310 112 157 1314 1893 46 127 2222 2462 
5 121 215 985 1519 106 133 1632 1972 181 181 2141 2720 10 23 2487 2563 14 26 2930 3014 
8 73 199 397 827 89 220 540 1068 33 81 2425 2565 86 171 2572 3049 24 37 2613 2710 33 106 2695 2882 5 7 3005 3026 1 1 3096 3101 
6 109 225 312 817 1 3 377 387 62 124 969 1275 8 11 1053 1089 181 305 1737 2296 1 2 3068 3072 
7 15 34 592 662 59 66 1245 1516 86 215 1533 2075 27 115 2368 2547 54 59 2618 2860 93 135 2802 3097 7 17 3012 3054 
10 14 25 30 92 40 69 478 669 50 136 551 807 28 85 932 1129 23 47 1721 1828 21 69 1937 2082 41 107 2157 2399 62 71 2285 2550 11 18 2337 2404 47 98 2719 2963 
3 159 291 71 660 144 207 1026 1527 21 46 2812 2913 
5 110 265 1452 1966 5 12 1510 1536 112 396 1872 2492 52 138 1981 2290 44 96 2104 2324 
7 62 179 447 743 125 161 1928 2397 15 27 1969 2030 80 80 2335 2587 23 29 2372 2458 36 72 2596 2831 6 9 2977 3003 
6 9 12 394 438 92 291 435 1035 53 93 1269 1564 144 225 1409 1958 9 13 1480 1548 59 106 1826 2137 
