10 183
21 67 69 67 707 38 38 175 374 56 78 388 659 5 31 758 861 30 30 962 1101 68 88 1288 1716 137 137 1673 2263 56 56 1697 2014 35 83 1829 2070 58 86 1858 2182 90 107 2015 2436 113 149 2149 2773 75 173 2268 2845 112 139 2323 2794 75 127 2960 3427 38 109 3172 3596 47 61 3376 3601 21 35 3451 3587 21 35 3478 3585 10 10 3579 3619 4 14 3588 3636 
13 87 107 352 905 1 1 624 630 43 43 1015 1240 43 97 1051 1439 155 155 1067 1670 155 155 1175 1676 125 125 1202 1787 163 175 1358 2078 35 80 1724 1994 107 177 1944 2528 56 96 2245 2680 155 155 2549 3213 28 56 3274 3476 
19 96 203 58 705 3 5 395 417 96 119 466 1035 74 101 473 893 30 46 1225 1360 82 132 1441 2133 75 93 1721 2117 131 131 1847 2487 1 1 1876 1884 71 81 2284 2663 88 157 2292 2813 64 110 2315 2698 60 87 2645 3162 89 162 2843 3430 86 152 3036 3473 54 64 3112 3414 25 69 3293 3590 13 31 3491 3610 19 19 3519 3628 
15 49 60 231 425 91 114 524 1086 123 123 609 1228 102 121 1050 1518 131 156 1116 1785 16 30 1159 1274 7 13 1216 1266 111 111 1962 2419 95 137 2021 2577 22 30 2257 2345 93 93 2402 2764 94 144 2420 2903 115 171 2543 3183 74 74 2682 3080 11 13 3334 3397 
21 41 64 30 241 160 240 800 1510 48 67 936 1266 112 112 1080 1759 38 38 1093 1276 107 142 1103 1706 20 39 1163 1299 183 183 1174 1811 19 34 1315 1440 112 157 1579 2087 10 10 1704 1757 19 33 2108 2240 24 44 2325 2476 77 104 2789 3178 20 20 2832 2948 20 33 2948 3040 27 32 3085 3235 58 85 3091 3323 11 23 3260 3338 19 19 3496 3577 25 25 3534 3637 
18 56 64 139 378 4 4 188 212 156 183 1136 1700 136 174 1650 2311 3 14 1748 1803 1 2 1750 1761 100 170 1854 2313 109 146 1879 2487 85 85 1897 2315 66 66 1924 2188 30 37 2019 2150 27 38 2306 2459 39 48 2479 2626 151 266 2534 3177 138 238 2762 3459 16 19 2994 3073 7 7 3484 3518 4 4 3631 3648 
21 3 3 415 427 38 89 575 793 5 8 1008 1033 56 77 1039 1351 64 67 1097 1364 70 137 1374 1720 19 22 1674 1800 88 88 1688 2051 98 181 1790 2388 58 58 1828 2065 5 12 1975 2017 1 1 1988 1993 148 148 2253 2944 153 153 2538 3264 74 165 2889 3410 88 126 3018 3590 65 98 3107 3420 58 58 3125 3392 39 77 3156 3358 7 7 3245 3290 3 4 3508 3526 
19 46 87 35 285 63 63 306 607 6 6 713 740 4 4 754 768 2 2 898 909 93 105 1168 1748 103 104 1362 1802 37 96 1554 2023 22 28 1668 1795 93 97 1780 2177 45 60 2474 2752 112 127 2652 3227 105 138 2816 3390 144 144 2818 3356 38 53 2985 3186 99 99 3119 3595 68 71 3286 3619 31 31 3289 3399 29 29 3514 3612 
24 77 95 484 858 4 4 718 742 64 113 722 1143 79 119 966 1299 114 114 999 1720 54 54 1218 1456 3 3 1606 1624 16 21 1756 1839 89 92 1799 2456 28 41 1903 2027 4 4 1912 1935 90 140 1975 2639 39 41 2046 2219 69 96 2418 2880 155 155 2562 3163 31 31 2576 2711 46 107 2580 2947 110 110 2706 3189 3 5 3289 3308 8 16 3342 3390 2 3 3358 3373 10 20 3498 3601 37 37 3526 3648 15 27 3529 3649 
12 49 49 113 341 98 148 718 1352 169 193 725 1422 135 135 1228 1650 160 160 1240 1831 17 30 1411 1551 64 82 2099 2400 105 165 2426 3072 160 223 2474 3171 64 64 2596 2893 84 84 3199 3512 31 45 3250 3384 
