10 67
7 44 142 934 1259 81 81 1608 1778 163 163 2216 2719 156 156 2444 2832 172 185 2610 3108 19 26 2820 2878 187 265 2887 3402 
6 158 189 14 451 134 275 77 541 48 76 209 392 8 28 1112 1169 215 215 1669 2212 225 225 2909 3399 
7 110 110 518 879 39 39 718 824 162 186 786 1239 113 158 796 1199 195 283 2227 2731 71 71 2567 2751 6 7 3321 3345 
7 114 165 238 578 123 169 1036 1457 114 225 1088 1461 178 198 1550 2081 39 73 2160 2340 28 29 2285 2371 165 181 2617 3037 
6 156 156 533 841 80 145 739 1105 196 196 909 1459 148 148 1877 2251 38 44 2473 2578 199 202 2751 3352 
8 45 45 737 883 63 99 793 962 41 41 807 916 130 209 915 1396 233 233 1278 1960 59 116 1627 1909 122 181 2305 2631 24 38 3198 3321 
8 278 278 824 1296 71 108 899 1118 97 228 1032 1544 127 127 1037 1270 125 132 1842 2117 21 28 1937 2070 2 2 2270 2277 35 37 2411 2505 
5 202 251 288 890 193 240 1613 2035 170 170 1651 2100 224 224 1710 2158 56 56 2339 2464 
6 177 210 277 673 217 217 836 1442 145 175 980 1502 188 188 1984 2510 127 205 2856 3317 5 5 3368 3384 
7 197 197 290 804 221 246 412 969 184 184 1231 1678 31 35 1413 1504 102 102 2891 3222 121 121 3099 3381 8 14 3372 3403 
