15 155
10 57 81 115 349 47 70 288 440 25 35 383 477 1 2 446 452 14 24 531 571 63 63 737 909 63 63 899 1016 91 97 922 1199 65 65 1083 1218 78 78 1283 1495 
10 53 53 393 509 35 42 404 503 30 53 454 559 98 98 489 764 46 58 534 666 55 55 902 1059 53 80 1036 1161 10 10 1186 1214 60 68 1245 1406 47 47 1354 1477 
11 70 70 111 282 4 7 191 205 65 88 213 445 14 15 215 268 143 143 360 650 24 46 518 618 64 97 787 1050 30 40 1181 1291 13 22 1219 1259 58 63 1354 1478 17 33 1398 1473 
10 126 126 24 279 30 30 183 253 67 92 364 611 112 153 441 684 20 34 469 554 48 48 665 775 94 94 775 1013 56 105 1065 1308 6 13 1405 1435 3 4 1496 1505 
12 51 85 294 478 25 47 572 662 44 52 586 711 103 103 616 861 16 30 861 914 17 17 871 910 66 66 1004 1115 20 26 1016 1069 90 126 1122 1417 12 12 1312 1348 17 22 1461 1506 2 2 1492 1498 
12 10 36 273 378 82 97 301 581 48 161 547 827 86 93 554 751 44 44 671 770 14 23 705 740 143 143 758 1022 21 21 781 835 25 26 864 929 8 11 1028 1062 4 5 1211 1226 9 9 1226 1251 
17 96 105 16 241 23 23 209 257 68 79 278 460 94 94 344 567 50 57 403 607 41 41 472 582 16 41 889 983 21 22 991 1044 4 4 1048 1059 26 28 1105 1175 3 5 1217 1229 10 10 1291 1312 10 15 1386 1414 31 31 1394 1478 11 15 1428 1456 18 27 1439 1504 5 6 1475 1489 
12 6 9 233 253 48 48 479 587 45 54 531 674 84 84 590 851 24 27 594 679 79 92 716 898 53 67 1013 1158 19 26 1016 1081 85 85 1211 1422 4 4 1232 1245 28 59 1281 1396 18 38 1390 1479 
8 59 131 68 329 47 105 109 291 92 92 318 565 19 35 652 717 37 127 1151 1429 111 111 1187 1446 113 113 1192 1450 5 5 1484 1498 
9 59 85 190 377 90 90 337 613 93 93 627 878 41 54 829 974 91 104 1254 1454 52 74 1279 1407 42 42 1320 1412 10 10 1427 1451 11 17 1447 1484 
7 63 63 124 231 101 101 461 726 64 80 1015 1214 86 86 1042 1295 105 110 1116 1383 50 89 1217 1418 12 12 1271 1296 
10 60 92 167 392 80 86 840 1099 46 46 881 1027 76 103 955 1147 2 2 1143 1149 71 71 1177 1385 29 59 1224 1348 100 100 1238 1505 16 31 1267 1333 1 2 1476 1487 
7 83 83 256 435 81 81 534 769 120 126 634 928 69 104 999 1203 105 105 1033 1283 20 29 1427 1485 12 12 1461 1489 
11 71 71 93 286 54 54 398 529 31 31 686 793 90 118 752 1020 6 6 841 854 9 9 881 904 75 75 933 1085 27 32 1202 1268 5 9 1219 1241 92 92 1248 1464 14 14 1347 1387 
9 53 53 38 185 81 91 61 270 12 32 84 160 61 61 435 551 130 130 601 893 30 42 956 1060 118 118 1096 1392 13 14 1432 1465 5 5 1457 1473 
