10 157
15 118 180 183 754 165 165 964 1695 121 122 1119 1555 92 149 1292 1924 53 60 2087 2424 142 183 2162 2931 69 167 2208 2715 65 67 2281 2592 49 49 2760 3090 135 135 2827 3508 86 193 2907 3634 37 38 3467 3613 6 15 3560 3625 4 6 3629 3650 2 4 3854 3866 
15 31 36 214 350 28 96 447 984 37 37 1113 1279 28 48 1261 1551 133 133 1310 2026 119 119 1375 1921 117 117 1517 1920 112 127 1612 2181 1 2 2108 2118 174 251 2584 3230 30 40 2826 3038 211 214 2958 3645 12 16 3105 3163 57 76 3196 3537 79 80 3203 3474 
20 196 196 25 752 114 168 199 829 69 93 282 657 135 191 450 1216 4 4 851 877 7 7 1105 1136 38 38 1111 1419 74 74 1118 1349 39 39 1218 1376 34 57 1740 1951 77 77 2013 2395 87 101 2256 2665 10 10 2585 2631 108 118 2874 3389 8 13 2909 2978 30 30 2982 3134 136 151 3137 3784 24 24 3450 3569 7 9 3772 3810 4 6 3804 3826 
15 113 306 131 898 112 112 290 814 2 3 346 358 138 138 460 1161 44 72 960 1239 89 156 1300 1904 101 132 1492 1944 21 43 1651 1799 104 116 1887 2426 78 137 2218 2712 57 77 2649 2916 115 140 2677 3156 104 155 3048 3637 66 76 3244 3576 52 101 3482 3810 
16 96 212 3 579 2 3 423 436 1 1 1093 1097 103 150 1379 2010 112 112 1554 2041 154 158 1689 2365 89 156 2041 2701 38 91 2102 2412 57 57 2188 2419 196 211 2209 2969 107 107 2331 2751 135 135 2385 2950 21 30 2864 2981 22 47 3472 3683 58 126 3492 3823 10 14 3816 3868 
15 80 80 1 228 79 130 68 595 12 12 810 868 100 100 1168 1598 102 102 1192 1575 119 119 1246 1950 39 97 1431 1695 65 137 1597 1961 70 71 1796 2175 153 193 1824 2475 70 70 1997 2276 52 52 2218 2500 135 167 2699 3451 49 49 3556 3762 25 27 3649 3783 
17 37 71 236 460 138 222 610 1374 24 25 1473 1576 190 190 1507 2118 53 53 1638 1813 60 71 2426 2845 22 58 2447 2897 175 263 2573 3346 148 150 2753 3266 140 140 3062 3612 75 75 3305 3619 78 78 3411 3771 39 52 3496 3680 16 31 3648 3732 23 29 3739 3848 21 28 3764 3868 3 4 3830 3851 
17 108 108 464 931 138 138 501 1225 27 36 503 643 46 99 735 1039 3 4 1190 1208 7 7 1559 1596 187 187 1586 2333 128 129 1613 2332 85 147 1788 2345 9 10 1975 2011 99 99 2175 2801 37 45 2351 2520 137 201 2982 3713 78 78 3395 3786 16 20 3551 3638 41 41 3647 3870 1 1 3804 3813 
13 72 115 153 692 139 139 673 1368 40 58 1599 1818 89 89 1609 2160 120 127 2247 2979 66 72 2318 2634 179 179 2718 3358 126 135 2968 3592 3 6 3072 3089 63 99 3215 3599 89 89 3219 3562 124 124 3318 3778 35 42 3438 3667 
14 33 33 712 847 107 148 1000 1638 157 157 1012 1570 35 52 1072 1321 201 201 1205 1910 105 105 1420 1984 161 161 1435 2082 138 199 1807 2528 107 107 2260 2604 63 75 2435 2767 16 31 2626 2713 65 65 2941 3168 67 67 3379 3805 11 22 3764 3843 
