10 105
9 46 46 36 211 111 193 138 723 183 183 873 1530 127 127 1465 2061 38 54 1630 1837 31 31 1691 1905 49 99 2346 2786 68 68 2992 3304 11 11 3337 3393 
10 22 50 1226 1378 114 114 1713 2309 35 35 1824 1937 17 17 1915 1993 17 47 1990 2126 140 140 2141 2677 134 192 2696 3307 185 185 2705 3358 60 96 2863 3273 1 2 3247 3253 
9 152 184 227 863 119 158 378 925 206 206 787 1434 94 94 1826 2187 20 58 2288 2464 70 70 2359 2618 27 64 2366 2558 21 30 3260 3366 1 1 3387 3393 
8 26 30 118 214 143 143 287 783 67 115 605 1068 120 146 1108 1727 21 33 1183 1299 189 189 1293 1902 34 37 2083 2225 52 52 2265 2526 
11 139 139 90 591 24 26 158 266 56 88 603 958 36 59 942 1126 83 83 945 1247 27 44 964 1120 18 21 1183 1256 120 120 1567 2111 25 26 1653 1769 63 74 2613 2989 141 167 2710 3260 
12 20 59 1 191 53 104 304 680 85 147 815 1312 127 127 1424 2048 124 175 2070 2708 18 22 2752 2822 64 100 2933 3246 54 78 2955 3250 21 24 2965 3105 73 73 2977 3374 24 28 2996 3158 39 39 3165 3367 
9 60 60 521 744 102 141 959 1531 68 96 1102 1512 81 131 1551 2124 117 128 1739 2349 59 78 1786 2137 75 75 2294 2616 33 61 2774 3066 47 48 2857 3064 
12 110 189 57 706 39 66 86 271 81 102 488 925 101 101 626 944 16 25 978 1077 86 103 1041 1460 43 43 1618 1804 42 42 1892 2103 55 83 2328 2546 22 22 2596 2691 41 46 2717 2889 1 1 3374 3379 
13 51 78 216 495 15 15 222 292 9 39 1046 1155 32 35 1131 1321 145 198 1237 1876 61 214 1579 2192 66 90 1672 2009 111 111 2304 2655 47 78 2891 3202 28 50 2951 3118 24 27 3063 3170 33 42 3117 3281 18 23 3258 3351 
12 14 33 392 498 19 32 505 617 21 25 822 916 76 76 926 1387 106 176 1019 1636 108 114 1209 1680 105 108 1564 2120 53 59 2011 2270 32 33 2100 2318 93 182 2864 3352 5 5 3349 3366 3 6 3354 3389 
