10 152
16 11 25 204 261 74 152 205 533 69 104 279 571 56 93 333 767 170 345 582 1179 54 98 1103 1367 71 159 1128 1559 62 113 1274 1668 88 190 1613 2129 55 101 2005 2300 62 197 2199 2557 6 8 2627 2671 132 399 2858 3573 77 166 2989 3306 29 40 3004 3117 6 10 3093 3120 
17 36 82 67 313 63 108 307 612 58 104 362 653 74 148 380 795 12 34 446 529 64 174 795 1134 4 12 950 976 12 15 1079 1127 131 168 1832 2279 98 216 1944 2458 146 194 2022 2568 159 207 2200 2862 79 108 2212 2553 75 125 2668 3090 30 80 3195 3366 14 33 3449 3549 4 8 3562 3581 
15 104 325 258 861 141 216 336 882 68 105 461 788 161 161 775 1389 105 200 1117 1661 43 197 1391 1771 48 140 1831 2138 23 50 1840 1953 127 246 2383 2915 146 209 2837 3504 67 103 2978 3310 22 40 3104 3215 2 4 3414 3424 28 42 3500 3616 1 1 3560 3564 
13 101 108 337 911 111 331 347 980 26 38 477 609 116 223 1041 1508 7 13 1093 1135 70 183 1165 1588 103 200 1203 1755 145 190 1348 2009 48 115 1462 1715 121 144 1600 2043 41 59 1964 2116 103 250 2630 3218 19 36 3447 3539 
16 4 10 394 423 65 202 554 997 141 214 716 1245 101 290 875 1464 35 101 1127 1402 210 250 1308 2001 77 160 1572 2085 130 255 1770 2451 70 98 2081 2356 53 122 2381 2747 32 76 2551 2680 15 16 2823 2893 38 119 3084 3268 36 113 3321 3502 16 82 3399 3530 6 10 3572 3603 
9 60 60 236 537 64 99 554 876 102 202 589 951 129 232 1195 1812 88 186 1750 2105 108 213 2056 2538 148 274 2089 2801 147 329 2289 2893 186 239 2731 3417 
23 112 228 201 821 130 197 708 1161 9 14 975 1025 118 288 1156 1691 74 106 1417 1881 68 131 1417 1797 78 159 1544 1914 76 163 1661 1937 1 6 1761 1775 28 91 1978 2158 17 40 2001 2076 3 5 2176 2192 9 23 2180 2237 24 71 2322 2511 100 146 3020 3545 16 54 3148 3305 47 134 3195 3522 12 19 3212 3273 21 73 3244 3388 34 80 3292 3498 30 51 3456 3594 25 52 3492 3589 31 36 3496 3622 
14 5 9 54 78 125 359 277 933 88 147 416 769 114 259 1362 1950 79 176 1466 1765 106 196 1490 2073 119 314 1676 2295 77 199 2005 2504 70 135 2175 2523 97 192 2249 2679 10 46 2805 2902 85 149 2995 3311 47 82 3089 3372 3 9 3238 3261 
15 137 286 100 685 83 91 277 670 90 265 711 1196 22 29 970 1063 105 255 983 1423 85 133 1069 1486 16 16 1492 1572 73 77 1920 2282 36 82 1958 2150 120 216 2336 2807 58 259 2678 3233 40 105 2781 3038 68 205 2859 3443 83 163 3089 3501 21 52 3413 3517 
14 69 209 98 722 1 5 371 382 123 257 436 1078 111 198 924 1457 50 115 930 1159 80 176 1198 1607 24 49 1262 1432 80 207 1470 2149 65 105 1759 2188 43 178 1919 2558 128 237 2232 2743 7 22 2743 2800 192 291 2974 3610 23 67 3407 3524 
