10 74
11 21 99 459 744 42 50 1080 1336 29 39 1281 1502 71 130 1313 1893 44 61 1841 2040 86 110 1940 2460 7 7 2701 2738 18 21 2879 2950 8 13 2886 2936 12 12 2976 3028 7 7 3003 3029 
7 137 164 87 592 7 18 962 1031 3 3 1346 1359 45 80 2150 2559 34 64 2336 2584 27 42 2491 2629 89 126 2577 2959 
11 103 127 197 687 67 67 493 828 31 35 990 1114 5 9 1007 1039 73 108 1508 1825 23 47 2177 2348 12 22 2264 2334 42 43 2475 2684 51 54 2477 2702 4 7 2811 2838 1 1 3032 3038 
7 25 27 618 711 116 146 964 1562 119 119 1323 1852 34 46 2161 2305 3 5 2634 2654 20 39 2858 3004 2 3 2982 3002 
5 52 89 550 823 19 20 2105 2195 77 77 2109 2380 88 156 2408 2924 109 109 2456 3038 
8 10 25 25 119 84 167 181 682 20 34 212 392 16 16 338 404 83 126 796 1183 52 67 1969 2259 19 39 2032 2183 70 70 2370 2766 
9 96 96 148 676 10 10 326 380 1 1 850 856 73 91 1164 1468 53 96 1708 2001 42 69 1863 2095 50 50 2171 2377 4 8 2810 2837 1 2 2994 3003 
4 81 142 449 911 114 144 506 1017 86 86 522 912 80 80 2372 2977 
5 143 144 1315 1822 15 15 1459 1530 109 155 1729 2225 75 124 2494 2972 13 15 2692 2768 
7 43 43 251 457 10 20 417 498 105 105 673 1213 72 72 1118 1416 52 143 1853 2361 28 55 2602 2864 3 4 2871 2895 
