10 211
21 8 58 121 325 21 189 204 644 15 123 257 518 7 181 397 796 25 278 506 1053 6 60 533 649 18 149 581 1002 19 190 661 1177 6 19 808 930 18 203 850 1269 20 98 963 1321 10 60 990 1226 5 53 1253 1340 9 77 1335 1497 5 54 1343 1482 16 135 1376 1671 16 209 1409 1869 13 88 1663 1870 19 230 2544 2963 3 17 2856 2919 2 7 3001 3031 
13 9 48 148 306 22 131 261 801 11 91 444 625 21 128 1163 1562 10 73 1236 1463 18 189 1479 1992 28 162 1604 2040 19 246 2342 2908 27 119 2367 2828 25 259 2387 2794 40 131 2422 2969 33 226 2529 2978 6 52 2853 2940 
15 7 48 170 271 17 240 885 1411 25 213 1400 1921 25 244 1459 1912 25 207 1900 2444 37 323 1904 2444 22 222 2069 2500 35 261 2232 2830 32 166 2296 2830 34 151 2351 2958 5 127 2615 2962 3 22 2828 2891 3 19 2955 3006 1 7 3011 3023 1 4 3019 3027 
19 10 93 189 381 13 200 333 651 33 118 782 1351 15 109 853 1242 19 106 853 1216 17 114 903 1350 21 91 1458 1797 30 157 1538 2038 12 142 1764 2018 6 37 1885 1996 8 61 1949 2111 1 7 2084 2102 14 185 2167 2585 13 105 2461 2700 7 58 2578 2704 16 62 2657 2933 20 88 2692 3012 5 43 2802 2889 1 9 2983 3000 
24 19 184 158 556 15 119 183 554 12 114 237 459 1 9 263 297 15 199 380 829 1 6 607 622 4 22 808 889 11 151 850 1150 26 190 879 1317 4 26 931 1003 1 13 932 964 6 23 970 1065 1 5 1452 1464 15 169 1452 1889 18 146 1591 1949 20 118 1747 2195 13 115 1879 2216 30 161 1926 2366 13 61 1964 2227 19 169 2122 2655 1 13 2237 2269 13 71 2392 2676 6 49 2922 3015 1 1 3035 3038 
23 32 62 105 553 19 157 201 586 1 10 423 449 2 49 761 856 8 40 865 1010 7 86 918 1126 2 23 1115 1178 6 76 1233 1402 2 15 1390 1428 24 158 1477 1870 17 168 1502 1802 9 88 1506 1734 1 11 1875 1893 20 86 2206 2450 10 184 2257 2557 9 39 2272 2485 14 162 2322 2667 27 177 2398 2947 3 30 2458 2541 11 121 2474 2771 10 72 2496 2673 21 193 2570 3017 6 99 2617 2844 
30 7 50 25 157 9 75 130 317 7 66 173 338 3 38 565 651 14 116 784 1216 9 69 822 965 2 28 846 907 18 215 922 1257 1 3 1083 1094 12 74 1178 1447 15 134 1206 1512 14 69 1279 1479 6 37 1292 1409 10 102 1363 1588 1 20 1830 1885 29 203 2040 2551 12 100 2090 2301 1 4 2176 2200 16 39 2234 2539 26 190 2242 2661 1 9 2407 2433 6 15 2411 2480 3 37 2499 2594 18 162 2500 3006 1 2 2569 2575 14 120 2667 2994 6 72 2784 2960 6 64 2865 3025 1 7 2981 3014 1 9 2985 3014 
22 9 78 95 287 18 150 176 495 7 76 225 384 15 115 338 622 9 71 636 869 8 62 648 854 21 120 718 1011 14 101 991 1213 7 186 1014 1315 13 106 1051 1339 16 105 1145 1393 5 53 1353 1478 24 257 1497 2049 17 177 1666 2132 7 54 1709 1880 1 6 1742 1759 9 82 1849 2347 26 144 2049 2394 14 151 2083 2477 16 43 2306 2578 5 63 2703 2822 3 35 2890 2962 
26 7 51 28 144 17 287 224 695 13 164 667 1001 27 171 875 1305 4 79 1150 1332 6 64 1176 1311 26 214 1340 1858 1 3 1352 1367 11 113 1485 1688 16 74 1554 1840 10 58 1593 1758 1 1 1602 1608 10 83 1732 1867 17 165 1809 2372 8 79 1814 1975 8 50 1815 2023 19 186 2024 2383 5 54 2175 2350 17 101 2278 2534 14 215 2300 2736 19 149 2335 2618 9 69 2486 2650 1 24 2738 2790 1 1 2976 2979 1 5 2984 3014 1 9 2994 3013 
18 9 152 147 574 23 167 193 615 14 88 195 514 8 114 376 588 22 165 526 905 20 123 791 1120 9 104 862 1031 11 127 944 1198 16 96 1079 1422 29 175 1109 1644 21 282 1238 1783 16 80 1723 1979 7 43 2099 2259 13 128 2168 2397 7 108 2286 2522 28 218 2297 2727 8 61 2579 2731 1 7 2692 2706 
