10 164
16 52 53 117 406 56 99 232 547 106 277 1071 1693 175 406 1269 1992 80 178 1501 2000 93 149 1593 2004 152 260 1719 2340 108 143 1828 2300 63 86 2125 2402 124 398 2362 3076 50 120 2498 2791 68 104 2968 3341 36 102 2969 3202 28 80 3188 3410 8 28 3343 3389 1 4 3586 3595 
20 12 34 19 113 6 45 24 125 58 143 188 608 66 197 470 913 120 346 515 1131 79 95 1026 1448 165 165 1262 1879 28 49 1388 1550 88 208 1493 1920 1 5 1496 1505 104 104 1540 2022 78 278 1567 2210 83 148 1679 2046 51 94 1965 2196 45 56 2039 2245 133 404 2437 3096 22 92 2671 2853 30 42 3341 3473 8 16 3370 3414 1 1 3672 3675 
18 71 120 52 315 46 82 128 340 78 217 811 1277 78 121 1458 1857 69 69 1459 1749 96 142 1587 2026 56 135 1737 2014 125 265 1975 2438 76 279 2300 2892 93 184 2431 2962 65 132 2442 2818 35 117 2675 2903 63 117 2783 3150 56 134 2826 3163 51 146 3095 3442 38 108 3151 3367 36 70 3304 3433 14 20 3601 3676 
18 53 63 190 430 80 80 195 465 59 130 197 515 13 37 733 819 157 201 782 1454 101 201 1059 1559 95 284 1324 1863 15 58 1679 1786 96 115 1798 2114 95 148 1977 2416 40 120 2278 2534 104 261 2667 3352 22 80 2852 3028 25 148 2863 3161 52 95 3040 3421 45 86 3112 3294 45 95 3179 3467 35 70 3429 3616 
16 83 244 313 751 190 284 318 1021 118 327 429 990 69 296 625 1288 99 299 672 1260 55 105 784 1073 109 197 821 1551 89 201 932 1444 57 112 1487 1761 42 132 1598 1936 9 28 1666 1720 19 38 1967 2134 92 96 1994 2373 40 116 2061 2356 63 119 3112 3405 5 12 3624 3652 
18 103 232 118 752 59 69 605 824 12 15 713 769 164 164 906 1518 30 87 929 1094 22 49 1085 1205 157 250 1519 2160 22 26 1537 1680 146 180 1588 2322 8 17 1629 1670 107 243 1765 2462 97 329 1906 2551 19 56 2217 2322 90 225 2650 3141 82 275 2666 3162 19 34 3079 3241 17 34 3411 3498 19 44 3511 3592 
13 82 157 201 661 123 123 282 761 141 259 547 1177 113 209 953 1506 2 4 1060 1072 6 13 1281 1315 144 212 1645 2212 36 51 1961 2201 102 215 2098 2606 54 217 2214 2794 101 234 2642 3307 211 330 2722 3454 29 98 2739 2970 
17 130 254 38 633 49 65 123 380 75 199 468 805 56 67 1097 1344 74 249 1321 1858 68 216 1358 1779 86 336 1477 2191 32 66 1591 1737 136 284 1743 2476 72 163 2390 2788 10 27 2537 2589 85 133 2814 3199 184 211 2910 3590 6 22 3369 3412 11 23 3427 3482 27 38 3433 3535 2 5 3617 3628 
14 23 28 20 140 145 370 729 1349 109 163 808 1286 49 49 1344 1594 98 185 1602 2144 106 216 1868 2343 29 37 1926 2042 61 131 2035 2315 23 40 2290 2416 115 257 2556 3100 112 112 3088 3632 66 164 3118 3586 83 143 3122 3519 96 143 3225 3549 
14 58 75 55 274 40 114 275 521 104 223 325 1018 105 176 446 1025 59 105 981 1280 78 172 1166 1568 70 165 1270 1900 25 44 1296 1390 123 226 1942 2561 116 230 2312 2747 169 260 2363 3030 52 105 2837 3163 94 94 3166 3518 16 20 3401 3461 
