10 223
22 31 230 260 824 5 53 266 392 3 30 267 349 27 197 348 840 1 6 363 384 23 128 594 1150 1 2 614 621 7 42 631 770 17 65 706 1017 4 71 744 902 31 242 830 1383 5 47 848 1008 25 113 957 1302 39 165 1230 1750 27 124 1247 1777 15 104 1309 1620 4 22 1677 1767 6 83 2071 2248 6 71 2378 2510 25 256 2511 2913 9 88 2608 2811 1 11 3056 3087 
18 16 108 14 300 13 169 217 497 37 228 337 954 1 11 524 560 19 143 893 1208 16 213 1052 1556 28 319 1096 1709 6 43 1383 1533 19 124 1404 1803 18 135 1602 1978 23 119 1605 2010 6 172 2133 2426 16 81 2156 2454 30 272 2337 2900 17 175 2536 2899 12 84 2555 2799 16 135 2594 2909 11 60 2826 3040 
23 14 158 43 408 30 148 164 607 24 231 579 1154 23 300 665 1153 31 157 968 1424 15 93 1343 1573 3 52 1351 1529 21 244 1538 2057 16 179 1591 2025 6 39 1676 1773 16 254 1781 2326 20 199 1795 2161 19 224 2002 2417 21 175 2068 2489 2 18 2282 2332 14 195 2389 2797 13 84 2532 2750 11 119 2691 3016 1 5 2715 2728 16 89 2833 3075 3 28 2972 3028 4 34 3009 3083 1 15 3014 3056 
26 10 185 354 742 17 150 358 661 10 89 407 595 17 101 427 759 24 146 449 860 15 108 499 740 4 50 555 648 15 100 676 911 7 76 742 896 5 38 814 922 1 8 905 922 14 123 1521 1804 21 174 1545 2105 9 107 1577 1786 25 163 1889 2354 36 260 1931 2459 19 204 2129 2659 30 163 2180 2754 3 56 2322 2428 19 133 2510 2899 1 2 2608 2614 2 17 2645 2686 7 131 2739 2944 4 45 2831 2941 4 31 2869 2994 1 16 2971 3005 
19 4 25 18 94 29 158 35 551 22 304 50 622 8 62 131 285 5 54 458 595 29 192 627 1191 19 220 865 1252 14 169 1448 1756 12 134 1455 1785 24 126 1577 2111 13 130 1880 2160 11 190 2046 2425 1 13 2292 2326 30 259 2434 3031 30 147 2443 2931 18 208 2508 2988 21 187 2558 3005 13 107 2622 2834 10 73 2649 2827 
22 4 37 357 476 13 127 514 746 25 204 515 1061 19 99 582 865 5 37 728 811 20 75 804 1093 6 56 1248 1394 13 110 1438 1719 24 164 1503 1886 16 147 1538 1846 5 43 1790 1956 10 125 1882 2117 30 126 1974 2477 5 62 2274 2418 3 20 2347 2393 37 149 2354 2916 24 196 2368 2833 19 188 2372 2827 20 116 2456 3070 4 48 2528 2666 7 83 2882 3063 1 2 2948 2958 
22 19 195 77 532 18 235 274 643 15 215 576 976 12 96 605 886 21 132 616 976 17 112 630 885 30 317 778 1393 5 21 867 948 23 269 870 1375 14 113 1062 1287 4 45 1067 1172 16 162 1343 1677 16 81 1432 1746 3 53 1800 1911 20 339 1934 2527 16 165 1940 2230 23 214 1960 2549 1 12 2046 2073 10 98 2061 2356 6 52 2359 2485 18 139 2439 2800 13 151 2634 3043 
22 14 80 10 330 14 129 53 401 19 117 458 981 22 158 692 1092 7 50 858 988 11 92 948 1194 1 13 1007 1038 23 145 1069 1464 25 182 1142 1582 20 149 1513 1930 2 16 1544 1610 6 31 1913 2027 36 261 2318 2788 16 106 2345 2801 37 192 2348 2842 22 152 2401 2848 2 20 2436 2492 12 144 2481 2876 16 155 2485 2904 2 9 2661 2697 8 35 2786 2941 1 14 3052 3087 
23 28 232 152 699 1 14 556 587 16 135 576 919 26 300 806 1400 13 64 838 1048 13 235 847 1247 28 298 874 1436 23 133 974 1318 16 128 1148 1521 16 104 1294 1635 26 212 1607 2192 3 23 1672 1718 26 166 1843 2244 14 185 2019 2395 26 257 2373 2976 13 164 2396 2930 6 37 2425 2534 7 74 2647 2806 1 12 2979 3008 4 25 3025 3087 2 22 3035 3085 1 2 3044 3048 1 18 3053 3084 
26 11 100 53 392 3 19 210 263 17 69 499 873 29 248 659 1213 22 193 738 1138 33 85 863 1368 5 65 868 1042 15 187 973 1313 3 21 1026 1072 3 38 1407 1513 25 203 1540 2031 12 101 1566 1829 3 62 1590 1737 22 169 1598 1949 9 69 1628 1839 26 228 1640 2008 16 114 1814 2089 24 142 2071 2511 14 116 2416 2758 8 59 2594 2777 1 17 2656 2701 7 42 2720 2830 1 38 2798 2868 1 1 2807 2810 2 23 2863 2915 8 47 2935 3070 
