10 71
6 362 423 644 1316 148 172 1418 1914 68 190 1645 2245 55 60 1685 1832 93 110 2516 2711 24 33 3322 3405 
11 38 92 382 600 104 190 518 872 4 4 614 629 85 97 761 1048 18 46 910 993 2 2 2055 2063 218 218 2061 2585 102 163 2277 2586 76 78 2431 2637 21 21 2936 2975 120 120 3063 3324 
7 315 315 13 682 32 57 1513 1642 88 159 2029 2263 232 232 2271 2886 202 281 2785 3359 20 20 3205 3249 16 32 3388 3450 
7 26 26 1000 1064 138 283 1362 1967 170 186 1582 1945 57 187 2227 2614 101 156 2283 2556 185 191 2863 3376 48 48 3236 3356 
10 161 177 319 686 7 7 508 528 143 164 745 1279 16 20 1181 1219 77 77 1341 1503 25 28 1529 1603 66 145 1728 2105 37 50 1822 1977 139 265 2843 3464 107 107 3017 3348 
5 13 15 195 248 99 132 207 422 131 192 328 801 191 277 1321 1855 304 304 1797 2417 
5 98 147 485 805 174 266 1092 1659 71 71 1406 1592 250 327 2537 3205 225 339 2694 3343 
8 91 126 468 708 80 157 754 1087 144 144 1015 1422 190 308 1212 1889 94 97 2090 2431 149 286 2412 3058 53 82 2777 2967 16 18 3194 3237 
6 167 167 390 835 179 190 1017 1563 29 49 1454 1594 142 142 2129 2528 292 354 2784 3439 68 143 3076 3369 
6 83 106 420 700 73 79 693 942 212 358 1193 1803 76 76 2176 2346 253 253 2453 2930 80 80 3108 3317 
