10 162
14 24 33 273 408 86 204 317 708 171 315 453 1142 64 103 1005 1467 4 6 1343 1360 22 31 1352 1471 46 136 1519 1898 96 304 1685 2304 46 119 2211 2487 100 292 2708 3270 123 241 2935 3546 164 166 2972 3641 96 156 3020 3415 10 13 3600 3640 
14 14 16 130 211 83 248 813 1353 107 177 864 1479 53 115 865 1135 36 77 1024 1289 1 5 1183 1193 134 283 1738 2316 142 346 1916 2518 142 258 1931 2641 45 124 1968 2186 200 352 2316 3009 30 51 2474 2656 41 53 2656 2838 2 5 2812 2826 
20 15 48 71 165 146 218 549 1153 62 167 790 1267 21 61 1420 1617 33 70 1520 1677 42 67 1571 1768 109 232 1678 2106 4 4 1714 1728 71 175 1944 2337 54 123 2131 2397 59 97 2323 2632 144 316 2501 3151 33 33 2551 2686 136 209 2910 3363 22 45 3279 3375 15 58 3379 3578 1 3 3401 3410 29 63 3405 3585 11 15 3475 3523 7 7 3598 3624 
21 113 232 108 633 72 142 199 490 37 90 218 454 2 9 411 438 22 39 600 695 68 96 611 934 64 82 1170 1366 71 145 1235 1541 53 117 1269 1519 39 108 1315 1530 76 173 1480 1867 64 167 1645 2113 60 114 1736 1969 104 106 1922 2432 46 108 1985 2208 22 29 2233 2339 28 85 2285 2445 73 103 2645 3025 10 22 2849 2927 8 9 2936 2974 1 1 3610 3613 
17 73 277 436 1001 72 224 610 1179 8 11 633 684 21 47 809 921 90 263 1015 1620 56 61 1195 1360 80 108 1329 1662 22 117 1473 1702 94 245 1565 2070 65 140 1602 1867 73 188 1660 2239 74 88 1666 1979 102 187 1752 2259 35 63 2561 2713 104 412 2731 3430 11 25 3082 3132 37 37 3493 3623 
13 10 22 350 399 142 307 659 1331 76 213 773 1238 54 54 1019 1331 67 127 1042 1310 187 324 1128 1790 98 100 1201 1728 13 29 1659 1756 183 199 1794 2518 52 64 2464 2683 55 101 2833 3062 44 98 2969 3144 47 80 3022 3301 
20 23 72 238 377 19 59 319 514 60 106 394 694 42 77 427 612 26 70 608 744 63 87 731 1040 10 22 833 884 167 178 922 1545 117 180 1320 1935 6 32 1350 1423 2 6 1366 1377 107 208 1381 1950 12 33 1857 1929 149 157 2026 2689 53 101 2229 2536 110 361 2355 3083 4 9 2397 2419 17 51 2671 2822 23 23 3317 3433 32 32 3426 3613 
13 128 286 316 955 141 175 459 889 106 311 887 1449 58 164 1162 1518 131 147 1490 2028 17 68 1499 1634 14 33 1684 1766 37 85 1881 2047 38 54 2065 2289 138 139 2255 2789 97 122 2543 3086 133 209 2578 3210 16 24 3542 3623 
18 32 65 235 467 67 307 454 1173 209 235 523 1223 86 103 665 952 59 178 788 1263 94 134 956 1426 128 266 1030 1701 133 149 1350 1807 29 44 1923 2120 50 82 2303 2549 64 93 2312 2619 69 99 2545 2815 47 47 2796 3049 4 11 3207 3232 8 16 3243 3294 11 33 3395 3472 25 46 3412 3520 2 8 3630 3649 
12 11 17 346 388 148 351 390 1056 86 105 754 1132 39 47 829 1049 136 247 1274 1843 141 245 1381 1881 79 143 2168 2503 218 390 2274 2962 77 166 2458 2870 69 115 2820 3126 19 50 2869 2978 45 65 3279 3472 
