10 111
13 106 226 82 610 156 156 88 449 175 301 233 873 91 277 443 938 5 7 1686 1702 217 217 1814 2420 93 93 1885 2068 36 52 1991 2122 26 42 2609 2727 186 220 2618 3306 152 227 2802 3171 29 38 3266 3347 29 88 3377 3677 
8 176 235 118 791 166 168 227 535 4 5 1158 1170 61 102 1717 1893 183 259 2421 2989 395 395 2452 3117 158 166 2864 3588 92 108 3349 3568 
11 368 368 888 1600 83 168 1266 1524 135 174 1969 2305 59 179 2420 2730 192 212 2477 2871 19 38 2852 2935 51 51 3000 3119 104 104 3068 3272 117 130 3207 3495 18 24 3271 3325 12 15 3627 3659 
11 101 101 191 416 92 113 212 514 98 208 576 1201 78 125 791 1048 210 412 1503 2221 9 9 1765 1795 202 220 2003 2520 218 218 2342 2832 162 162 2774 3074 22 22 2850 2893 16 24 3044 3097 
8 86 127 197 467 240 240 642 1218 80 240 896 1366 77 208 1133 1487 199 251 1318 1896 148 148 2099 2458 263 263 2324 2938 133 145 2760 3090 
8 82 98 32 271 214 214 1396 1919 52 98 1654 1860 59 65 1703 1877 227 227 1895 2403 227 441 2163 2870 160 204 2365 2814 211 305 2648 3378 
10 279 279 89 667 25 27 420 498 205 306 785 1309 171 171 1667 2068 57 83 2283 2555 267 341 2362 3088 96 96 2994 3228 29 47 3213 3330 90 98 3244 3656 5 6 3532 3549 
11 208 342 65 752 135 135 147 487 16 16 766 803 205 262 843 1543 49 49 1269 1411 163 317 2308 3007 76 76 2754 2913 233 263 2892 3573 33 33 3349 3427 125 125 3356 3637 30 30 3518 3595 
13 87 87 586 867 56 69 710 923 128 129 1144 1447 251 251 1646 2179 99 99 1713 1987 166 237 1969 2565 25 25 1993 2070 70 74 2680 2845 51 116 3128 3336 130 179 3244 3623 129 142 3355 3656 43 74 3419 3567 6 12 3629 3662 
18 28 33 7 82 50 116 212 488 170 170 692 1055 64 64 804 957 187 291 875 1558 12 14 1128 1188 39 39 1239 1328 18 26 1675 1730 80 167 1760 2084 17 24 1769 1821 2 3 2123 2132 86 137 2647 2894 80 120 2684 2928 256 256 2791 3382 27 61 2965 3082 35 57 3408 3508 64 64 3440 3622 5 14 3600 3630 
