10 102
9 80 109 189 611 5 6 524 550 44 71 1431 1698 154 154 1705 2195 23 26 1718 1829 65 65 1992 2226 104 104 2319 2842 94 94 2918 3300 50 50 3050 3247 
8 84 126 462 904 42 42 466 620 178 178 746 1354 95 147 758 1230 177 177 1249 1860 11 25 1389 1462 37 37 1451 1602 11 18 1689 1740 
12 48 55 2 233 90 110 424 832 26 43 866 1125 117 128 1008 1672 19 24 1131 1219 41 66 1363 1574 83 83 1453 1772 118 154 1985 2506 6 7 2107 2141 27 47 2294 2453 55 73 2526 2856 31 34 3072 3206 
9 28 88 134 438 50 54 525 717 37 40 787 942 172 172 807 1368 97 145 854 1420 43 65 1246 1493 81 110 1661 2052 77 102 2564 3035 34 34 3209 3372 
12 91 91 142 590 48 103 360 662 57 57 366 726 102 117 984 1462 11 26 2041 2123 1 3 2569 2577 71 103 2709 3088 132 132 2765 3346 2 2 2955 2967 57 57 2986 3221 86 86 3028 3340 10 15 3217 3289 
11 16 20 762 844 19 20 874 987 63 125 963 1357 11 26 1963 2038 78 138 2012 2529 41 43 2084 2277 72 75 2219 2524 136 136 2897 3389 76 110 2908 3294 95 95 2919 3309 1 2 3229 3238 
9 71 105 320 756 56 56 671 879 153 153 711 1384 56 82 1229 1543 85 87 2054 2462 38 38 2473 2605 98 115 2955 3381 54 81 3061 3344 17 22 3265 3353 
11 88 101 167 483 54 61 1001 1311 79 169 1910 2541 82 103 2207 2549 33 46 2358 2510 142 142 2619 3164 15 25 2724 2809 62 62 2733 3034 66 111 2964 3337 2 3 3178 3193 6 16 3309 3404 
11 71 124 186 597 136 136 272 810 94 94 482 937 100 126 792 1341 17 30 951 1099 86 86 1071 1431 66 66 1285 1683 68 94 2390 2781 57 57 3034 3282 25 32 3206 3313 12 18 3324 3393 
10 130 162 115 791 38 71 640 952 50 50 1241 1512 42 42 2019 2265 73 94 2075 2418 28 41 2256 2414 88 96 2269 2690 25 34 2516 2652 95 95 2551 2969 102 102 2839 3298 
