10 244
26 5 19 141 209 18 100 167 433 7 61 286 452 24 247 363 824 27 201 591 985 35 209 712 1290 5 25 826 942 24 291 877 1465 10 91 948 1151 10 81 1114 1284 8 77 1132 1286 1 16 1187 1223 22 207 1342 1923 2 18 1401 1445 2 35 1424 1502 23 283 1473 2064 20 250 1723 2274 10 203 1815 2212 2 17 1817 1863 4 52 1864 2059 14 209 1894 2284 24 197 1937 2546 14 92 2214 2497 15 85 2221 2538 13 85 2593 2938 3 39 2744 2848 
27 13 125 66 369 21 153 107 601 16 107 727 1002 20 193 975 1427 10 43 1068 1244 25 145 1122 1564 30 206 1323 1875 17 120 1348 1704 3 29 1355 1425 18 174 1411 1831 15 114 1453 1700 6 58 1472 1598 5 70 1498 1632 35 130 1649 2137 4 53 1722 1833 7 73 1745 1917 13 57 1799 2027 6 74 1822 1957 30 241 2378 2914 1 13 2628 2662 8 37 2671 2829 1 14 2815 2848 2 30 2834 2903 10 47 2861 3017 2 24 2946 3003 1 1 2949 2953 1 4 3074 3089 
25 20 135 188 529 15 123 299 601 12 140 473 797 31 222 494 1092 6 43 522 656 11 201 523 913 7 38 866 1000 5 86 1205 1369 14 114 1229 1602 25 314 1379 1905 21 101 1612 1957 30 154 1787 2390 23 191 2079 2472 6 51 2156 2275 8 58 2226 2377 13 68 2444 2646 11 61 2451 2712 30 217 2487 3068 6 61 2540 2652 1 2 2599 2607 12 72 2678 2867 5 44 2801 2913 7 81 2806 2993 6 49 2924 3062 1 2 2961 2966 
23 23 190 128 711 23 166 416 964 13 112 506 829 26 266 548 1055 9 133 754 1070 9 107 884 1174 9 114 964 1152 16 110 1140 1518 14 154 1159 1535 17 149 1289 1618 15 187 1427 1833 7 59 1436 1595 21 114 1489 1797 7 66 1532 1649 7 62 1659 1784 29 314 1995 2561 15 62 2059 2292 27 155 2295 2717 20 128 2309 2658 11 187 2524 2949 6 43 2562 2673 4 42 2793 2869 1 1 3108 3111 
25 19 220 421 858 15 51 423 627 17 93 828 1150 18 176 971 1387 17 91 1083 1401 4 68 1141 1331 6 67 1167 1392 22 166 1350 1760 22 138 1372 1880 22 302 1442 2055 18 82 1523 1779 14 110 1557 1799 26 244 1881 2372 14 78 1952 2287 7 98 2105 2396 7 35 2282 2383 21 81 2405 2779 4 39 2477 2574 2 25 2499 2568 14 89 2558 2799 15 59 2584 2821 17 98 2746 3006 1 7 2781 2801 5 39 2806 2922 1 1 3092 3100 
18 20 141 154 477 27 245 407 872 37 200 437 1014 3 27 622 688 13 97 786 1045 12 99 1153 1379 20 158 1177 1564 6 77 1188 1321 29 156 1207 1711 27 166 1379 1904 25 214 1389 1863 29 173 1716 2245 6 134 2119 2398 24 246 2171 2594 15 166 2300 2710 28 193 2459 2881 1 9 2625 2651 1 1 3104 3109 
20 9 86 144 367 31 278 313 888 13 98 456 774 10 146 674 1184 25 201 814 1373 21 114 861 1312 1 10 1112 1139 22 259 1178 1662 20 168 1336 1746 3 29 1556 1606 23 169 1651 2139 9 145 1779 2109 28 181 1814 2360 31 265 1829 2445 1 18 2232 2277 12 157 2338 2696 35 232 2348 2854 20 147 2596 2926 14 128 2605 2869 10 121 2794 3046 
23 26 263 17 558 9 53 164 328 9 73 225 378 34 262 282 852 17 77 376 680 13 179 383 749 6 35 599 700 1 20 834 870 25 162 906 1369 23 181 1380 1714 28 176 1579 2037 21 93 1789 2135 18 73 2322 2583 7 171 2405 2808 7 99 2446 2624 7 102 2523 2728 27 192 2537 3016 3 32 2599 2702 7 55 2658 2866 19 142 2691 3060 3 26 2819 2923 10 74 2879 3018 1 7 3049 3072 
26 25 113 172 630 1 4 382 397 25 232 454 1024 17 183 480 786 1 2 482 486 2 41 796 893 34 256 810 1358 30 174 932 1419 9 85 942 1172 22 207 1053 1558 9 28 1113 1267 7 57 1175 1321 7 53 1220 1325 2 8 1375 1416 16 135 1479 1839 8 92 1690 1895 19 173 1710 2081 9 100 1799 1967 25 277 1833 2426 11 79 2267 2502 11 273 2331 2839 19 186 2454 2798 1 17 2855 2883 10 51 2919 3094 1 4 2920 2931 1 1 3035 3039 
31 29 190 64 653 8 52 102 293 14 126 152 464 7 45 184 322 13 184 238 611 18 231 314 816 17 120 362 665 5 70 500 647 22 153 734 1303 14 47 800 1083 20 218 874 1371 1 10 888 911 13 64 1159 1475 40 253 1165 1775 7 128 1239 1448 1 16 1507 1564 12 101 1913 2259 16 253 1915 2323 7 136 1968 2241 2 99 2093 2291 10 133 2340 2697 8 52 2428 2565 4 37 2430 2560 13 82 2443 2713 4 41 2569 2654 5 36 2823 2948 3 28 2876 2944 5 48 3000 3093 1 2 3030 3036 1 1 3101 3104 1 1 3104 3107 
