10 102
10 299 299 76 789 200 200 127 544 89 108 280 516 37 37 420 498 192 301 735 1158 13 19 1208 1261 192 279 1680 2379 188 209 1902 2466 11 11 2739 2763 2 3 3560 3568 
14 216 216 136 666 141 153 767 1230 33 41 918 1005 116 116 1932 2166 75 216 1955 2334 162 162 2297 2820 9 25 2324 2383 33 53 2486 2600 138 177 2608 2981 7 7 2799 2823 193 290 2859 3468 120 204 2865 3354 122 140 2944 3282 35 36 3597 3699 
13 212 372 134 881 55 121 431 653 41 69 450 588 24 24 582 638 153 199 606 1118 69 117 683 933 55 56 690 839 35 35 1499 1579 373 373 1775 2533 194 194 2085 2544 81 82 3494 3684 52 81 3517 3698 36 41 3694 3796 
10 61 84 687 883 178 275 844 1573 217 217 853 1323 116 139 1898 2283 183 301 2439 3046 224 252 2549 3017 207 215 2642 3143 13 16 3350 3385 63 89 3426 3620 57 66 3459 3623 
7 386 386 668 1378 255 255 1379 2014 156 180 1406 1891 142 223 1923 2342 192 216 1936 2617 39 39 3262 3356 36 36 3413 3515 
10 269 269 17 660 88 88 65 331 227 255 250 901 243 283 1618 2290 9 11 2013 2041 203 230 2456 3036 122 129 2489 2813 6 15 2643 2668 45 73 3295 3484 39 44 3602 3712 
6 284 284 286 1021 143 210 954 1584 86 86 1295 1526 178 178 1921 2407 224 224 2709 3149 275 290 3051 3718 
10 129 212 145 491 163 183 844 1222 195 253 1379 2022 148 148 1387 1979 30 30 1977 2052 137 137 2029 2380 196 299 2233 2857 267 267 2468 3228 49 121 3046 3319 1 1 3058 3063 
11 59 146 651 987 81 100 949 1206 25 46 1149 1270 134 184 2176 2535 260 260 2402 3049 249 249 2455 3020 146 286 2663 3233 144 191 3187 3619 43 43 3357 3473 40 43 3474 3576 88 88 3481 3715 
11 53 59 184 331 128 128 475 761 101 101 477 699 39 75 674 858 229 229 887 1352 156 156 1419 1835 360 360 1427 2013 88 88 1938 2134 50 53 2135 2258 14 14 2371 2408 190 214 3237 3727 
