10 59
8 40 89 549 728 48 71 1231 1402 16 113 1383 1639 123 152 1960 2426 80 153 2179 2704 18 52 2375 2486 31 60 2912 3047 4 22 2966 3022 
11 40 86 584 798 50 247 702 1183 141 174 835 1352 81 258 898 1497 13 23 909 982 2 6 1116 1131 9 23 1145 1208 20 22 1656 1753 9 34 2773 2830 22 35 2853 2976 13 15 2895 2942 
6 3 5 308 325 58 118 700 980 63 193 1326 1753 56 105 1442 1660 69 188 1915 2487 89 103 2454 2997 
5 76 183 17 379 58 171 659 1044 61 124 765 1128 96 195 1122 1498 26 108 1718 1976 
4 91 136 234 543 106 238 322 916 87 163 1364 1830 20 62 1701 1868 
3 147 147 240 829 81 183 774 1101 83 152 1148 1543 
4 123 155 490 1010 22 42 632 714 98 193 984 1414 50 121 1590 1882 
5 149 180 1360 1944 81 188 2065 2587 70 125 2143 2423 29 49 2312 2453 14 23 2901 2956 
8 34 52 892 1078 108 116 1212 1606 56 59 1678 1874 25 127 1951 2222 31 31 1973 2111 9 41 2251 2338 19 51 2664 2743 4 12 3007 3034 
5 54 63 97 349 73 140 1873 2193 44 142 1963 2251 117 131 2007 2509 36 141 2832 3032 
