10 155
13 135 217 234 808 121 206 748 1245 51 137 837 1248 119 192 1149 1764 35 68 2099 2282 55 135 2178 2400 130 130 2234 2719 35 70 2320 2538 45 180 2385 2721 81 278 2522 3085 29 89 2798 2954 64 138 3038 3568 56 192 3255 3542 
14 127 127 77 634 26 38 475 587 111 237 584 1004 12 37 651 753 65 158 760 1035 157 279 1382 2011 134 197 2060 2661 76 342 2086 2773 67 74 2346 2606 46 71 2367 2592 4 16 3090 3126 31 68 3118 3242 93 157 3157 3519 10 13 3274 3324 
14 90 157 275 643 120 255 518 1170 55 133 699 964 51 130 1042 1367 135 135 1068 1605 6 17 1091 1142 62 204 1563 2115 47 47 1636 1861 91 122 1875 2330 86 279 2243 2954 12 40 2265 2384 80 176 2334 2849 79 213 2995 3548 34 98 3288 3555 
16 41 89 437 725 55 177 564 941 72 137 787 1233 61 111 832 1072 172 323 905 1611 119 251 919 1525 36 59 1137 1267 14 37 1481 1572 11 15 1552 1616 113 376 1622 2294 16 34 1694 1768 72 133 1853 2214 113 133 2223 2619 44 44 2650 2796 5 6 2851 2872 21 27 3224 3289 
17 140 391 32 669 55 97 292 498 62 153 566 898 14 64 579 691 85 214 1492 2022 104 236 1591 2082 14 26 1742 1808 167 258 1815 2417 135 223 1927 2493 71 86 2057 2340 35 64 2644 2803 5 17 2921 2955 2 5 2957 2970 85 215 3053 3500 32 32 3203 3353 24 94 3361 3538 1 1 3585 3588 
15 39 78 319 558 20 28 452 540 114 265 1219 1855 73 204 1352 1704 15 32 1734 1790 100 225 1828 2291 148 270 1896 2586 68 229 2296 2861 28 46 2359 2523 112 195 2396 2864 35 38 2512 2655 40 45 2539 2737 93 178 2726 3130 7 9 2750 2779 69 155 3135 3466 
19 84 93 76 398 47 155 149 499 3 4 200 214 90 372 223 883 62 96 289 483 2 7 526 549 68 184 817 1181 9 25 1259 1366 166 270 1398 1962 67 71 1800 2134 48 96 1985 2335 51 235 2208 2686 22 52 2359 2465 114 238 2933 3513 72 84 3217 3513 23 45 3299 3421 2 4 3318 3337 15 41 3428 3514 1 1 3465 3468 
14 41 55 118 334 12 30 334 413 54 100 746 1007 134 292 852 1314 68 103 1167 1488 127 347 1333 2009 141 194 1420 2042 139 261 2080 2757 133 174 2268 2885 69 145 2581 2930 53 109 2610 2818 85 123 2662 3018 3 5 3159 3169 2 4 3573 3588 
18 48 188 523 862 99 262 669 1062 2 3 780 790 10 21 1036 1095 27 54 1638 1800 28 45 1998 2152 65 117 2029 2335 37 73 2060 2301 11 45 2213 2293 69 179 2296 2725 152 245 2476 2980 16 34 2637 2709 86 143 2745 3168 34 115 2830 3063 79 246 2832 3276 96 286 2933 3549 81 161 3115 3532 3 8 3361 3376 
15 27 61 590 722 158 239 799 1496 9 13 989 1027 104 268 1240 1944 16 53 1373 1476 62 328 1449 2032 51 104 1909 2170 129 163 1922 2455 120 184 2468 3059 90 199 2999 3460 67 93 3172 3487 60 85 3201 3507 51 101 3259 3557 64 82 3277 3506 12 34 3300 3394 
