10 57
4 259 259 279 863 139 144 475 896 157 192 615 1214 172 172 1638 2025 
6 40 65 438 584 249 339 800 1420 82 175 832 1188 36 78 1503 1649 146 333 1541 2185 155 280 1903 2486 
5 148 148 681 994 92 97 811 1151 60 71 1810 2003 273 273 1863 2336 170 237 2018 2511 
7 183 268 777 1386 51 102 1010 1193 244 244 1180 1788 123 214 1480 1919 77 139 2451 2789 78 78 2843 3108 28 59 3187 3295 
4 353 353 1330 1986 139 139 1952 2242 2 4 2357 2367 215 215 2746 3239 
9 25 43 364 459 69 94 511 758 61 61 1028 1213 64 114 2100 2298 141 141 2157 2495 187 187 2782 3219 103 172 3050 3365 40 53 3093 3210 1 2 3395 3402 
6 155 182 474 848 245 267 891 1562 104 145 1016 1287 160 160 1165 1487 107 131 2606 2893 11 15 3001 3050 
6 67 96 285 499 258 258 349 926 190 190 477 895 113 207 1029 1523 36 36 1190 1280 32 65 2854 2981 
6 102 136 515 813 209 292 878 1443 26 32 1314 1393 124 274 1437 2078 203 203 1521 1973 107 166 2087 2468 
4 222 222 394 978 199 250 1309 1990 237 237 2294 2875 235 235 2328 2977 
