10 113
11 140 205 389 912 166 214 600 1214 52 63 1414 1777 69 115 1672 2051 71 124 2097 2438 14 17 2260 2321 119 168 2629 3229 50 83 2816 3087 23 59 2879 3103 38 71 3107 3342 2 4 3330 3348 
9 143 170 52 579 112 156 673 1143 116 116 1318 1836 95 95 2019 2385 125 125 2541 3098 24 27 2762 2903 46 46 3126 3314 4 4 3171 3190 18 31 3226 3308 
13 21 24 291 374 59 89 354 857 83 100 377 863 1 1 490 498 4 5 1069 1093 133 139 2014 2634 50 50 2023 2382 63 109 2290 2695 61 91 2330 2723 36 36 2356 2469 69 69 2770 3085 58 93 2808 3154 5 8 3236 3271 
14 8 12 196 262 155 155 261 848 4 12 691 724 81 156 940 1572 31 84 1104 1469 76 174 1432 2081 3 3 1833 1848 70 96 1916 2241 25 27 1982 2075 105 199 2271 2874 11 22 2679 2806 14 14 2807 2873 65 118 2832 3206 8 18 3245 3315 
12 3 6 140 162 9 9 472 529 184 184 510 1168 59 71 692 1021 82 82 1038 1418 59 154 1389 1812 34 50 2088 2285 98 98 2286 2739 81 81 2560 2993 26 50 2763 2896 3 3 3230 3244 1 1 3287 3290 
9 136 197 95 647 98 98 338 767 20 20 985 1066 42 45 1150 1341 91 139 1536 2028 46 79 1743 2047 127 182 2153 2802 25 25 2198 2343 54 54 2845 3103 
14 7 9 187 234 55 118 576 978 40 70 904 1145 19 31 1190 1294 80 135 1460 1956 99 99 1902 2425 35 55 1914 2127 26 31 1940 2086 114 131 2085 2686 57 57 2176 2377 84 158 2264 2863 2 5 2635 2655 32 53 2974 3150 14 14 3170 3243 
9 103 103 33 432 131 185 176 748 81 81 261 665 106 130 1087 1603 107 154 1669 2219 87 103 2299 2852 77 77 2888 3202 10 21 3249 3338 1 2 3309 3318 
11 30 35 263 409 60 60 652 997 74 74 680 1228 17 40 924 1042 144 175 1438 2081 46 82 1543 1804 3 5 2024 2047 52 83 2086 2412 41 55 2267 2460 98 212 2695 3351 80 86 3020 3321 
11 25 45 619 771 58 58 750 1010 145 193 1026 1693 65 93 1073 1389 31 34 1334 1516 41 56 1347 1541 53 53 1379 1557 148 148 1381 1957 30 48 2194 2345 43 59 2554 2744 40 56 2894 3106 
