10 62
7 74 74 268 581 83 91 1512 1942 23 25 1890 1998 18 41 1979 2102 43 43 2160 2335 18 18 2393 2456 38 59 2858 3095 
5 60 83 174 463 112 112 1748 2233 74 117 2421 2859 55 75 2538 2871 9 9 2976 3016 
6 20 32 458 555 116 161 1298 1879 59 80 1327 1633 99 127 1346 1809 57 91 2645 2927 40 75 2832 3065 
5 54 96 40 384 80 106 106 486 64 100 264 769 94 94 754 1242 3 4 2995 3015 
6 107 107 456 851 1 1 582 588 37 115 1065 1549 43 48 1575 1837 9 19 2135 2208 94 121 2386 2718 
8 37 45 130 377 34 42 197 387 13 26 929 1025 24 29 1080 1214 84 149 1137 1696 4 8 1968 1998 70 104 2016 2581 52 92 2476 2747 
8 101 176 233 817 17 17 808 890 115 115 923 1334 8 9 932 969 39 75 1762 1990 4 6 1773 1797 24 27 2807 2948 3 8 3083 3111 
3 135 167 530 1134 147 147 632 1254 40 48 2927 3105 
7 1 2 502 509 58 58 660 889 89 138 760 1291 101 101 1040 1566 92 92 1342 1671 30 35 2906 3043 2 2 3048 3060 
7 21 21 181 275 5 5 578 606 144 144 1800 2366 60 71 2423 2680 45 45 2558 2812 5 7 2606 2645 46 46 2765 2917 
