15 639
47 1 1 6 19 3 22 24 80 7 132 48 289 6 91 64 277 1 7 112 136 1 12 113 150 7 65 188 374 14 50 208 434 2 17 228 278 11 102 255 463 14 48 280 490 16 119 281 536 4 43 282 377 2 13 349 408 12 74 351 601 4 52 411 512 1 25 533 583 10 79 560 763 6 45 656 775 9 44 680 874 2 13 693 726 1 6 703 718 2 26 761 816 4 26 778 858 13 79 796 1040 7 82 798 955 1 1 815 818 1 1 880 883 5 29 937 1059 13 145 938 1202 5 58 993 1123 9 49 998 1154 5 86 1017 1168 7 61 1107 1242 12 116 1114 1386 15 107 1127 1348 2 28 1143 1230 7 54 1148 1311 1 5 1158 1182 2 18 1183 1235 1 3 1236 1245 3 24 1250 1294 1 8 1251 1270 2 13 1303 1344 1 3 1305 1313 2 20 1339 1375 1 5 1341 1354 
42 1 21 33 77 15 105 64 332 5 38 74 174 11 117 92 298 9 80 123 332 1 15 202 238 4 27 222 295 9 93 247 450 11 61 338 509 5 84 340 496 4 37 398 480 7 62 429 580 11 108 460 699 7 67 475 633 2 14 518 549 4 46 564 669 7 41 621 762 1 22 623 684 2 24 645 699 1 5 788 800 5 53 798 915 6 56 809 907 1 8 828 844 6 75 836 1001 12 138 868 1145 5 45 874 1036 11 121 947 1169 8 52 948 1132 16 112 951 1229 6 37 984 1079 7 63 1001 1198 9 134 1036 1288 5 36 1041 1147 1 2 1058 1075 13 48 1116 1348 7 60 1195 1308 7 70 1206 1335 2 25 1261 1332 1 2 1297 1304 5 18 1302 1386 1 4 1357 1370 1 2 1381 1385 
48 4 99 60 232 6 49 60 218 2 19 153 206 1 9 214 247 1 20 257 304 11 86 277 550 7 61 278 454 9 66 346 541 2 19 368 409 5 85 394 560 4 41 420 503 6 38 428 536 2 19 432 471 2 15 486 533 14 94 513 707 4 62 522 662 6 47 523 621 9 51 532 676 7 50 534 664 7 79 550 698 1 17 568 602 9 92 581 777 10 101 596 819 9 91 601 799 1 1 616 619 1 13 659 707 10 82 705 849 8 54 732 858 9 88 835 1010 3 24 850 920 12 91 935 1198 8 95 1001 1209 11 56 1002 1184 13 87 1004 1263 1 28 1031 1090 4 28 1046 1130 11 95 1061 1266 11 68 1108 1309 9 69 1117 1338 3 29 1118 1199 1 13 1222 1256 1 9 1251 1291 1 1 1319 1322 1 13 1330 1363 1 19 1349 1387 1 8 1365 1383 1 5 1375 1389 1 2 1377 1383 
36 11 134 106 384 7 54 214 324 7 96 266 487 17 102 324 599 14 68 337 554 2 8 348 401 13 64 378 591 14 68 386 642 4 42 398 480 15 124 399 653 1 25 511 565 15 78 512 770 2 41 626 723 7 83 664 868 1 15 667 699 10 72 676 862 7 52 744 857 7 55 751 905 2 22 764 830 8 70 776 967 13 108 829 1074 1 4 862 871 4 53 879 963 4 28 922 1021 4 32 929 996 1 12 944 974 1 22 984 1034 13 74 991 1237 5 46 1034 1161 14 71 1069 1342 7 74 1124 1314 3 22 1184 1252 5 38 1193 1298 4 50 1221 1373 3 34 1234 1317 3 22 1250 1317 
44 6 81 6 139 8 86 40 210 4 15 81 172 5 54 103 214 8 83 205 380 4 57 215 338 1 14 234 272 13 54 235 417 8 79 266 410 7 65 293 432 1 9 323 348 2 15 377 413 10 57 389 546 9 75 417 639 4 29 425 503 3 28 454 513 7 91 483 673 3 21 559 639 5 49 623 767 1 10 671 694 14 98 683 936 4 32 699 851 6 29 709 795 1 9 748 776 2 16 822 878 11 82 879 1054 1 4 883 892 10 84 917 1142 7 121 922 1176 1 4 947 957 7 42 969 1088 9 81 991 1205 8 53 1017 1197 13 75 1038 1237 6 44 1045 1160 10 79 1066 1279 7 56 1073 1248 5 54 1084 1191 1 16 1129 1186 1 3 1157 1164 1 20 1161 1194 9 70 1216 1379 5 37 1240 1352 1 2 1384 1390 
37 2 16 61 117 12 91 114 366 8 55 117 256 16 74 142 377 20 85 178 437 8 50 212 407 1 19 218 282 5 30 289 363 7 44 314 444 1 9 318 345 10 143 326 589 2 24 431 495 12 125 432 679 5 57 440 556 1 8 504 520 6 58 582 761 5 41 587 676 7 66 625 803 6 34 689 817 10 67 702 888 1 14 716 751 7 64 719 861 5 32 755 850 1 4 787 803 3 24 794 904 7 66 799 959 7 36 810 952 11 82 821 1015 17 118 848 1119 2 29 936 1004 6 58 938 1058 12 109 965 1207 15 80 1022 1276 6 74 1024 1238 5 57 1215 1384 1 8 1309 1330 1 2 1375 1383 
40 7 49 27 198 5 42 78 158 7 32 131 271 8 54 161 309 8 92 173 428 11 61 230 400 13 77 242 456 1 3 286 293 12 95 288 549 3 19 326 396 2 16 352 395 5 35 356 445 4 26 414 484 8 52 417 573 12 72 427 687 9 41 438 589 3 30 467 550 7 98 502 681 12 143 570 848 9 101 579 819 14 107 593 855 10 120 612 871 2 19 761 825 8 73 779 970 1 2 788 795 10 43 812 968 17 103 894 1121 1 12 917 944 4 57 962 1098 1 22 1019 1069 12 108 1043 1318 1 2 1051 1066 9 56 1112 1267 2 45 1189 1294 5 26 1235 1343 5 69 1245 1372 1 13 1318 1356 1 1 1347 1351 1 6 1374 1389 1 4 1378 1389 
38 15 57 46 289 13 98 85 336 6 70 97 262 3 22 115 174 7 29 131 272 7 76 147 320 11 105 203 415 7 75 209 409 9 67 234 403 7 49 306 444 12 98 324 526 5 42 378 471 3 30 391 466 8 126 419 641 4 23 438 511 7 41 477 597 2 9 480 543 7 46 518 675 5 44 527 641 13 115 530 763 11 84 579 790 5 42 588 700 9 89 596 742 14 135 604 848 1 4 643 660 6 103 701 868 9 85 791 981 1 4 940 953 7 79 966 1119 14 20 1001 1264 9 49 1042 1259 1 7 1068 1095 9 52 1102 1270 3 28 1110 1199 1 2 1161 1170 5 33 1313 1387 1 28 1322 1374 1 2 1359 1367 
45 2 37 24 114 4 44 99 170 4 23 110 181 7 70 117 363 5 41 169 303 9 65 176 403 6 68 208 321 10 111 263 528 9 60 293 448 2 29 322 398 13 128 355 607 3 53 387 505 18 88 456 677 6 55 458 568 1 2 464 470 8 123 465 738 3 50 482 596 2 20 493 526 5 53 587 743 13 123 603 815 8 33 612 732 3 33 647 742 11 128 854 1120 5 43 882 985 6 48 1014 1141 6 45 1033 1144 4 30 1073 1155 10 67 1073 1207 3 36 1091 1170 10 48 1106 1270 14 128 1126 1389 3 43 1129 1208 10 97 1131 1363 10 56 1132 1313 1 7 1155 1168 2 58 1156 1284 6 63 1182 1348 3 55 1189 1297 1 16 1199 1234 2 36 1284 1342 1 2 1315 1319 1 15 1329 1371 1 7 1338 1354 1 2 1376 1387 1 4 1381 1390 
38 6 61 19 159 14 68 85 293 20 89 86 349 1 14 89 125 5 64 103 202 7 42 104 234 2 23 157 205 14 59 252 482 1 1 304 307 6 42 434 541 13 59 445 679 14 93 531 723 8 102 532 774 1 7 548 566 8 79 559 734 11 101 571 758 11 143 605 858 5 67 620 776 8 93 626 827 1 20 699 758 12 119 705 947 9 93 710 927 1 10 747 773 6 54 830 960 5 48 862 972 2 29 923 988 18 117 963 1214 6 99 986 1227 2 19 992 1047 3 22 1008 1083 2 20 1047 1090 1 25 1064 1122 10 60 1094 1257 7 51 1138 1322 5 23 1271 1341 4 49 1281 1351 3 17 1327 1383 1 10 1336 1362 
42 9 88 12 284 6 31 17 148 14 106 42 267 6 57 55 181 1 8 75 106 12 74 87 356 1 7 107 121 11 100 171 406 12 37 240 442 9 64 248 435 4 95 253 406 6 92 259 432 1 1 266 271 7 71 384 552 4 16 482 564 4 9 536 670 2 21 538 586 6 97 558 749 7 57 692 848 4 37 701 805 11 78 734 948 8 71 791 961 11 76 800 993 9 82 810 1006 3 31 836 907 4 66 850 998 4 34 939 1008 13 95 941 1164 17 106 941 1219 3 32 958 1037 6 124 975 1208 8 95 1030 1237 3 36 1060 1146 8 44 1075 1207 2 16 1167 1213 1 4 1211 1222 7 55 1227 1345 1 8 1267 1290 2 41 1305 1389 1 6 1333 1344 1 10 1361 1388 1 1 1382 1386 
46 7 44 72 186 5 49 86 184 6 61 90 224 5 81 107 276 10 65 150 350 5 40 155 282 6 18 204 282 6 41 222 319 1 7 224 242 9 84 296 516 4 35 402 482 11 60 404 564 10 86 417 647 12 135 418 666 2 23 441 512 9 66 478 625 4 24 670 746 7 84 673 929 3 27 687 771 1 73 709 876 2 29 736 805 2 84 788 998 10 73 794 957 1 2 834 840 4 31 838 954 12 121 841 1106 1 8 845 868 6 63 851 1027 15 38 927 1115 2 17 993 1037 9 65 1014 1183 10 109 1052 1277 1 41 1083 1177 2 22 1084 1142 1 16 1100 1136 10 102 1106 1357 2 10 1134 1177 6 23 1166 1257 9 74 1192 1375 2 11 1197 1231 1 5 1214 1229 7 59 1274 1390 3 23 1291 1346 5 37 1295 1378 1 5 1354 1383 1 6 1368 1386 
47 1 16 0 40 9 69 39 199 5 41 124 219 8 101 127 362 3 25 140 195 1 20 207 258 1 9 229 265 11 97 230 462 3 27 230 285 7 91 233 458 10 102 275 546 9 65 386 536 1 28 444 516 5 48 469 581 2 20 494 531 6 58 515 715 7 83 522 683 8 61 540 710 7 61 558 713 2 22 570 631 1 2 586 591 15 88 587 826 7 54 621 768 10 73 636 868 16 110 669 895 1 5 683 700 8 68 794 951 12 94 798 1057 15 127 823 1071 3 28 842 925 6 47 856 944 5 56 870 1035 5 23 878 985 2 39 903 984 6 40 911 1022 1 11 945 982 4 37 949 1042 2 113 990 1229 1 20 1003 1035 6 40 1087 1217 1 9 1127 1155 4 58 1188 1312 3 33 1268 1355 5 43 1271 1387 3 19 1286 1379 1 5 1312 1326 1 3 1369 1379 
45 6 57 15 152 9 79 25 226 5 40 61 161 5 35 88 206 13 114 91 335 12 111 134 361 1 8 164 183 5 46 224 347 6 36 267 410 1 8 283 335 5 41 307 459 6 63 331 469 14 84 364 578 1 25 366 414 13 145 382 621 5 58 413 539 5 49 442 540 6 37 466 598 3 50 532 638 1 47 632 731 6 56 656 764 4 20 694 768 1 4 703 715 12 84 713 916 8 37 728 841 7 32 768 954 7 67 771 891 2 22 779 831 15 79 788 1007 1 1 821 824 8 85 837 1066 13 122 882 1146 4 49 934 1046 2 15 993 1046 2 30 1045 1124 6 47 1150 1263 12 103 1164 1375 5 55 1188 1356 4 62 1213 1364 2 40 1240 1334 5 36 1248 1354 1 13 1302 1343 2 18 1304 1347 1 11 1340 1369 1 7 1359 1373 
44 17 66 27 302 5 42 87 212 13 107 153 345 1 2 156 163 7 32 211 321 9 84 231 468 1 12 246 283 9 83 379 591 12 105 389 576 11 131 394 612 8 122 408 618 1 12 411 456 6 46 416 504 9 62 444 667 16 105 548 811 1 11 553 576 5 50 554 678 2 44 658 719 3 25 685 742 4 31 687 808 15 80 730 993 17 136 737 996 5 33 807 910 5 59 895 999 1 24 921 984 10 78 944 1134 6 27 978 1078 1 11 990 1018 3 40 1029 1116 7 77 1084 1228 3 38 1084 1189 2 12 1109 1162 4 22 1121 1218 1 11 1161 1187 4 40 1197 1279 1 9 1224 1251 4 27 1228 1300 6 37 1248 1350 3 58 1251 1351 5 38 1265 1378 1 3 1269 1276 2 14 1291 1336 1 14 1297 1341 1 1 1373 1378 
