10 99
9 41 147 26 240 153 252 365 957 69 163 799 1265 231 347 1128 1820 63 66 1987 2158 349 349 2006 2720 80 84 2424 2636 35 65 3075 3188 35 35 3284 3378 
9 228 228 423 918 195 255 1127 1616 354 354 1298 2022 50 50 1484 1605 112 232 1832 2266 79 114 2726 2993 111 185 3092 3622 69 69 3231 3401 1 2 3643 3650 
10 229 229 459 1092 191 207 528 1038 136 141 563 913 193 230 803 1393 71 71 1705 1945 8 13 1929 1976 65 65 2729 2903 223 223 3005 3606 17 21 3172 3223 1 1 3646 3649 
7 123 123 660 988 128 128 844 1116 133 193 1621 1999 159 159 1792 2190 279 279 2252 2847 242 242 2866 3272 82 184 3042 3434 
14 22 39 201 274 11 11 589 616 131 135 647 1036 175 258 1117 1835 81 90 1499 1738 123 187 1738 2062 10 10 1807 1828 115 192 2459 2824 67 108 2596 2819 39 67 2616 2772 126 126 2816 3082 94 94 3141 3389 47 47 3499 3601 13 18 3591 3630 
12 152 233 364 978 211 211 1493 2113 74 123 1496 1823 61 61 1841 1995 139 147 1931 2288 342 342 2247 2885 1 1 2262 2266 73 90 2504 2700 104 123 2857 3147 39 39 3253 3325 14 29 3399 3457 16 51 3411 3499 
8 66 79 446 635 60 75 1096 1242 209 209 1131 1548 174 174 2016 2500 246 246 2971 3570 161 254 2998 3398 85 102 3166 3434 82 91 3360 3557 
7 133 133 76 335 123 184 630 1006 145 145 1625 2023 291 296 1905 2616 185 267 2338 2948 216 216 2631 3101 23 27 3390 3457 
10 97 97 178 405 122 226 193 761 111 111 563 843 26 32 661 736 78 108 918 1143 270 333 1493 2195 93 208 1992 2337 244 244 2470 3123 92 133 3121 3413 8 14 3215 3248 
13 205 205 786 1390 74 74 836 1022 48 48 1455 1566 6 10 1771 1792 34 69 2058 2200 23 52 2470 2580 97 136 2490 2764 262 262 2528 3011 155 192 3022 3505 89 98 3235 3514 44 47 3538 3640 9 9 3575 3599 18 21 3583 3638 
