10 81
7 222 263 252 866 199 442 823 1500 18 18 1343 1418 123 127 1538 1908 206 206 1579 2108 240 265 2119 2673 19 47 2343 2429 
7 146 165 212 572 185 192 454 1118 154 248 692 1202 114 114 858 1143 142 204 872 1328 91 106 1172 1464 172 212 2472 3041 
7 122 122 611 932 105 140 729 1044 302 302 890 1495 97 116 1904 2135 164 304 2676 3314 300 300 2891 3528 94 94 3105 3339 
9 147 274 476 1098 167 288 497 1145 153 153 1129 1509 134 140 1313 1698 38 52 1320 1553 25 25 2109 2176 74 74 2786 3005 80 138 3014 3283 141 141 3124 3427 
8 33 49 63 183 273 273 866 1564 55 110 912 1211 96 187 1348 1755 122 126 2143 2583 77 133 2424 2724 266 266 2656 3135 31 34 3447 3530 
9 221 221 214 796 85 97 513 782 69 69 760 942 49 84 895 1065 69 69 1394 1754 105 107 1809 2005 231 231 2371 2912 183 241 2438 2890 23 54 2708 2797 
8 71 120 135 443 246 246 754 1403 1 1 852 856 111 111 1093 1391 288 344 1120 1828 15 15 1531 1568 270 270 2309 2827 92 92 2989 3210 
6 153 218 1871 2399 131 170 2103 2501 320 320 2291 2985 147 148 2584 2930 364 369 2610 3293 60 60 3339 3471 
7 229 277 46 735 281 412 1220 1911 72 188 1336 1761 180 188 1843 2302 118 118 2145 2496 169 178 2507 3151 30 30 3202 3253 
13 215 346 73 780 16 21 1400 1450 171 176 1497 1983 29 38 1601 1713 117 117 2096 2506 107 107 2184 2501 17 17 2483 2528 157 157 2550 2831 50 67 2610 2811 77 85 3023 3309 4 4 3148 3158 15 15 3427 3472 13 13 3464 3497 
