10 36
3 179 184 345 905 71 79 1682 1906 136 144 2146 2577 
4 1 1 373 376 29 37 1060 1143 109 109 1916 2144 145 256 2222 2837 
2 267 267 879 1441 74 119 2269 2682 
3 133 202 90 635 93 93 1757 2254 157 182 2197 2788 
3 212 266 530 1102 20 21 594 634 79 138 1119 1357 
7 48 57 265 381 62 67 1016 1149 30 51 1286 1412 66 124 1703 1964 24 40 2086 2159 120 132 2346 2685 14 19 2862 2913 
4 280 280 2 585 70 70 114 309 42 42 1878 1987 108 108 2162 2403 
2 166 166 617 1073 152 225 2165 2785 
3 141 183 21 352 75 75 727 903 85 167 972 1394 
5 5 5 606 618 159 159 829 1164 84 125 1638 2003 55 60 1712 1878 6 7 2847 2867 
