10 102
10 180 280 259 871 152 329 1015 1586 84 117 1173 1425 134 206 1566 2146 137 137 1666 2037 96 125 1915 2148 59 59 2026 2146 96 102 2965 3173 136 218 3217 3663 81 109 3248 3578 
9 74 149 528 820 145 145 711 997 140 181 803 1247 271 271 813 1496 184 253 1295 1800 169 244 1738 2165 152 237 2864 3445 12 18 3299 3341 13 28 3632 3687 
12 195 195 834 1315 112 144 1538 1892 40 59 1584 1746 64 79 1817 1990 85 101 1863 2185 32 47 2383 2491 1 2 2655 2664 150 150 2995 3370 274 320 3014 3693 24 40 3080 3149 57 137 3389 3680 28 45 3461 3548 
10 57 59 350 562 137 293 362 1022 94 94 546 740 298 298 785 1429 279 279 2104 2777 45 45 2149 2252 140 140 2758 3054 18 29 2919 2965 33 55 3362 3473 33 33 3409 3479 
9 141 224 58 547 180 273 979 1712 74 164 1058 1398 50 78 1122 1366 196 214 1419 1822 63 83 1773 1952 191 191 2500 2970 49 120 2876 3150 131 131 3282 3651 
12 78 78 39 214 137 178 708 1134 281 281 1061 1606 6 6 1656 1672 132 160 1828 2138 167 187 1944 2404 4 4 2007 2016 86 142 2150 2579 30 60 2817 2948 74 117 3210 3508 68 68 3513 3651 1 1 3682 3687 
13 189 225 81 566 141 223 94 514 69 73 338 547 143 188 437 839 40 50 1155 1310 385 385 1382 2033 119 119 1496 1807 161 167 1631 2015 18 32 1961 2028 8 10 2270 2299 24 24 3017 3099 100 100 3125 3347 13 13 3544 3578 
10 4 4 21 33 109 119 537 893 187 187 621 1204 118 118 915 1213 131 136 1202 1579 206 206 1354 1825 89 89 1610 1847 103 142 2026 2349 18 21 2617 2669 85 149 3324 3626 
7 225 225 54 523 193 193 175 657 300 325 1962 2656 147 147 2340 2668 66 84 2396 2566 193 193 2907 3437 102 108 3426 3671 
10 49 49 238 382 34 62 697 827 29 29 724 794 349 349 1138 1812 69 69 1784 1974 73 78 1794 2005 84 128 1812 2061 317 317 2625 3179 56 78 2671 2860 14 64 3017 3156 
