10 113
8 110 172 530 1015 55 84 1136 1407 118 267 1375 1986 35 35 1812 1985 142 256 2029 2548 150 296 2639 3254 101 168 2948 3307 39 69 3232 3397 
9 85 242 438 917 161 161 865 1463 79 135 1193 1605 109 275 1332 1941 53 53 1796 2089 145 146 2442 3004 91 125 2697 3021 51 155 2907 3239 6 6 3365 3400 
7 120 276 201 871 102 134 213 597 58 122 921 1227 82 109 1083 1447 47 66 2099 2295 138 203 2321 3002 163 273 2569 3233 
18 41 126 67 304 74 85 146 721 34 94 375 538 94 314 428 1101 53 53 562 731 222 222 752 1429 68 147 791 1164 53 163 1002 1322 20 33 1110 1196 81 91 2107 2548 13 23 2203 2262 27 56 2743 2882 4 4 2853 2878 49 131 2963 3216 44 148 3130 3421 1 3 3271 3284 2 6 3317 3339 12 31 3347 3421 
11 37 94 279 457 52 152 396 717 5 8 616 639 129 200 643 1143 37 79 1277 1448 110 233 1504 2161 155 209 2011 2589 129 417 2069 2748 23 39 2136 2265 7 10 2539 2566 7 27 3322 3383 
12 49 70 407 620 53 144 468 838 70 168 656 987 96 142 667 1206 11 28 1447 1540 21 39 2428 2525 154 288 2669 3213 64 119 2942 3311 87 160 2975 3296 23 32 3100 3223 28 102 3137 3396 39 62 3147 3329 
8 25 87 515 702 133 173 987 1564 128 128 1773 2322 119 239 2347 2868 154 381 2442 3087 50 161 2809 3215 64 70 2981 3390 20 41 3278 3396 
12 65 170 55 301 80 333 135 752 107 238 195 852 23 43 1072 1183 143 288 1262 1819 91 283 1452 2132 28 71 1455 1595 43 137 2079 2402 99 156 2235 2817 3 11 3116 3139 8 34 3152 3231 38 63 3257 3417 
14 100 312 66 595 24 49 215 353 15 25 503 561 133 209 949 1505 112 241 974 1546 100 272 1077 1590 7 33 1296 1369 139 256 2713 3316 43 83 2806 3101 31 53 3092 3230 2 9 3113 3140 32 95 3118 3405 12 20 3373 3421 1 1 3387 3390 
14 110 157 50 453 55 250 412 884 15 54 561 705 29 57 577 699 96 148 655 1165 46 92 885 1184 91 107 1648 2074 85 351 1734 2303 22 58 1783 1891 24 45 2814 2956 27 94 2828 3043 31 102 2944 3133 35 65 3054 3252 14 51 3222 3337 
