10 110
12 32 36 532 667 103 168 715 1415 2 3 859 873 30 30 1131 1285 45 84 1134 1427 32 68 1762 1995 99 129 1992 2558 130 130 2102 2712 117 182 2586 3093 73 110 2785 3184 8 13 3150 3197 35 35 3380 3503 
9 35 40 461 624 73 90 475 856 14 24 527 621 104 104 678 1085 112 147 1058 1635 123 145 2376 2959 107 145 2757 3379 150 150 3018 3482 2 3 3469 3482 
14 87 152 896 1554 27 40 940 1074 106 106 1446 1867 69 98 1667 2022 76 76 1837 2224 25 38 2052 2194 21 30 2341 2443 41 41 2431 2599 60 60 2534 2811 9 10 2675 2715 63 63 2884 3251 28 61 3001 3160 42 98 3144 3459 13 13 3316 3375 
13 30 74 415 636 62 62 526 777 85 85 582 1024 45 74 844 1117 52 113 986 1390 24 28 1312 1430 8 10 1448 1488 86 136 1616 2140 98 126 1749 2211 41 42 2148 2331 46 71 2521 2760 51 51 2667 2912 23 32 2671 2778 
8 165 165 479 1160 70 70 841 1128 15 24 948 1046 2 2 1573 1585 73 90 2272 2629 146 146 2458 3022 141 141 2570 3106 15 15 3394 3454 
11 119 124 130 649 119 124 175 683 64 92 1051 1398 28 71 1549 1739 22 53 2167 2338 6 9 2236 2268 32 73 2251 2495 116 136 2443 3019 113 113 2813 3368 33 88 2945 3233 43 43 3312 3464 
10 44 75 908 1169 5 5 920 938 83 83 1243 1666 117 117 1582 2188 117 158 2537 3132 106 106 2798 3231 63 88 2857 3257 106 106 2954 3508 43 43 3140 3303 7 7 3190 3228 
10 66 76 9 290 49 67 318 521 98 141 745 1282 81 146 1008 1388 63 88 1517 1882 85 168 1627 2236 122 139 2471 2917 6 9 2608 2636 132 132 3008 3478 4 4 3144 3170 
10 73 73 981 1265 136 136 1553 2088 127 196 1675 2322 94 171 1939 2465 63 96 2365 2677 27 27 2734 2869 91 110 3065 3380 13 15 3193 3264 4 7 3451 3473 1 1 3461 3466 
13 124 124 128 638 93 163 272 871 74 96 959 1449 32 34 1300 1437 44 53 1541 1790 116 204 1904 2526 10 13 2261 2306 123 123 2413 2878 1 1 2817 2823 45 55 2921 3309 25 35 3111 3282 3 3 3184 3200 1 2 3453 3462 
