10 33
3 207 233 106 617 95 95 2302 2693 33 33 2878 3010 
2 220 220 2278 2622 169 169 2570 2917 
3 9 24 122 171 219 262 695 1262 118 118 2648 2982 
3 174 174 858 1375 102 114 2167 2644 122 250 2664 3126 
3 139 255 397 860 260 260 638 1232 50 54 2761 2872 
2 176 221 102 604 244 244 1596 2166 
5 45 92 27 286 162 297 228 798 2 2 455 462 290 290 2218 2798 27 36 2988 3051 
8 58 65 442 602 106 108 1189 1535 34 66 1812 1930 3 3 2348 2360 35 35 2360 2467 39 39 2671 2747 35 35 2828 2947 10 10 2993 3018 
2 285 285 915 1445 56 86 1330 1543 
2 248 248 404 997 81 86 1463 1736 
