10 112
10 82 100 33 310 74 176 112 535 151 161 234 738 76 134 1165 1519 101 181 1208 1634 152 245 1516 2196 53 80 2651 2908 10 13 2959 3010 54 85 2983 3190 5 22 3238 3288 
14 11 30 118 187 33 70 225 409 56 132 853 1257 59 206 1201 1588 79 99 1368 1726 99 224 1566 2017 35 60 1804 2015 18 33 2268 2348 17 46 2346 2452 97 281 2468 2980 72 112 2562 2861 70 136 2789 3206 77 138 2798 3112 19 66 3115 3251 
13 12 21 169 227 42 70 188 347 107 183 368 904 100 141 416 878 122 259 791 1315 13 22 1589 1664 123 171 1744 2370 53 128 2203 2566 40 139 2423 2644 5 28 2936 3007 87 205 2955 3379 6 10 3372 3398 2 4 3397 3408 
8 122 181 256 668 74 166 364 874 113 247 452 976 38 82 918 1105 163 252 1221 1901 124 192 1552 2092 83 177 2389 2805 8 9 3362 3398 
9 65 201 394 906 23 81 464 630 126 126 599 1099 111 111 618 1122 27 158 1698 1984 161 169 1751 2280 83 132 2271 2578 77 89 2314 2848 111 204 2879 3278 
15 155 212 63 702 51 128 196 494 45 80 261 509 26 59 283 391 89 216 321 858 4 13 1176 1204 9 21 1615 1663 17 40 1771 1860 44 73 2223 2375 170 288 2261 2861 47 119 2524 2764 30 46 2957 3071 28 102 3253 3400 8 37 3288 3378 13 33 3333 3388 
8 68 172 231 589 108 191 445 920 41 150 632 900 100 261 880 1488 113 295 1432 1959 74 194 1578 2155 44 147 1927 2225 168 168 2412 3064 
11 93 162 142 696 98 212 229 792 14 30 408 482 86 225 423 864 28 68 1309 1483 113 194 1795 2440 137 265 2438 3032 11 45 2505 2658 42 80 2673 2905 95 226 2685 3202 4 9 3336 3369 
12 108 281 142 614 109 286 573 1061 81 157 806 1252 133 218 1370 1862 32 102 1725 2058 76 137 2812 3099 87 93 2894 3317 55 55 3071 3321 19 37 3156 3259 2 6 3299 3316 13 31 3314 3372 2 5 3395 3408 
12 79 95 37 294 116 227 164 665 16 51 319 439 87 139 560 964 34 116 565 884 86 207 1385 1972 37 110 1386 1636 113 130 1408 1818 26 29 1645 1725 26 116 1887 2080 84 212 2257 2886 29 36 3210 3336 
