10 93
9 158 177 254 700 246 278 983 1679 192 200 1034 1566 224 261 1329 1921 87 127 1460 1736 12 16 1955 1984 107 111 2670 2962 119 203 2778 3166 49 75 3497 3632 
9 12 22 771 816 252 252 904 1612 284 291 1158 1770 107 257 1327 1834 164 384 1464 2198 10 18 1754 1796 280 280 2730 3346 93 93 3175 3385 28 29 3302 3390 
7 109 257 443 950 208 226 1483 1984 144 187 1843 2282 185 185 2038 2446 179 207 2622 3029 130 189 2828 3149 150 150 3241 3623 
9 182 256 130 794 58 60 218 380 48 53 435 564 301 301 793 1479 43 44 1552 1683 188 209 1556 1950 143 143 1709 2137 69 91 1971 2125 50 50 2052 2150 
9 166 219 1569 2039 220 280 1901 2491 70 70 2492 2650 231 325 2571 3232 152 173 2729 3128 136 164 2914 3405 98 98 3208 3428 6 11 3419 3441 1 1 3571 3576 
9 34 54 238 334 146 146 300 742 103 132 743 981 34 35 856 1009 133 274 1353 1853 96 119 1377 1698 215 294 1979 2590 157 244 2055 2598 171 171 3283 3626 
11 82 82 77 271 63 63 197 298 52 61 505 647 356 356 1176 1881 145 303 1495 2159 152 153 1686 2083 36 59 2552 2738 29 56 2640 2752 88 144 3263 3588 69 69 3487 3632 19 37 3601 3675 
11 100 100 196 421 109 109 203 469 122 159 360 738 23 40 499 578 106 106 1031 1290 312 312 2050 2684 195 195 3219 3667 72 72 3415 3564 21 41 3429 3507 3 3 3462 3474 23 25 3577 3633 
13 64 73 67 244 88 150 283 571 15 17 432 482 84 110 560 766 173 173 715 1059 36 43 769 891 179 179 835 1407 105 112 1307 1646 130 147 1476 1907 174 210 1753 2312 30 47 2504 2609 79 107 3288 3566 19 25 3403 3456 
6 133 159 190 656 245 263 938 1565 158 209 1061 1651 147 265 1107 1632 171 304 2275 2862 308 365 2580 3313 
