10 48
3 239 254 100 592 116 177 1478 1803 95 113 1559 1814 
3 93 102 311 589 142 244 1520 2054 91 114 2232 2565 
5 157 157 295 787 39 71 463 609 32 32 941 1011 13 19 1795 1829 153 153 1932 2317 
4 83 303 102 648 105 105 742 1101 82 82 1521 1704 101 130 2467 2728 
6 54 65 138 306 100 100 248 466 2 3 629 638 53 124 2627 2860 117 117 2725 3020 13 15 2791 2852 
6 126 151 296 865 81 93 335 682 243 255 1011 1599 21 48 1791 1866 57 57 1795 1944 3 3 2459 2466 
4 10 26 154 221 25 25 588 657 66 66 1092 1232 216 216 1225 1814 
8 109 145 462 791 148 148 817 1220 46 66 1594 1735 7 8 1659 1679 21 21 1927 1990 12 14 2511 2546 19 31 2929 2983 14 20 2993 3032 
5 147 147 1250 1524 87 171 1577 1944 60 60 2209 2360 109 111 2714 2968 1 1 3032 3035 
4 100 217 219 682 38 43 805 927 146 297 1338 1904 61 61 1346 1474 
