10 61
6 98 155 586 946 65 65 1657 1915 69 88 1739 1949 223 223 1952 2424 225 252 2306 2902 16 44 2896 2984 
6 106 114 107 374 228 228 404 978 103 103 666 915 120 200 1342 1821 60 68 1809 2027 68 68 2226 2383 
5 75 96 432 684 38 38 711 810 200 282 2366 2886 135 160 2525 2813 238 239 2545 3162 
7 249 249 317 897 85 88 420 614 89 142 603 1051 198 198 1081 1494 105 422 1539 2193 27 27 1776 1860 49 54 2445 2548 
7 63 63 275 413 196 196 680 1297 159 253 2101 2579 88 163 2184 2457 149 195 2594 3041 29 32 2628 2704 32 32 2751 2864 
6 146 146 307 671 152 157 1074 1431 118 219 1322 1697 173 173 2364 2724 138 138 2803 3215 42 46 3079 3298 
6 247 247 254 858 98 117 1320 1606 232 250 2114 2678 33 33 2389 2473 230 230 2630 3220 25 45 2813 2934 
6 73 76 322 497 165 165 1143 1509 242 242 1605 2093 122 287 1828 2425 146 159 1958 2382 23 23 2998 3086 
7 137 157 376 729 74 80 760 1012 135 135 975 1328 147 196 1690 2183 40 57 1935 2077 86 127 2805 3204 44 44 3055 3162 
5 206 206 199 610 113 137 875 1134 132 197 1124 1710 142 179 2298 2690 70 160 2546 2985 
