10 105
7 78 144 28 362 56 143 93 622 45 204 531 834 71 138 926 1378 179 265 962 1612 112 128 1839 2386 55 84 2915 3207 
12 117 171 381 822 128 139 503 1141 36 129 888 1289 90 124 2082 2358 23 71 2158 2366 138 347 2403 3062 55 260 2744 3214 45 49 2991 3141 27 63 3022 3167 16 54 3247 3358 8 24 3258 3322 4 7 3328 3348 
12 75 114 62 385 148 268 553 1208 33 81 688 839 50 104 702 968 65 96 714 961 52 198 820 1217 39 111 1233 1480 1 1 1520 1527 22 34 1916 2016 12 21 2172 2228 60 153 2618 2903 40 108 3076 3301 
13 123 244 350 851 49 114 850 1063 34 57 861 1012 30 47 904 1018 47 95 1266 1522 44 96 1269 1562 125 224 1339 1871 36 61 2477 2628 95 238 2528 3105 13 54 2786 2860 35 43 2825 2944 1 1 3009 3012 1 3 3227 3234 
7 121 184 178 710 83 127 1181 1517 188 324 1390 2004 11 22 1632 1690 177 278 1878 2551 93 169 2809 3265 1 2 3277 3282 
11 111 273 144 668 45 80 692 941 121 169 848 1391 47 124 1063 1347 57 125 1196 1619 137 153 1600 2074 78 174 1721 2190 3 6 1739 1756 14 39 2054 2148 4 13 2764 2789 4 8 3298 3316 
10 115 229 717 1167 34 114 789 1087 35 80 1406 1579 168 301 1804 2468 17 39 2122 2199 69 118 2306 2551 103 151 2431 2837 75 217 2582 3045 51 104 2670 2943 4 11 2757 2779 
10 71 168 330 681 18 26 717 836 14 38 1329 1423 135 176 1455 2096 53 98 1494 1751 32 92 1564 1807 93 223 1569 2230 35 72 1775 1920 89 99 1834 2135 64 203 2669 3066 
13 33 62 824 1028 125 385 921 1544 1 1 1285 1288 32 110 1500 1812 56 160 1517 1850 17 52 2067 2213 50 98 2405 2606 36 159 2458 2803 77 157 2507 2889 100 214 2526 3063 23 81 3002 3247 37 145 3017 3256 13 41 3219 3355 
10 104 149 403 870 142 171 568 1073 78 251 724 1263 82 168 1056 1516 24 52 1617 1749 26 37 1976 2152 16 24 2166 2245 34 88 2419 2616 83 133 2479 2927 103 121 2710 3368 
