10 44
3 159 194 855 1290 140 252 1228 1794 47 49 1889 2018 
5 275 275 652 1214 57 57 1358 1499 59 122 1439 1816 4 4 2692 2706 112 112 2714 2953 
8 58 101 1369 1562 106 154 1455 1849 4 4 1483 1506 23 36 1993 2068 92 144 2530 2831 1 1 2717 2720 8 8 3018 3035 14 19 3026 3068 
4 49 49 612 729 214 214 1627 2196 94 94 1969 2206 13 20 3058 3100 
3 227 306 651 1263 120 120 1781 2054 42 99 2093 2242 
2 166 166 1680 2011 265 265 2110 2669 
4 12 19 808 842 138 146 1382 1864 139 177 1833 2400 76 128 2778 3055 
5 90 181 1604 1932 19 19 2161 2206 176 180 2532 2979 16 18 2840 2875 10 11 3077 3111 
7 48 90 168 353 50 59 1059 1223 128 128 1219 1503 23 28 1765 1836 9 9 1877 1903 104 210 1878 2389 34 78 2885 3027 
3 238 238 382 964 154 186 1049 1520 106 106 2284 2544 
