15 284
20 14 19 224 273 6 6 250 277 21 53 287 502 23 43 304 404 44 134 361 614 31 57 444 590 21 64 449 569 27 30 482 579 16 39 647 747 20 88 662 829 66 127 710 1002 10 60 727 844 25 67 783 921 60 106 876 1123 23 40 889 1040 27 60 948 1132 26 71 1140 1265 9 42 1148 1218 3 8 1429 1448 4 10 1465 1485 
19 18 31 22 110 41 63 156 315 4 10 288 314 30 43 299 428 26 31 417 580 1 1 523 528 38 45 696 951 56 100 705 921 22 57 799 951 49 113 861 1059 52 82 909 1170 37 78 916 1117 38 102 967 1242 34 48 1100 1263 15 23 1108 1174 7 11 1262 1299 19 41 1281 1368 3 5 1317 1330 9 45 1369 1474 
22 24 49 106 230 1 3 138 148 7 8 221 255 14 14 224 291 38 107 263 511 46 60 292 470 7 19 414 456 6 18 440 493 46 61 473 649 4 10 479 500 33 89 606 769 45 78 857 1061 41 77 879 1052 9 9 1038 1067 31 134 1077 1323 47 74 1105 1406 9 21 1134 1188 14 45 1218 1346 10 27 1254 1318 34 66 1325 1488 4 8 1463 1487 3 7 1477 1501 
26 14 22 42 98 2 8 74 89 7 20 80 140 54 129 83 322 44 124 259 527 27 59 325 446 20 57 337 458 18 24 346 460 15 52 376 478 1 3 407 414 19 35 519 640 30 36 550 664 13 23 798 859 42 72 811 1084 62 122 839 1109 3 8 879 902 1 4 921 931 21 51 1070 1171 16 28 1146 1220 26 50 1171 1303 1 8 1183 1199 18 41 1270 1395 3 9 1355 1373 5 15 1415 1448 4 13 1465 1490 4 8 1482 1505 
19 6 9 43 67 35 69 64 240 3 6 154 170 53 114 180 450 28 37 273 398 41 64 276 453 35 71 307 582 9 24 533 589 47 85 597 815 15 15 644 696 41 83 791 1012 41 98 950 1191 29 69 954 1129 20 93 1058 1303 44 72 1139 1352 62 83 1222 1485 3 26 1463 1504 4 16 1463 1497 3 8 1470 1488 
17 43 90 35 304 35 59 44 261 32 115 120 366 65 156 166 413 48 114 182 439 18 28 242 319 46 92 319 589 21 70 426 594 8 13 757 796 1 2 767 777 21 64 1137 1305 35 81 1197 1339 17 34 1211 1292 27 88 1213 1409 39 64 1290 1503 9 14 1444 1481 9 18 1449 1488 
17 53 62 155 361 7 12 238 279 29 56 302 476 61 128 306 567 2 5 476 487 27 86 488 740 32 71 571 728 46 75 778 932 34 84 809 980 10 10 824 876 25 26 917 1008 4 4 930 947 53 102 1187 1451 17 54 1226 1318 45 80 1271 1494 43 106 1284 1505 3 6 1381 1402 
26 36 66 31 141 43 47 101 311 26 75 138 292 12 17 249 315 47 105 304 540 41 111 460 725 24 42 475 568 22 110 537 733 27 38 569 662 18 20 743 847 11 15 836 938 46 92 861 1076 7 12 1073 1102 27 73 1102 1284 9 21 1135 1184 1 3 1154 1160 13 22 1276 1330 9 22 1296 1345 3 7 1312 1328 13 24 1334 1398 4 13 1335 1373 14 54 1337 1488 6 12 1372 1403 15 30 1421 1490 4 7 1438 1465 5 11 1459 1483 
23 68 207 4 289 33 83 18 217 4 22 68 123 23 49 89 245 15 43 105 196 12 25 215 279 20 79 273 449 33 65 314 480 47 95 718 965 60 107 735 1018 8 32 872 926 23 34 934 1033 9 18 998 1066 42 105 1090 1314 22 28 1179 1322 46 59 1241 1445 5 28 1286 1340 2 7 1343 1355 25 28 1375 1478 6 11 1411 1435 4 9 1471 1492 1 3 1481 1492 2 9 1482 1506 
18 69 131 7 281 14 33 9 85 34 58 49 199 5 7 84 103 80 125 233 526 22 52 249 364 52 94 320 580 33 56 368 497 23 43 424 551 13 29 441 516 30 59 503 675 17 30 659 786 14 33 660 758 1 2 927 931 35 48 1084 1316 23 109 1220 1500 3 6 1474 1488 1 4 1486 1494 
16 23 53 108 229 36 120 169 363 4 7 170 198 42 66 482 664 45 105 562 791 46 46 577 785 59 96 790 986 71 104 797 1071 27 37 808 971 24 79 953 1080 35 70 1069 1230 14 36 1236 1320 27 62 1293 1404 8 8 1325 1362 9 34 1357 1439 1 4 1482 1492 
15 62 138 279 576 59 129 449 741 19 48 462 560 44 44 475 700 57 114 516 775 44 85 569 778 4 21 612 647 54 123 779 1043 45 88 820 1105 18 37 836 927 25 48 1119 1224 46 65 1158 1328 3 3 1311 1329 14 31 1376 1472 9 15 1455 1504 
17 27 93 196 365 20 46 576 690 67 144 597 879 2 4 692 701 37 105 706 937 19 91 832 1039 50 50 887 1125 34 34 917 1030 14 27 954 1017 55 55 1014 1301 40 76 1023 1191 13 49 1098 1231 21 81 1206 1461 12 35 1236 1320 11 27 1273 1319 42 68 1278 1457 21 54 1378 1501 
11 58 85 13 268 65 129 485 750 42 86 516 734 42 87 733 917 53 88 919 1165 37 105 938 1116 35 92 1124 1326 30 78 1131 1295 73 73 1184 1429 44 76 1243 1492 27 50 1360 1479 
18 50 68 214 431 20 53 283 413 8 17 367 414 73 107 503 779 40 98 505 711 18 30 655 745 45 104 708 925 15 35 763 869 44 93 766 988 43 102 784 1070 13 24 790 849 35 54 822 1013 31 40 867 1015 20 40 1159 1256 35 37 1171 1322 10 14 1220 1267 1 4 1388 1399 2 3 1496 1505 
