10 67
4 126 198 546 1023 129 268 569 1164 148 194 1535 2122 9 61 3012 3102 
7 56 87 424 632 73 111 1265 1551 118 174 1542 1960 57 100 1686 1998 26 87 1690 1863 13 29 1767 1837 40 61 2719 2896 
7 12 32 192 265 9 23 287 339 8 22 434 479 99 117 1362 1908 93 212 1682 2221 72 193 2426 2826 32 75 2626 2813 
6 66 111 29 350 24 62 816 990 91 91 1240 1730 97 203 1257 1770 50 152 1867 2152 55 129 2699 2970 
7 30 142 1275 1571 1 5 1357 1369 130 213 2108 2683 100 129 2221 2649 45 146 2445 2844 6 12 3036 3066 1 2 3118 3124 
8 65 141 325 785 13 34 638 720 26 101 999 1290 65 329 1613 2162 96 166 2153 2762 29 71 2332 2499 41 60 2428 2599 1 6 2993 3005 
8 1 1 755 759 136 149 771 1272 15 25 1512 1583 154 191 1949 2497 54 75 2491 2712 50 57 2809 2988 37 112 2812 3066 18 37 3027 3105 
6 19 94 626 795 81 190 658 1079 60 196 704 1142 138 228 2451 2921 2 14 2492 2517 24 63 2887 3022 
6 25 52 657 813 61 123 1017 1330 126 274 1705 2214 56 98 2789 3098 28 40 2928 3079 37 63 2929 3092 
8 56 56 773 1070 10 17 838 885 106 192 991 1378 60 94 1020 1273 32 74 1802 1965 25 153 2694 2987 44 44 2919 3110 2 4 2938 2952 
