15 171
12 24 34 27 185 1 1 205 209 9 9 269 303 33 62 436 641 14 19 464 543 12 13 695 746 53 76 736 993 2 6 844 862 24 37 960 1121 67 67 1060 1289 27 30 1073 1188 5 6 1109 1131 
9 11 22 21 84 52 75 92 361 39 75 162 400 19 24 207 301 53 53 329 535 57 57 696 911 25 49 923 1076 18 18 1123 1201 27 27 1265 1381 
9 18 20 117 196 40 58 177 382 48 98 194 432 7 12 544 594 38 38 566 740 14 36 888 1025 52 52 946 1190 7 8 972 1002 55 64 994 1205 
9 48 48 257 488 33 64 297 522 4 8 384 417 4 4 403 420 42 42 553 732 28 30 617 760 32 38 747 888 67 91 1028 1299 12 19 1173 1234 
10 1 2 13 24 36 41 156 354 23 25 204 341 15 23 449 544 27 32 589 767 19 19 633 702 22 47 651 837 68 70 931 1206 21 71 1018 1208 33 36 1059 1248 
10 3 3 443 460 40 66 535 758 52 52 692 862 35 59 711 874 30 31 826 956 59 60 862 1128 42 42 1223 1385 6 6 1234 1299 10 15 1330 1383 13 15 1334 1388 
13 27 40 142 268 53 53 237 463 46 46 302 516 10 14 451 505 14 14 723 780 26 33 740 886 9 11 754 793 21 56 792 1017 29 45 933 1096 12 12 970 1028 15 23 1095 1199 5 5 1150 1171 6 10 1353 1385 
12 24 24 195 298 3 3 202 220 9 9 226 273 30 31 240 420 43 46 279 518 66 66 546 799 33 34 703 876 13 13 735 786 1 2 868 876 7 11 1024 1068 40 46 1066 1317 3 3 1131 1142 
13 2 2 25 37 14 16 131 201 24 43 195 325 1 1 262 268 10 16 302 358 37 50 542 754 34 47 773 987 24 30 891 1015 10 19 1022 1086 10 10 1038 1086 54 54 1111 1345 32 36 1189 1304 13 29 1269 1358 
10 19 23 140 216 39 42 378 552 38 77 404 636 2 5 425 441 28 31 540 661 59 59 833 1032 26 27 992 1099 46 58 1098 1282 36 36 1183 1342 11 20 1207 1274 
11 43 43 154 339 13 19 251 328 41 73 409 606 32 39 415 575 19 23 542 655 6 6 574 599 49 49 606 769 33 60 816 1067 1 2 987 995 32 32 1030 1246 17 27 1258 1378 
11 18 23 23 126 35 49 65 270 7 8 581 612 64 70 587 835 33 33 903 1049 13 13 908 1001 16 19 960 1047 46 46 966 1157 4 6 1089 1138 35 59 1185 1389 1 3 1376 1389 
14 22 24 151 256 1 1 186 190 39 48 304 537 30 33 306 457 19 19 530 629 44 47 676 925 32 32 746 882 14 14 795 841 16 23 874 954 16 20 1089 1173 34 51 1155 1312 3 3 1212 1228 10 22 1273 1365 4 6 1364 1388 
15 49 90 264 507 1 1 267 270 12 14 297 376 4 4 544 567 33 59 547 765 31 36 560 748 19 24 630 706 7 7 769 795 41 41 882 1091 3 3 1095 1108 39 62 1169 1337 11 16 1285 1354 8 13 1307 1349 9 12 1338 1385 5 5 1341 1361 
13 32 36 117 225 55 55 120 301 36 36 258 379 3 5 265 283 15 28 306 397 58 58 450 710 20 28 682 775 46 47 781 973 13 16 785 851 5 8 1071 1111 24 26 1158 1272 13 19 1224 1280 1 2 1314 1323 
