10 72
5 175 191 370 877 221 223 890 1377 273 285 1159 1777 47 54 2785 2968 15 20 2857 2897 
9 25 25 1467 1536 43 52 1543 1732 135 188 1859 2341 21 37 1890 1951 173 173 1946 2291 92 110 1969 2198 15 15 2542 2589 133 133 2723 3136 80 91 3046 3246 
6 206 234 635 1303 198 198 1550 2050 19 19 2135 2171 188 188 2217 2713 56 74 3149 3305 10 11 3233 3257 
4 78 78 788 974 209 240 1516 2120 152 179 1877 2317 191 191 2762 3348 
9 84 84 798 1031 43 43 1275 1379 46 83 1547 1727 103 113 1668 1918 200 200 1935 2426 100 191 2696 2995 40 75 2958 3137 38 39 2961 3068 16 24 3050 3118 
5 219 318 745 1324 215 294 920 1527 20 79 1069 1284 81 81 1848 2062 119 119 2476 2690 
7 186 235 250 813 137 150 251 576 105 217 1028 1485 63 105 2558 2770 171 171 2652 3169 2 4 2759 2770 9 9 2887 2916 
10 269 269 261 879 45 62 284 445 32 32 322 389 1 1 372 376 120 120 1496 1711 64 66 1794 1938 180 276 1903 2409 67 131 1958 2351 104 119 2550 2824 5 5 3323 3339 
6 17 33 1025 1114 64 64 1953 2195 209 249 2204 2772 190 226 2358 2971 159 159 2414 2882 70 76 2704 2874 
11 120 173 175 709 34 34 552 632 186 205 650 1060 107 187 1087 1333 64 186 1113 1631 96 188 1595 1926 7 7 2209 2225 23 34 2440 2530 111 111 2515 2737 18 18 2832 2867 17 17 2909 2944 
