10 63
8 91 91 176 613 64 64 309 669 3 5 585 611 46 70 1744 1951 56 56 1757 2063 57 61 2204 2435 28 46 2845 3095 14 14 3058 3105 
4 21 41 565 755 92 107 621 976 151 151 1883 2509 82 117 1928 2545 
8 41 68 1075 1288 96 122 1248 1755 40 49 1496 1768 57 121 2464 2889 98 138 2479 2888 38 38 2627 2837 4 5 3073 3102 2 3 3107 3119 
8 85 85 254 663 56 70 303 548 19 37 683 817 22 43 1312 1450 34 49 1576 1770 88 143 1721 2334 16 21 1873 1958 16 19 3050 3137 
6 40 62 888 1154 18 28 915 1028 98 119 984 1395 29 51 1509 1665 103 103 1553 1969 95 95 1757 2258 
6 67 108 251 672 65 65 1161 1433 43 43 1353 1519 79 156 1596 2049 60 104 1895 2413 41 101 2634 2883 
7 74 113 313 696 96 121 933 1419 18 22 1292 1373 61 108 1386 1917 104 161 1802 2394 7 12 2178 2234 1 2 3069 3081 
8 82 127 4 398 5 6 203 236 11 13 439 488 108 153 906 1323 60 101 1945 2235 39 43 2301 2500 19 27 2486 2595 21 26 2512 2631 
3 104 147 671 1297 169 169 874 1462 72 142 2649 3134 
5 141 192 1370 1922 87 174 1852 2280 42 42 2032 2185 60 77 2295 2601 2 2 2783 2795 
