10 108
12 41 91 86 259 15 26 284 365 82 190 1079 1561 70 113 1090 1430 82 156 1413 1685 150 175 1415 2041 30 65 1579 1735 26 55 1820 1935 24 65 2125 2259 96 274 2836 3388 36 93 3332 3490 6 13 3491 3528 
12 104 120 28 380 53 78 760 1025 11 40 811 910 92 152 814 1204 38 71 827 969 16 22 1316 1388 119 308 1451 2117 34 89 1897 2027 46 81 2485 2691 71 140 2701 3095 37 56 3318 3516 31 38 3397 3504 
9 103 188 290 685 74 161 679 1081 86 164 1306 1865 46 102 1361 1617 81 273 1566 2214 21 43 2159 2292 58 83 2316 2584 100 100 2386 2783 97 147 2966 3422 
12 2 2 183 194 10 27 375 437 61 100 881 1154 160 160 1177 1758 169 243 1325 1996 133 376 1577 2291 122 264 1701 2353 8 18 1797 1845 78 125 1939 2284 22 31 2186 2269 14 23 2882 2951 5 5 3498 3522 
8 71 319 133 667 75 216 258 654 148 369 1150 1829 91 280 1159 1701 77 77 1198 1520 190 276 1364 1974 47 99 1684 1905 8 21 3489 3551 
10 22 92 369 558 78 108 704 986 87 149 913 1330 139 377 921 1563 29 50 1083 1261 23 23 1375 1456 4 11 2164 2184 105 145 2413 2863 95 153 2591 2964 55 248 2939 3517 
13 17 101 312 530 82 444 320 1016 166 325 533 1195 6 15 700 741 85 168 840 1249 83 210 874 1251 64 101 1272 1486 47 86 1309 1607 24 83 1959 2136 4 9 2140 2162 78 189 2599 3033 35 56 3214 3385 8 22 3502 3557 
10 30 48 247 377 44 63 493 695 114 225 911 1440 122 230 918 1546 63 224 999 1571 80 225 1453 1859 52 188 1784 2107 73 73 2411 2809 78 113 3164 3494 10 16 3460 3501 
14 80 166 513 1010 12 29 672 743 80 136 759 1142 95 251 963 1593 44 112 1260 1541 47 111 2041 2292 24 73 2192 2383 9 24 2318 2384 84 84 2326 2576 40 85 2469 2686 33 112 2704 2886 39 134 2802 3228 112 160 2941 3344 21 56 3401 3523 
8 77 161 296 754 130 205 891 1456 80 94 993 1333 106 185 1046 1501 148 255 1786 2402 110 140 2798 3119 22 74 3273 3412 45 78 3419 3564 
