10 227
21 1 13 116 138 13 161 169 765 15 60 265 565 7 79 614 785 10 91 747 1013 5 49 783 899 8 71 1024 1171 23 155 1318 1684 29 216 1606 2144 19 152 1745 2009 7 75 1765 1942 31 128 1770 2217 28 306 1786 2307 7 81 2074 2245 29 245 2254 2877 22 216 2314 2759 13 126 2456 2782 10 142 2750 3077 10 86 2766 3002 3 32 2822 2900 2 12 3091 3125 
20 26 223 262 849 29 216 489 1075 6 68 494 606 21 146 496 930 15 110 666 929 6 43 864 973 14 103 1063 1405 17 154 1261 1618 21 153 1317 1678 18 121 1444 1667 1 6 1448 1466 20 125 1823 2153 21 137 1891 2406 12 115 2262 2542 12 67 2270 2520 34 327 2483 3035 4 19 2673 2744 5 61 2689 2803 8 50 2727 3044 2 19 3032 3074 
22 1 18 51 91 15 152 82 538 21 138 302 740 10 77 512 736 1 5 554 567 28 189 798 1282 7 117 817 1054 27 267 824 1330 33 214 919 1508 8 66 989 1158 15 101 1048 1284 34 304 1088 1620 14 88 1119 1320 17 141 1455 1886 13 186 1501 1963 1 14 1622 1652 3 26 1838 1903 15 99 1874 2267 23 55 2218 2580 13 129 2462 2800 1 1 2815 2818 2 17 3045 3091 
26 5 20 116 195 19 162 190 602 13 113 233 556 10 96 307 496 14 87 526 825 10 166 604 950 1 13 750 788 9 97 837 1063 7 42 1065 1204 8 79 1077 1216 5 269 1303 1844 13 138 1325 1725 24 171 1647 2183 7 100 1652 1866 22 171 1964 2425 12 73 2183 2381 10 98 2203 2416 12 106 2226 2444 23 178 2306 2713 33 153 2345 2892 6 77 2435 2559 2 13 2709 2738 7 78 2826 3006 15 86 2853 3084 4 47 2932 3035 1 5 3056 3073 
24 23 153 272 765 18 195 280 683 4 36 336 421 8 127 338 615 1 6 452 466 8 55 532 694 2 22 630 713 36 179 663 1242 11 28 800 1018 14 105 808 1119 13 192 947 1280 9 129 1554 1858 31 295 1638 2177 17 243 1713 2166 7 47 1716 1875 1 10 1818 1848 1 16 2118 2153 15 79 2141 2370 39 142 2337 2924 29 229 2346 2932 1 17 2594 2632 3 33 2652 2729 4 35 2803 2899 9 84 2946 3108 
21 34 202 177 741 1 4 281 292 30 304 363 920 10 196 431 788 21 228 468 908 26 172 522 979 6 161 556 1004 27 311 600 1177 14 116 736 1063 19 226 1404 1795 3 29 1795 1879 6 57 1866 2032 21 228 2008 2545 21 112 2105 2454 24 207 2237 2765 17 80 2680 3026 8 82 2701 2955 10 113 2776 3074 4 23 2981 3040 1 11 3082 3113 1 2 3117 3122 
27 41 245 197 784 19 264 232 743 16 93 377 716 19 138 529 903 16 257 551 1058 21 267 890 1454 30 230 1084 1632 2 29 1266 1339 1 5 1336 1350 27 239 1683 2222 8 103 2029 2266 4 36 2088 2182 15 185 2163 2529 1 2 2207 2215 11 69 2238 2412 15 94 2254 2493 3 24 2270 2331 23 184 2296 2759 13 102 2366 2690 10 61 2426 2608 4 30 2492 2574 1 6 2583 2597 2 32 2649 2740 5 34 2667 2767 10 76 2785 2979 3 24 2993 3074 1 7 3077 3101 
20 30 155 100 564 20 102 163 539 20 116 643 1110 37 187 819 1377 31 182 883 1398 27 141 1104 1462 3 9 1183 1237 1 9 1426 1458 3 26 1479 1556 17 175 1700 2141 15 218 1855 2254 6 44 1859 1949 5 105 1975 2172 3 23 2072 2138 27 163 2075 2563 18 203 2105 2533 12 59 2599 2775 17 199 2734 3112 1 10 2932 2956 1 13 3087 3111 
23 3 36 126 225 40 311 135 746 24 206 387 825 26 126 486 936 10 70 490 667 29 165 731 1205 5 52 743 845 26 272 881 1459 14 199 1073 1637 17 119 1581 2010 9 86 1677 1898 12 118 1772 2063 1 10 1833 1878 34 260 1881 2431 12 152 1933 2383 7 57 2003 2137 20 115 2245 2536 8 85 2388 2600 6 62 2624 2752 4 49 2874 2959 1 16 2927 2963 7 47 2983 3083 1 2 3114 3120 
23 19 166 211 705 12 112 253 497 27 183 258 775 31 235 411 978 13 141 429 736 17 117 659 1038 8 78 752 894 7 121 929 1234 28 271 950 1574 6 63 1127 1348 10 116 1217 1531 23 336 1289 1911 1 54 1622 1783 2 12 2059 2091 12 122 2271 2684 6 41 2418 2502 24 158 2473 3013 1 1 2536 2539 14 151 2551 2891 6 89 2587 2783 16 225 2636 3093 6 33 2911 3020 6 33 2951 3056 
