10 68
7 39 63 993 1140 236 239 1454 1987 117 142 1787 2137 223 284 2634 3230 62 85 2836 3079 20 24 2884 2936 107 201 2973 3382 
6 90 105 383 623 263 263 533 1198 73 73 698 854 71 109 741 1022 36 47 792 888 101 147 3105 3382 
12 36 36 234 350 5 5 622 634 135 227 639 1131 14 21 756 819 210 210 992 1523 74 134 1340 1539 148 221 1456 1894 47 60 1648 1781 1 1 2039 2042 36 43 2402 2505 27 28 3082 3174 26 33 3186 3239 
5 184 184 204 640 1 3 720 735 139 231 901 1404 284 284 2541 3122 4 7 3365 3385 
5 147 147 47 409 249 249 347 945 206 292 2190 2834 61 98 2218 2433 81 142 2246 2514 
5 82 241 719 1126 282 282 2127 2720 148 280 2422 3086 265 309 2545 3161 71 117 3153 3395 
4 102 157 415 738 226 251 1032 1715 131 131 2461 2802 221 225 2523 3146 
7 221 298 823 1362 87 87 1145 1434 79 152 2096 2389 186 254 2629 3098 45 56 2764 2881 7 15 2903 2931 25 29 3232 3295 
6 51 51 53 184 130 133 744 1130 97 97 1183 1417 111 123 1413 1771 67 67 1630 1792 142 165 1964 2447 
11 56 56 266 448 200 200 340 934 65 93 626 882 39 39 1379 1480 31 98 1667 1927 109 110 1778 2097 48 61 2167 2327 11 17 2880 2911 98 98 3126 3399 45 56 3208 3351 4 10 3325 3340 
