10 151
11 70 164 329 962 178 210 930 1657 168 168 1377 2066 83 178 1761 2404 15 15 1865 1930 151 157 1887 2522 120 120 1960 2597 83 83 2129 2509 55 90 2384 2719 119 119 2970 3693 51 83 3028 3298 
19 81 93 85 501 253 253 124 865 71 127 131 540 44 51 395 573 43 96 396 755 101 101 422 771 105 160 686 1309 24 27 761 883 32 39 1063 1213 44 74 1417 1674 45 93 1623 1944 4 9 1878 1922 30 36 2189 2339 44 59 2570 2770 127 127 2846 3385 14 23 2996 3132 26 40 3252 3368 41 106 3457 3771 7 10 3611 3642 
15 96 163 81 522 51 51 490 740 89 113 845 1350 148 148 1121 1674 10 22 1643 1715 76 112 1800 2287 51 62 1811 2076 72 107 1850 2204 59 104 2102 2429 12 22 2269 2341 71 71 2673 2909 60 60 2938 3335 153 204 3076 3736 58 121 3231 3614 40 52 3244 3473 
12 43 43 349 591 142 142 597 1172 126 209 1112 1777 108 163 1457 2165 41 95 1659 1965 160 198 2063 2688 131 131 2298 2791 116 123 2309 2904 73 76 2526 2843 49 92 2699 2925 137 185 3008 3745 7 7 3761 3796 
12 27 27 581 695 131 174 1696 2265 105 105 2237 2710 132 132 2400 3067 117 117 2776 3186 124 133 2790 3545 129 129 3035 3530 125 176 3150 3792 68 68 3307 3553 77 83 3423 3745 24 53 3477 3681 1 1 3693 3696 
19 60 98 194 551 117 133 317 941 60 77 666 938 81 157 775 1218 33 33 1699 1896 58 93 1752 2120 90 134 1868 2322 18 23 2128 2258 44 72 2295 2619 74 105 2345 2725 50 85 2869 3202 100 148 2925 3476 56 56 2955 3229 8 17 2972 3032 68 83 3312 3638 56 74 3366 3662 17 27 3487 3621 38 38 3559 3740 24 24 3712 3793 
15 128 177 366 1033 53 53 593 859 138 138 1008 1682 69 111 1337 1590 108 143 1342 2027 101 105 1393 1848 17 22 1602 1697 65 145 1838 2406 121 189 2216 2757 6 6 2285 2316 83 135 2455 2966 9 12 2918 2965 157 194 2959 3667 3 3 3124 3141 9 9 3731 3798 
22 41 56 294 545 123 165 296 826 25 72 545 726 76 81 710 1070 10 12 981 1041 37 49 1066 1370 55 100 1114 1439 3 3 1148 1165 64 98 1580 1905 21 24 1720 1848 31 63 1793 1997 39 39 2012 2155 30 102 2105 2411 96 102 2140 2550 102 116 2210 2669 47 47 2574 2842 20 28 2602 2676 111 111 3086 3590 7 12 3238 3279 66 66 3415 3662 12 12 3441 3498 21 29 3544 3671 
15 84 179 814 1434 49 67 1062 1313 138 219 1190 1736 59 204 1578 2199 91 91 1925 2342 122 189 2143 2805 84 187 2178 2787 82 89 2234 2891 45 45 2241 2415 115 173 2836 3378 107 107 3011 3460 28 33 3354 3457 20 55 3486 3633 10 10 3614 3673 25 37 3633 3775 
11 136 151 254 880 57 66 537 821 154 154 554 1234 125 156 691 1175 63 139 1700 2056 31 31 1750 1901 86 100 2518 2925 97 120 2561 3115 60 64 2676 3078 89 139 2939 3278 126 142 3168 3761 
