10 49
6 20 137 364 595 139 311 384 872 32 32 817 960 28 76 891 1080 110 185 2623 3049 80 114 2714 3024 
4 59 155 258 685 87 205 607 986 101 157 1241 1639 41 116 2091 2562 
3 131 226 504 1040 89 164 1274 1689 119 273 2434 2990 
3 82 158 967 1329 169 281 1383 1977 84 162 1703 2046 
5 1 3 558 569 66 166 1017 1464 46 170 1038 1338 102 119 2444 2865 66 118 2652 2910 
7 29 81 179 470 85 173 374 851 1 1 1141 1146 71 164 1746 2055 94 164 1777 2182 51 110 2544 2804 11 24 2875 2943 
6 4 4 1051 1063 16 47 1199 1317 74 148 1615 2026 130 350 2278 2873 65 108 2368 2741 15 28 2950 3027 
6 34 121 472 731 60 72 823 1138 7 16 1460 1494 81 173 2208 2665 93 122 2395 2913 46 47 2820 2990 
4 89 120 1137 1466 58 79 1273 1523 55 240 1296 1876 92 179 1718 2149 
5 5 9 259 300 38 118 760 1220 120 179 1780 2290 115 150 2389 2788 49 99 2586 2779 
