10 56
3 130 210 603 1034 57 148 698 1338 187 286 899 1550 
6 53 104 48 406 89 165 775 1164 54 114 961 1225 23 54 2544 2663 92 192 2573 3128 33 37 2798 2966 
7 81 192 580 1032 9 29 1526 1593 96 173 2110 2599 20 61 2240 2402 79 182 2251 2617 1 1 2458 2461 111 175 2716 3243 
7 37 54 322 437 90 243 341 822 91 152 1364 1773 23 112 2201 2476 127 224 2329 2867 29 44 2738 2839 4 11 3243 3264 
5 61 117 67 405 83 138 320 718 126 248 767 1387 23 24 909 1005 120 168 2528 2985 
7 76 269 784 1231 133 220 944 1526 34 78 1207 1367 33 71 2912 3068 1 3 2947 2957 14 18 3174 3227 14 19 3180 3242 
6 143 322 148 775 41 71 223 462 7 10 300 337 3 5 428 441 69 251 1435 1970 93 238 1532 2097 
4 78 104 486 824 90 216 1326 1836 60 145 1384 1849 134 250 1645 2204 
5 56 245 638 1222 79 99 1033 1398 174 193 1676 2279 86 253 1683 2274 19 39 2851 2946 
6 54 66 100 322 9 14 243 277 63 82 2375 2706 78 81 2560 2849 98 143 2861 3267 18 46 3027 3121 
