10 68
5 96 243 1489 2053 243 243 1530 2206 103 103 1676 1964 246 246 2908 3421 78 80 3274 3479 
5 190 190 799 1423 169 175 1052 1502 156 156 1161 1712 195 300 2119 2752 55 124 2484 2769 
5 138 159 315 829 232 376 725 1437 271 357 1966 2663 101 143 2643 2951 49 49 3458 3551 
10 122 122 248 551 39 39 1547 1636 78 140 1803 2071 56 56 2046 2221 48 86 2171 2390 203 203 2453 2886 126 160 2981 3329 15 39 2993 3068 17 20 3386 3441 8 10 3388 3427 
10 114 384 30 737 256 316 1262 1904 101 101 1599 1922 61 61 1762 1930 25 86 1780 1936 57 57 2439 2578 126 259 2481 3089 79 119 2662 2911 109 122 2894 3441 35 46 3269 3425 
6 55 55 330 474 152 152 779 1267 296 337 780 1438 155 205 805 1187 10 11 2500 2527 50 50 3332 3497 
4 281 281 243 910 240 240 386 1067 124 174 1174 1690 90 102 2386 2659 
12 4 7 93 112 6 10 374 391 88 88 794 1074 175 187 1542 1973 31 38 1978 2064 82 102 2100 2345 145 145 2842 3188 58 58 2916 3065 14 17 3129 3177 28 135 3200 3488 61 99 3271 3477 20 30 3470 3536 
6 166 177 399 937 49 57 609 740 23 23 752 801 215 249 1007 1672 193 225 1393 2066 222 269 2773 3296 
5 8 14 202 231 127 301 283 883 223 223 1108 1714 145 178 2484 2848 215 260 2600 3271 
