10 63
5 56 87 120 479 135 135 124 729 60 62 910 1292 37 46 2385 2653 45 58 2794 2953 
6 101 101 21 396 49 65 205 418 10 18 541 639 26 51 736 943 61 103 1983 2427 91 96 2271 2844 
7 64 64 166 388 66 142 380 948 30 44 454 607 91 149 1910 2397 25 34 2116 2278 29 58 2509 2696 9 15 2672 2729 
5 64 98 459 909 19 19 576 652 86 86 1279 1611 70 107 2293 2777 116 116 2435 3005 
5 24 24 468 561 93 93 622 997 119 153 1995 2554 42 77 2206 2387 28 32 2505 2741 
6 77 95 590 946 1 2 657 669 89 100 728 1097 20 21 1040 1118 40 56 1130 1326 67 107 2163 2498 
8 9 9 92 131 48 70 1361 1630 17 17 1813 1901 98 126 1864 2286 22 22 1970 2085 41 49 2160 2341 23 36 2642 2770 51 51 2897 3101 
5 60 116 42 393 41 41 130 276 102 137 794 1320 26 33 2219 2342 109 109 2577 3108 
9 23 42 233 412 118 121 258 766 5 8 647 672 18 29 1145 1267 103 103 1290 1717 40 115 2583 2923 32 32 2940 3087 14 15 3013 3090 8 9 3074 3113 
7 114 124 359 829 34 81 627 868 19 26 973 1070 68 114 1460 1849 82 82 1947 2294 68 127 2584 3007 2 2 2870 2885 
