10 35
2 166 221 101 608 167 167 1608 1916 
3 249 249 131 679 106 174 1131 1539 28 28 2070 2131 
3 112 227 37 468 158 158 964 1385 42 42 2725 2837 
5 57 100 1498 1736 175 329 1932 2523 36 50 2350 2458 59 63 2456 2637 28 90 2694 3014 
3 337 337 105 636 18 20 750 793 95 165 2250 2647 
3 116 128 1081 1503 124 124 2574 2849 125 125 2806 3046 
2 107 264 169 559 311 311 2128 2643 
5 66 66 244 380 149 187 2611 3052 61 88 2665 2967 35 35 2805 2899 19 19 3006 3066 
4 194 249 193 810 102 102 586 798 55 89 1140 1382 55 55 2860 2984 
5 83 103 1290 1523 105 121 1821 2261 14 22 2120 2168 141 155 2253 2646 69 90 2802 2976 
