10 170
14 53 53 91 423 42 62 217 402 55 73 737 1077 44 91 1513 1758 83 115 1562 1946 87 110 1605 2016 9 10 1773 1819 138 138 1898 2543 144 144 2029 2568 31 67 2229 2446 104 202 2294 2841 138 148 2629 3361 119 200 2796 3416 144 221 2802 3450 
16 4 4 175 192 104 104 250 813 108 108 1164 1534 54 84 1610 1948 108 108 1615 2138 21 21 1624 1727 18 27 2267 2389 139 188 2285 2857 36 36 2363 2535 65 71 2457 2740 93 159 2575 3090 127 177 2703 3226 57 129 2869 3464 59 76 2871 3194 117 117 3150 3536 61 61 3341 3662 
21 21 36 620 755 95 124 906 1394 12 16 921 983 90 159 986 1620 20 30 1018 1141 30 59 1350 1547 167 195 1520 2097 20 32 1818 1915 81 81 1840 2163 18 18 1928 1998 101 101 2014 2597 90 140 2033 2676 22 30 2124 2256 64 76 2262 2554 154 155 2316 2986 86 119 2790 3216 66 100 2843 3310 17 34 3462 3596 10 21 3505 3577 11 11 3568 3634 5 7 3617 3637 
15 80 135 46 394 128 128 483 1152 127 176 632 1208 147 211 702 1318 13 13 732 796 116 116 885 1392 143 163 1422 1888 169 169 1673 2377 97 111 1807 2360 46 106 2263 2683 31 33 2463 2625 34 47 2497 2729 26 33 2618 2743 38 56 2914 3197 3 4 3626 3646 
20 54 80 17 254 37 50 213 386 5 6 326 352 20 20 586 663 153 207 745 1458 142 180 950 1666 118 131 1142 1681 45 102 1156 1452 96 96 1793 2384 97 108 2037 2361 31 71 2234 2479 106 162 2260 2917 103 103 2314 2766 18 22 2447 2657 55 59 2696 2974 94 115 2726 3404 9 18 2879 2947 7 12 2885 2929 1 1 3421 3427 9 9 3622 3649 
15 114 120 54 554 13 13 130 202 93 100 707 1147 63 87 1008 1330 114 166 1233 1771 48 58 1386 1628 112 131 1457 1975 6 7 1498 1524 101 105 2139 2622 11 20 2254 2315 28 31 2562 2704 65 129 2624 3031 243 243 2688 3417 82 82 2944 3305 47 112 3429 3694 
18 77 77 601 921 8 11 730 776 24 68 1027 1283 80 137 1086 1489 30 49 1174 1323 102 111 1383 1823 131 131 1617 2215 86 86 1822 2213 64 80 1975 2282 95 130 1988 2372 69 84 2092 2480 83 143 2179 2719 37 62 2433 2673 44 44 2642 2839 107 186 2831 3399 1 1 2985 2988 57 120 3049 3417 44 44 3393 3560 
22 67 127 123 530 24 24 382 483 63 104 635 944 13 36 705 848 119 125 937 1652 20 40 1074 1262 106 138 1330 1794 25 45 1348 1512 40 40 1497 1843 13 15 1521 1592 124 154 1625 2361 70 146 1851 2338 68 68 2110 2645 44 74 2144 2484 1 1 2184 2190 132 132 2420 2983 67 67 2436 2832 66 66 2974 3264 74 93 3123 3450 51 79 3405 3666 9 12 3516 3564 1 1 3671 3680 
14 152 152 11 591 74 74 81 335 104 113 427 828 186 197 1790 2425 53 53 2030 2314 163 179 2242 2977 171 171 2305 2948 11 16 2361 2433 9 9 2406 2444 64 74 2426 2619 41 45 3084 3268 74 107 3106 3518 62 79 3208 3586 1 2 3410 3421 
15 48 81 567 813 103 103 902 1418 157 189 1052 1660 80 80 1149 1551 41 47 1174 1394 42 42 1371 1514 185 185 1503 2048 9 16 2064 2130 66 86 2088 2368 54 54 2798 3087 119 130 2922 3587 106 189 3105 3594 30 42 3138 3340 65 65 3205 3440 57 57 3305 3605 
