10 236
22 15 139 228 508 28 172 411 903 20 113 541 925 31 123 631 1084 16 68 696 952 7 50 729 875 2 30 744 817 28 70 869 1422 6 72 1186 1403 28 170 1249 1876 15 171 1432 1820 4 44 1517 1606 5 38 1792 1895 28 222 1839 2465 27 233 1887 2409 21 179 2004 2382 1 10 2126 2156 36 294 2277 2917 24 218 2458 2996 3 24 2535 2615 7 63 2968 3156 6 46 3127 3259 
19 24 206 189 834 35 294 389 1032 17 261 440 1032 15 95 490 741 28 172 545 1137 26 280 570 1029 33 215 802 1401 9 80 1500 1710 23 230 1688 2140 28 282 1814 2386 25 254 1858 2386 15 175 2014 2379 13 73 2112 2293 10 93 2147 2346 30 187 2175 2740 9 166 2897 3194 4 37 2961 3111 2 11 3199 3237 1 5 3207 3222 
25 34 215 0 624 3 24 45 106 9 121 141 624 2 8 775 827 15 234 789 1269 4 12 952 1041 17 157 965 1264 14 171 1226 1583 16 173 1266 1676 3 21 1495 1549 27 101 1633 2071 24 147 1670 2145 21 82 1751 2057 1 25 1766 1812 21 182 2032 2567 22 197 2080 2549 35 270 2154 2724 5 52 2185 2310 1 2 2186 2193 36 187 2343 2950 17 163 2437 2789 10 87 2920 3222 1 10 2958 2989 3 33 3068 3155 1 1 3271 3274 
22 14 84 639 923 11 180 812 1088 34 165 837 1360 8 58 846 997 33 194 877 1325 22 146 1178 1561 23 126 1450 1847 12 105 1584 1830 27 167 1608 2160 7 124 1681 1891 10 62 1756 1968 4 21 1844 1949 28 199 1911 2520 10 110 1955 2281 4 19 1978 2039 19 218 2164 2631 36 235 2298 2898 4 46 2481 2575 6 65 2553 2715 5 35 2654 2761 19 133 2950 3239 6 36 3045 3179 
25 22 179 91 510 23 234 132 576 16 83 349 582 7 75 422 597 28 167 449 1004 10 177 536 882 36 195 579 1192 32 255 597 1209 29 244 717 1256 12 189 854 1214 1 31 1084 1153 8 79 1089 1290 14 141 1514 1780 4 24 1522 1584 10 106 1537 1738 28 210 1838 2474 5 47 2128 2257 1 10 2226 2263 20 150 2234 2539 14 168 2765 3101 13 100 2838 3037 6 49 2971 3090 4 42 2986 3071 4 26 3079 3168 6 78 3083 3258 
22 1 2 22 27 28 214 171 769 28 252 393 994 6 31 484 586 17 94 707 958 31 259 753 1394 16 81 858 1158 23 153 1120 1733 17 131 1144 1475 18 49 1144 1421 17 119 1277 1745 35 164 1487 2063 28 202 1490 2133 9 186 1549 1926 7 63 1787 1923 1 8 2013 2048 9 74 2394 2565 23 205 2451 2944 19 104 2579 2823 1 6 2985 3000 9 69 3056 3249 1 2 3108 3112 
27 30 261 95 727 20 260 100 649 2 17 138 175 23 194 316 816 1 24 316 368 13 106 444 654 15 115 959 1375 2 18 982 1028 1 15 1199 1236 35 283 1199 1828 9 55 1403 1542 5 65 1442 1600 3 22 1535 1595 27 125 1617 2119 26 233 1665 2237 7 63 1731 1910 32 180 1806 2268 5 47 1808 1925 6 74 1821 1984 22 268 1896 2389 1 2 2042 2047 7 258 2362 2935 23 154 2494 2859 7 60 2751 2943 21 104 2780 3082 1 9 3100 3134 1 4 3110 3126 
22 9 176 100 615 26 249 120 699 35 429 376 1011 34 196 461 1015 11 130 591 876 39 365 1095 1736 21 257 1095 1596 25 185 1290 1755 29 264 1295 1835 17 218 1565 2016 19 172 1659 1985 13 138 1826 2118 1 19 1897 1959 14 72 2007 2219 16 151 2290 2651 2 34 2361 2417 20 123 2386 2727 19 133 2645 3014 1 1 2695 2702 3 29 2804 2890 1 10 3157 3184 1 1 3235 3238 
27 1 10 46 69 9 76 338 570 20 187 607 1075 31 124 627 1080 25 91 809 1234 12 129 855 1145 54 179 874 1513 35 287 985 1616 5 38 1016 1095 14 99 1367 1600 11 133 1421 1680 1 5 1437 1454 19 225 1509 1995 18 152 1509 1939 3 31 1574 1678 2 104 1957 2130 5 93 1980 2156 13 75 2503 2709 7 63 2610 2800 15 260 2629 3132 7 99 2631 2807 19 271 2742 3255 5 61 2779 2897 8 52 2906 3084 4 42 3125 3223 1 4 3257 3270 1 1 3268 3271 
25 31 189 357 942 7 82 494 682 16 130 587 897 10 159 600 1023 21 119 868 1264 12 139 1289 1587 19 188 1351 1770 10 127 1378 1730 4 37 1383 1466 2 12 1390 1423 16 261 1460 2057 28 191 1511 2000 11 79 1517 1761 3 32 1522 1595 18 166 1721 2180 32 175 2138 2629 28 152 2209 2695 29 234 2507 3144 4 49 2687 2806 14 133 2800 3070 1 5 2832 2844 18 101 2834 3151 4 57 2841 2935 8 112 2962 3173 10 78 3066 3260 
