10 414
39 22 165 98 631 36 309 136 704 19 102 239 595 16 169 255 707 11 130 324 545 21 136 468 864 16 172 596 1006 31 195 661 1111 39 248 696 1236 19 123 772 1206 31 298 799 1360 22 108 826 1179 22 168 849 1311 25 194 1080 1686 9 78 1101 1285 11 53 1310 1524 4 55 1409 1541 8 87 1426 1588 27 201 1547 2097 14 106 1569 1804 36 246 1573 2196 19 173 1633 2150 16 125 1635 1896 9 76 2036 2285 20 108 2111 2480 34 286 2236 2857 19 369 2267 2857 20 147 2505 2832 2 46 2588 2666 34 160 2743 3251 8 30 2776 2905 2 15 2888 2922 3 14 3043 3140 1 15 3080 3113 4 36 3102 3189 5 40 3198 3311 1 8 3206 3225 3 46 3246 3331 3 42 3257 3334 
45 16 197 25 619 5 63 37 148 32 189 196 700 30 284 229 683 16 245 260 864 12 161 290 545 6 27 334 448 22 139 446 920 22 171 452 873 2 16 455 505 21 116 702 1154 22 222 823 1310 25 196 839 1330 5 57 971 1097 26 226 985 1488 4 68 1015 1129 20 135 1098 1499 17 130 1125 1434 1 1 1155 1158 35 216 1182 1822 8 130 1195 1468 29 153 1292 1717 5 37 1330 1425 34 149 1343 1878 3 38 1509 1598 2 25 1599 1654 12 83 1604 1902 32 296 1848 2402 17 226 1896 2355 6 89 2150 2371 12 162 2170 2438 19 152 2411 2867 6 41 2420 2530 15 85 2460 2725 1 12 2463 2486 35 307 2639 3251 7 92 2734 2948 1 1 2800 2805 7 37 2960 3145 18 114 2974 3229 3 53 2992 3077 6 24 2998 3098 6 47 3116 3261 2 24 3179 3230 6 43 3191 3309 
43 15 97 70 439 43 210 71 724 3 35 101 182 9 58 147 367 31 305 169 795 13 98 248 488 1 6 288 303 20 123 346 650 19 80 415 769 27 129 622 1041 28 189 698 1124 27 302 1020 1552 20 190 1066 1614 1 7 1080 1119 3 24 1118 1188 35 121 1153 1650 22 238 1153 1639 13 125 1300 1549 12 102 1535 1803 31 221 1575 2229 32 186 1628 2239 3 30 1681 1736 23 232 1726 2324 15 179 1739 2122 12 131 1856 2064 10 137 1865 2188 2 22 2038 2093 4 42 2093 2204 24 324 2145 2730 1 14 2239 2274 24 206 2280 2715 18 128 2394 2713 10 71 2592 2832 9 140 2617 2960 11 109 2700 2930 5 50 2782 2939 7 36 2799 2922 25 255 2822 3292 2 14 2859 2921 11 93 3096 3319 1 5 3222 3237 2 28 3299 3352 1 2 3337 3344 
42 3 38 97 197 12 126 164 487 17 86 296 504 3 28 322 398 20 252 343 990 32 227 396 1017 4 27 558 673 1 5 624 645 30 154 712 1202 16 186 857 1296 16 102 997 1243 26 125 1043 1542 40 192 1134 1584 9 62 1202 1416 11 87 1251 1476 4 37 1315 1436 19 170 1356 1715 30 198 1427 1944 7 54 1543 1676 3 28 1552 1627 21 177 1673 2239 8 120 1728 1913 22 136 2157 2611 22 193 2287 2790 34 295 2469 3128 18 194 2490 2815 23 213 2510 3019 32 145 2515 2973 7 63 2547 2677 5 37 2561 2647 38 269 2577 3173 3 20 2621 2693 8 113 2761 3082 11 16 2856 3078 24 199 2877 3287 18 79 2897 3204 5 63 2902 3016 4 29 3038 3119 6 39 3051 3146 1 6 3084 3107 1 10 3154 3174 1 9 3300 3339 
37 21 142 240 652 2 25 411 480 17 173 429 883 28 346 529 1116 3 60 543 638 7 43 565 693 13 121 574 915 6 96 703 937 16 119 877 1198 20 169 909 1299 9 98 1111 1347 17 89 1192 1514 42 311 1250 1896 16 196 1271 1838 28 142 1275 1706 3 25 1317 1401 12 237 1356 1796 14 90 1375 1636 16 160 1376 1887 1 15 1404 1441 30 274 1506 2160 32 273 1718 2378 12 182 1728 2106 20 102 1856 2210 28 280 1898 2501 24 211 1950 2535 31 214 2006 2635 37 225 2204 2827 31 228 2254 2812 24 196 2282 2769 7 46 2357 2505 7 237 2480 2989 21 126 2639 3004 11 61 2703 2854 10 89 3013 3228 4 46 3250 3336 1 7 3321 3340 
47 7 40 165 315 24 184 240 600 3 20 294 379 17 98 296 574 10 176 332 677 27 203 375 1045 1 8 379 397 9 58 389 571 29 469 408 1076 34 148 420 1031 16 127 496 951 1 15 567 597 37 385 683 1342 1 12 777 820 26 158 957 1474 17 200 1063 1465 16 91 1081 1470 8 76 1108 1268 13 142 1319 1751 2 42 1377 1488 19 180 1403 1854 3 53 1567 1640 14 167 1687 1966 1 1 1710 1715 26 211 1793 2316 9 143 1837 2246 36 230 1848 2451 15 164 1863 2152 4 92 1898 2131 1 21 2253 2291 17 186 2279 2603 7 60 2322 2484 3 35 2333 2402 33 267 2344 2948 16 154 2449 2876 17 119 2482 2770 14 103 2712 2953 1 4 2733 2758 19 208 2747 3198 7 85 2759 2913 11 64 2796 2964 17 121 2913 3227 7 30 3006 3105 11 68 3047 3212 7 41 3118 3227 1 3 3190 3201 2 15 3280 3333 
41 15 116 76 367 1 12 164 198 13 141 340 701 39 243 487 1104 4 43 760 855 3 18 783 828 28 320 1127 1691 24 102 1127 1424 26 155 1134 1653 13 61 1182 1367 11 99 1274 1477 18 124 1281 1704 10 129 1281 1593 26 191 1368 1900 20 126 1381 1766 1 7 1468 1482 19 154 1489 1823 12 93 1556 1853 21 231 1580 2165 1 5 1639 1656 21 172 1761 2073 26 181 1808 2306 18 165 1978 2482 23 314 2045 2659 17 285 2045 2641 29 197 2228 2795 37 322 2231 2897 24 262 2478 3032 10 61 2558 2733 17 230 2647 3133 21 161 2867 3321 8 91 2948 3226 18 128 2948 3282 4 24 2992 3048 8 32 3020 3144 17 159 3022 3345 8 103 3036 3229 4 50 3143 3272 3 24 3182 3245 1 24 3238 3278 3 23 3248 3303 
39 12 157 22 343 13 74 50 326 7 75 62 212 30 145 166 627 15 89 254 497 1 18 379 429 14 171 414 730 3 31 632 713 26 238 685 1339 25 284 710 1350 28 232 718 1228 39 178 929 1443 23 275 969 1600 40 229 984 1570 39 298 1188 1827 16 156 1422 1783 27 150 1549 2015 20 204 1582 2191 19 248 1757 2234 12 98 1799 2086 3 52 1800 1908 17 89 1837 2101 17 116 1972 2198 23 42 2210 2643 11 62 2239 2410 13 192 2297 2665 26 316 2342 2839 24 145 2385 2841 12 83 2443 2654 30 224 2452 2962 5 61 2784 2947 2 21 2841 2889 12 95 3020 3270 8 71 3078 3237 1 8 3128 3147 8 49 3189 3336 2 23 3263 3323 1 2 3316 3323 1 9 3318 3346 
34 11 95 51 249 47 206 110 754 28 203 346 843 32 103 413 977 38 368 522 1192 26 207 546 1064 17 209 553 1125 1 5 648 677 4 25 870 952 7 45 965 1077 33 229 996 1517 28 238 1007 1641 3 23 1055 1115 1 4 1183 1197 30 184 1227 1645 36 241 1240 1862 32 220 1328 1847 24 279 1359 1970 29 332 1375 2012 11 117 1394 1642 3 36 1446 1532 17 155 1548 1834 17 90 1614 2001 2 61 1809 1946 5 34 1871 1970 13 79 1972 2235 18 216 1988 2593 27 234 2150 2714 25 350 2290 2901 28 123 2628 3033 9 111 2727 2958 15 61 2920 3194 4 63 3057 3155 8 77 3059 3245 
47 5 38 20 142 12 150 130 460 6 59 288 429 26 138 305 664 33 318 320 918 8 100 374 605 27 191 392 978 2 48 401 480 16 127 529 876 6 74 533 711 7 71 623 772 33 200 625 1134 4 23 749 812 16 184 765 1273 15 108 807 1053 1 15 958 990 1 5 1199 1208 13 100 1204 1552 17 102 1209 1584 1 11 1216 1241 15 118 1443 1745 9 86 1613 1796 10 59 1667 1829 7 54 1750 1902 32 229 1778 2432 1 15 1923 1965 35 214 1930 2492 17 161 1971 2472 15 196 2174 2584 16 204 2199 2523 1 9 2224 2246 1 19 2239 2290 1 4 2286 2298 2 25 2287 2336 5 50 2287 2424 37 289 2302 2895 19 253 2317 2802 36 280 2421 3049 19 102 2527 2807 12 69 2696 2874 32 122 2713 3272 4 18 2731 2840 15 113 2744 3049 6 43 2925 3038 12 86 2961 3231 2 24 3233 3277 3 12 3285 3342 
