10 162
13 165 187 64 695 10 10 553 607 119 191 653 1172 175 175 736 1471 97 97 825 1336 53 113 1264 1693 14 20 1821 1891 181 220 1922 2631 70 70 2194 2490 40 59 2644 2910 93 149 2672 3357 73 131 3050 3451 11 20 3301 3368 
22 15 16 188 245 18 30 527 608 16 26 610 714 32 45 823 965 47 75 1164 1373 71 198 1267 1978 24 36 1439 1586 107 171 1508 2048 32 67 1619 1848 14 24 1773 1870 108 144 1810 2265 81 92 1891 2241 38 60 1940 2181 79 125 1946 2513 73 73 2524 2948 141 141 2605 3104 94 124 2644 3181 8 8 3080 3111 20 20 3501 3583 10 13 3618 3679 12 15 3625 3680 1 1 3680 3684 
14 170 206 57 694 54 54 295 537 28 28 345 494 18 22 369 497 21 21 846 941 37 37 960 1124 73 182 1147 1773 132 149 1174 1796 85 128 1231 1720 73 107 1670 2075 124 181 2509 3175 123 141 2899 3598 106 106 2979 3521 32 32 3525 3656 
14 116 116 110 640 84 92 624 959 123 154 922 1571 28 54 976 1189 61 74 1367 1607 93 93 1686 2136 23 63 1865 2068 123 171 2146 2774 159 247 2324 3052 89 136 2598 3267 77 86 2690 3185 34 34 3279 3416 39 39 3493 3668 1 2 3686 3694 
15 20 37 13 157 83 237 519 1084 115 135 523 944 89 166 757 1331 58 76 831 1178 43 82 1634 1901 75 170 1750 2460 37 37 1768 1990 69 99 1811 2167 108 133 2551 2998 136 136 2714 3322 29 29 2897 3015 29 44 3248 3388 122 122 3255 3692 3 3 3585 3598 
17 137 137 352 981 12 12 594 636 130 151 975 1555 109 185 1322 1892 46 59 1431 1788 27 48 1553 1721 57 58 1736 2034 153 153 1881 2385 42 44 2029 2230 63 146 2086 2546 119 119 2608 3033 87 87 2984 3314 61 61 3065 3336 42 115 3096 3501 25 53 3122 3318 13 13 3400 3456 3 7 3610 3644 
20 7 9 289 329 55 82 429 693 136 136 456 1161 13 14 478 547 31 31 655 768 69 107 1105 1518 17 25 1369 1476 134 142 1439 2001 94 189 1553 2002 112 191 1572 2243 11 11 1808 1857 7 19 2356 2440 43 70 2382 2611 88 116 2716 3350 133 133 2778 3336 29 42 2827 2965 21 30 3316 3423 36 36 3477 3594 14 37 3548 3633 4 5 3653 3690 
13 49 49 537 814 45 64 646 898 80 125 720 1371 191 191 1358 2087 292 292 1857 2586 92 106 1972 2395 80 131 1994 2346 50 50 2311 2532 125 130 2493 3067 75 81 2658 3106 17 18 3083 3163 44 44 3263 3434 26 29 3297 3403 
13 12 17 80 166 91 91 508 879 86 154 665 1131 87 87 1562 1975 179 179 2004 2717 38 75 2097 2414 105 105 2118 2558 58 58 2309 2608 3 3 2470 2483 56 83 2633 3073 152 152 2962 3486 69 76 3067 3398 92 118 3213 3603 
21 68 95 836 1232 2 10 1128 1162 31 32 1150 1315 74 152 1153 1687 69 73 1170 1405 72 116 1204 1694 81 188 1223 1793 9 15 1266 1317 42 107 1502 1931 84 122 1563 2047 124 155 1719 2350 33 70 1764 1982 34 47 2213 2433 27 27 2490 2680 22 58 2691 2899 44 44 3021 3170 39 50 3043 3217 112 154 3045 3616 52 114 3286 3690 8 16 3486 3554 5 5 3648 3672 
