10 113
10 25 79 275 464 141 199 517 999 101 226 759 1387 13 28 1281 1351 57 188 1567 1926 66 75 2184 2452 49 112 2394 2709 164 302 2428 3066 77 169 2776 3204 1 3 3405 3411 
19 63 143 297 607 35 97 419 715 119 271 595 1060 39 113 948 1306 5 13 1032 1065 81 126 1125 1470 60 113 1133 1351 22 61 1351 1497 2 5 1376 1389 8 13 1796 1848 52 114 1904 2114 20 29 2454 2535 24 52 2595 2723 53 122 2820 3069 15 40 2848 2939 51 155 3039 3304 6 7 3261 3314 1 3 3362 3372 8 14 3372 3406 
11 59 144 166 491 131 208 807 1471 59 141 852 1157 124 262 1033 1714 33 46 1529 1661 115 293 1663 2210 74 169 1670 1986 17 32 2106 2171 29 66 2318 2441 34 86 3191 3373 1 1 3408 3411 
12 75 78 11 274 110 187 608 1064 62 62 622 888 34 73 637 843 36 87 662 928 120 257 1166 1615 53 60 1535 1755 13 47 1814 1896 3 7 2685 2702 54 142 2958 3229 50 105 3092 3354 41 80 3193 3346 
10 19 76 461 626 81 175 806 1162 102 238 1318 1758 10 18 1318 1379 110 283 1782 2358 124 227 1928 2500 48 265 2097 2742 49 125 2703 3080 89 92 2720 3100 118 118 2877 3366 
11 109 204 126 757 44 84 858 1044 101 174 1264 1727 52 96 1824 2142 105 214 2091 2572 77 140 2493 2790 84 251 2518 2998 33 84 2524 2718 60 69 2928 3206 73 110 2983 3276 4 4 3385 3408 
11 79 175 100 457 109 230 1218 1776 15 28 1463 1548 2 4 1512 1522 14 17 1551 1611 139 201 2155 2731 52 78 2270 2492 110 257 2430 3042 127 150 2474 2992 25 25 2884 3006 26 133 3041 3362 
9 267 305 357 991 19 47 592 717 70 162 874 1275 63 68 1269 1469 38 92 1531 1748 71 128 1986 2397 73 148 2410 2682 40 130 2757 3015 16 92 2758 2932 
7 109 360 69 660 186 280 71 745 67 168 768 1219 84 130 979 1341 127 268 1664 2224 105 266 2058 2628 18 39 3026 3117 
13 6 14 35 69 6 6 91 117 117 180 396 848 32 52 736 861 122 129 1052 1479 64 103 1248 1530 80 108 1432 1850 9 25 1458 1521 111 223 2245 2744 59 112 2374 2633 8 23 2380 2432 35 75 2831 3003 30 73 3238 3361 
