15 103
5 16 42 56 187 16 35 578 695 49 68 672 893 18 28 969 1054 29 38 1082 1201 
10 13 22 110 232 17 35 205 320 5 5 382 409 28 38 832 986 9 11 937 982 18 43 947 1090 15 19 1098 1182 14 31 1163 1270 7 7 1199 1232 2 6 1228 1251 
7 9 11 295 342 12 20 369 461 26 26 480 575 18 22 482 583 33 41 542 686 30 52 672 883 1 1 1031 1035 
7 35 35 309 449 17 22 467 551 9 17 909 994 39 39 1050 1198 14 30 1107 1226 18 21 1126 1213 4 4 1237 1251 
6 4 6 17 37 5 16 311 386 64 87 351 601 53 53 384 552 21 23 774 872 26 42 1030 1163 
9 21 21 180 265 28 44 375 507 1 2 412 421 5 8 715 744 29 34 778 900 10 10 999 1040 29 40 1047 1236 3 4 1109 1128 12 22 1199 1255 
6 36 42 433 612 30 32 562 672 46 46 670 870 9 13 924 988 13 13 941 994 1 2 1221 1228 
6 12 12 64 112 29 44 306 443 42 52 474 635 25 35 871 982 25 32 1071 1222 2 4 1259 1274 
6 5 7 24 46 37 37 353 513 37 66 364 541 31 39 536 688 47 47 700 927 2 4 1252 1264 
7 46 78 13 234 24 27 47 141 14 27 155 271 21 21 251 334 6 9 456 496 5 8 715 745 19 33 795 906 
6 16 19 114 186 34 51 197 375 16 23 299 375 25 44 574 687 11 20 796 861 25 25 806 930 
10 27 38 19 244 3 3 27 50 9 9 130 170 1 1 724 729 11 26 742 821 6 11 986 1028 63 63 1019 1260 8 9 1029 1084 1 1 1051 1059 2 4 1178 1208 
5 14 44 280 407 40 40 550 727 30 31 961 1152 43 43 968 1193 8 10 1218 1255 
6 30 34 72 205 34 48 550 694 54 65 730 982 26 56 1119 1253 6 8 1121 1147 6 8 1218 1249 
7 10 20 233 344 46 46 264 516 38 66 333 561 11 18 348 429 4 4 698 730 31 31 753 904 12 71 995 1203 
