10 416
36 4 74 12 169 4 50 17 122 32 289 93 647 16 86 268 715 15 127 451 796 32 205 686 1195 16 157 739 1291 11 247 902 1514 25 159 940 1412 7 70 1063 1240 6 26 1083 1156 15 176 1222 1571 15 120 1308 1559 32 276 1332 2011 10 83 1356 1561 3 27 1401 1460 4 20 1406 1470 9 42 1680 1870 24 259 1710 2252 31 277 1815 2444 20 198 1889 2382 21 29 1942 2292 26 243 1968 2570 29 179 2168 2682 33 271 2267 2795 13 82 2337 2526 33 210 2355 2886 6 36 2357 2497 30 270 2366 2979 3 44 2491 2570 21 158 2542 2972 3 37 2543 2623 11 109 2593 2862 32 175 2667 3286 16 125 2885 3250 13 131 2943 3235 
40 25 96 79 485 32 250 108 687 26 255 506 1064 38 173 547 1095 19 155 610 884 12 115 630 982 19 179 688 1154 26 177 694 1145 3 40 991 1107 1 12 1033 1071 7 21 1242 1375 20 114 1339 1770 37 303 1351 1947 24 151 1390 1832 4 51 1393 1491 31 285 1479 2005 7 31 1488 1610 32 156 1556 2024 8 94 1611 1872 3 33 1806 1875 9 101 2018 2264 22 98 2040 2405 21 127 2253 2680 7 128 2334 2596 1 2 2447 2453 3 21 2448 2500 26 276 2508 3112 18 116 2518 2791 36 292 2611 3285 15 89 2614 2899 28 216 2702 3280 1 5 2746 2759 9 65 3006 3172 16 77 3111 3376 6 28 3155 3246 9 53 3194 3349 4 37 3277 3370 3 22 3315 3374 1 13 3319 3344 1 1 3389 3393 
39 20 240 38 482 15 162 161 467 9 112 179 371 29 186 240 835 6 44 317 449 16 60 348 586 14 134 379 651 31 322 436 1108 15 84 677 925 20 199 686 1022 14 111 733 943 12 118 753 1046 15 147 755 1151 31 332 765 1357 8 53 781 959 28 329 953 1573 3 20 964 1061 14 253 974 1471 26 126 988 1362 37 277 1116 1794 8 69 1558 1749 24 239 1638 2098 24 172 1890 2361 42 201 1930 2560 23 197 2067 2506 34 200 2097 2711 2 11 2155 2217 31 108 2204 2649 15 255 2324 2758 1 2 2516 2524 8 122 2703 2961 9 65 2845 2999 3 30 2852 2950 6 46 3105 3261 7 68 3124 3275 4 53 3140 3229 4 27 3207 3295 3 29 3293 3356 2 15 3310 3351 
42 30 217 12 604 2 8 85 126 36 222 132 793 15 103 195 433 19 185 240 612 6 50 623 777 42 248 698 1295 9 134 748 1079 24 178 763 1171 20 185 778 1237 28 201 1082 1637 2 11 1120 1148 14 137 1131 1469 18 180 1137 1488 17 145 1152 1426 35 298 1236 1871 29 187 1278 1726 4 35 1387 1516 1 11 1391 1425 16 101 1450 1786 1 24 1464 1502 24 163 1486 1919 25 177 1513 2005 10 95 1538 1865 31 152 1665 2262 12 112 1831 2106 10 54 1918 2251 7 82 1974 2155 8 89 1990 2221 18 103 2005 2401 2 17 2092 2141 3 37 2449 2543 23 275 2511 3079 22 211 2573 3136 3 17 2581 2624 26 196 2836 3366 16 144 2907 3250 8 47 2920 3048 17 129 3026 3338 2 15 3053 3095 1 5 3093 3108 5 57 3142 3248 
41 15 268 143 697 12 84 176 370 23 216 209 794 14 129 212 464 9 103 451 686 5 40 454 562 6 32 540 670 10 42 557 734 19 186 677 1034 24 164 781 1289 35 137 791 1427 42 430 902 1581 14 137 921 1370 8 27 974 1078 1 10 1013 1037 1 2 1028 1034 19 123 1030 1392 14 150 1139 1493 30 121 1149 1597 26 182 1189 1700 27 243 1311 1833 22 196 1400 1785 12 113 1427 1680 57 148 1554 2165 4 54 1568 1670 15 98 1624 1892 15 79 1755 2072 2 25 1755 1812 16 121 1797 2094 10 69 1862 2081 1 9 1898 1917 19 163 2029 2511 23 253 2321 2780 1 7 2351 2372 5 42 2589 2691 31 90 2616 3224 3 30 2870 2953 5 87 2898 3121 15 91 2910 3141 3 19 3041 3129 1 8 3210 3234 
42 11 81 78 321 24 165 192 677 9 57 219 398 13 61 271 472 13 139 292 587 5 43 538 653 33 88 553 1050 27 186 752 1240 14 143 878 1270 10 92 930 1159 1 6 935 957 2 22 968 1045 14 69 1095 1339 23 266 1112 1578 20 238 1217 1764 29 187 1388 1934 8 65 1649 1788 3 26 1828 1890 14 120 1928 2240 8 78 1975 2167 4 52 2087 2201 35 104 2158 2761 23 158 2251 2628 24 230 2303 2880 34 221 2306 2988 7 46 2336 2462 12 118 2367 2642 31 256 2458 3068 7 44 2641 2732 30 274 2782 3328 15 128 2815 3054 37 216 2821 3391 2 17 2851 2901 8 38 2987 3161 12 79 2993 3207 10 61 2996 3142 15 132 3067 3343 9 98 3083 3283 1 5 3126 3138 8 76 3167 3390 5 65 3240 3385 1 3 3388 3406 
47 8 49 6 220 29 288 48 645 1 8 131 149 12 145 280 576 25 183 306 849 18 110 550 834 7 72 633 812 14 224 651 1029 47 155 710 1318 1 5 722 738 17 181 773 1151 8 105 831 1072 16 79 955 1231 17 146 1035 1338 8 73 1071 1223 2 19 1121 1197 15 110 1187 1486 5 36 1225 1333 22 192 1316 1715 6 62 1319 1468 30 221 1420 1990 34 253 1731 2408 14 90 1744 1975 8 133 1786 2082 17 96 1798 2109 34 284 1841 2355 19 305 1921 2594 1 15 1932 1959 34 194 2113 2639 15 92 2182 2519 1 1 2333 2337 14 97 2351 2647 22 101 2428 2844 25 102 2439 2948 3 41 2543 2648 15 121 2632 2967 12 84 2656 2872 1 9 2694 2715 1 8 2817 2843 21 189 2855 3229 2 11 2858 2900 9 101 2908 3134 2 18 2910 2975 3 42 2915 2980 7 43 3073 3200 2 19 3083 3117 1 7 3337 3354 
47 11 75 118 371 12 191 167 496 34 249 175 765 23 196 242 660 13 174 334 739 2 18 387 508 21 165 639 1070 7 75 680 858 1 15 818 865 18 66 858 1143 6 51 964 1123 15 210 1045 1403 25 263 1057 1489 5 37 1100 1220 6 84 1105 1283 46 268 1200 1849 19 186 1247 1632 38 260 1359 2010 25 175 1410 1832 13 117 1743 1995 9 119 1794 2034 5 55 1894 2035 5 79 1927 2075 7 141 1978 2242 34 252 2026 2632 27 243 2108 2558 4 38 2111 2203 12 89 2168 2381 34 254 2228 2815 1 15 2235 2294 5 64 2370 2564 1 1 2375 2378 1 18 2437 2471 25 236 2565 3198 14 197 2606 3154 18 223 2802 3100 3 27 2970 3028 21 147 3006 3331 6 90 3025 3224 1 6 3127 3144 9 105 3144 3400 3 23 3159 3215 9 69 3171 3402 9 93 3205 3383 5 57 3274 3406 2 25 3312 3378 1 6 3353 3367 
39 11 57 134 348 1 11 484 508 27 247 510 963 36 314 702 1299 4 43 759 854 11 170 812 1168 12 107 820 1131 24 216 1034 1485 14 151 1055 1380 33 250 1125 1803 7 52 1125 1291 16 137 1191 1508 10 74 1282 1478 32 163 1345 1988 15 139 1377 1710 7 35 1562 1711 13 155 1675 2020 5 159 1726 2015 18 171 1807 2262 11 83 1914 2133 46 165 1945 2602 38 242 1947 2619 28 240 1964 2561 4 32 2012 2088 22 121 2214 2564 3 13 2580 2635 35 269 2709 3217 26 154 2737 3242 10 92 2763 2960 16 146 2818 3118 25 220 2843 3280 9 105 2963 3202 18 111 2999 3360 4 29 3003 3097 7 53 3038 3220 11 39 3041 3196 3 32 3076 3152 2 24 3210 3269 1 3 3400 3407 
43 30 233 10 637 16 115 150 436 24 228 171 603 8 66 217 384 22 363 295 943 20 152 406 701 13 84 524 804 31 228 570 1064 1 11 590 621 4 44 609 781 27 376 610 1188 3 34 703 784 2 15 823 856 21 175 932 1343 9 65 1074 1249 11 117 1182 1538 3 77 1196 1389 30 163 1198 1660 8 130 1309 1619 19 159 1398 1845 21 128 1495 1805 5 26 1635 1740 7 41 1654 1789 11 99 1863 2075 9 73 2011 2159 43 247 2077 2714 20 216 2306 2895 4 47 2428 2515 4 23 2464 2536 18 202 2472 2855 9 78 2497 2688 14 161 2587 2856 42 196 2611 3171 10 142 2661 2936 17 165 2773 3167 15 97 2777 3013 7 49 2845 2990 25 225 2898 3336 6 59 2904 3086 15 98 2945 3249 5 42 3167 3248 3 33 3211 3291 7 89 3221 3400 
