10 62
7 14 124 335 881 76 94 383 814 46 46 635 810 48 77 967 1245 38 61 1364 1647 30 45 1796 2002 83 110 2240 2766 
5 67 112 2 317 32 52 770 938 95 172 1986 2577 57 100 2205 2436 49 90 2818 3081 
5 129 157 5 592 28 47 110 301 102 146 972 1468 75 80 2591 2937 9 12 3035 3087 
8 40 40 1216 1440 44 67 1683 2032 23 23 1760 1845 24 36 1832 1973 133 133 1903 2444 2 7 2168 2191 64 112 2529 2875 15 15 2991 3052 
7 59 87 187 469 69 96 365 765 1 1 726 733 26 36 1069 1187 127 166 1816 2387 58 98 2744 3012 9 9 3028 3101 
6 38 47 812 1001 59 113 883 1271 36 36 1109 1254 40 101 1415 1746 41 42 2272 2453 107 107 2481 3072 
7 26 28 258 386 51 79 426 713 34 34 545 745 83 83 1879 2133 26 26 2450 2590 19 21 2517 2599 72 74 2728 3055 
6 112 112 859 1407 55 119 1042 1369 4 6 1271 1296 26 32 1808 1909 78 112 1996 2378 24 24 2868 2996 
6 72 84 585 917 91 186 1682 2239 31 45 2057 2222 73 82 2057 2433 46 73 2713 3016 12 15 2883 2935 
5 28 77 10 263 63 63 604 835 39 56 1164 1464 120 120 1697 2250 48 72 2085 2314 
