10 34
2 162 267 1455 2107 203 273 2679 3255 
5 16 22 207 257 71 71 288 440 70 86 936 1167 131 131 1884 2302 51 70 3112 3250 
5 6 6 535 551 176 176 1061 1570 210 210 1149 1622 55 69 2269 2536 17 18 3059 3109 
3 148 148 367 747 136 147 535 951 147 179 716 1120 
3 180 206 12 487 278 308 2037 2630 76 175 2626 2973 
3 177 177 1650 2176 74 79 2412 2589 79 86 3003 3209 
3 50 72 261 417 180 191 859 1377 238 238 972 1607 
3 117 137 884 1201 196 196 1193 1706 14 14 3210 3248 
3 107 135 319 588 76 108 1161 1428 177 177 1420 1889 
4 52 106 513 733 175 209 1254 1729 76 122 1394 1846 37 37 1744 1829 
