10 108
16 120 130 112 586 3 4 179 199 11 13 283 361 78 106 718 1088 57 57 830 1143 18 18 1018 1091 37 37 1180 1315 24 24 1403 1510 46 68 1429 1711 38 172 2196 2670 39 51 2263 2477 28 68 2700 2938 80 80 2850 3218 29 32 3245 3406 6 6 3257 3288 1 1 3274 3282 
9 80 80 140 599 178 178 468 1080 5 11 506 547 31 79 733 964 75 79 805 1296 108 125 1402 1995 45 65 2132 2465 123 123 2334 2943 6 11 2748 2795 
7 146 146 107 601 129 129 1184 1693 190 190 1489 2144 35 36 2099 2232 42 55 2258 2429 39 80 2352 2614 43 64 3007 3266 
12 51 71 199 428 94 94 360 946 44 58 616 964 170 170 624 1245 76 116 653 1040 17 21 1527 1600 107 107 1962 2401 36 120 2099 2503 5 5 2890 2923 54 79 2970 3245 6 7 2976 3015 7 9 3338 3366 
9 22 29 339 448 108 138 343 885 105 105 725 1286 57 87 860 1368 164 187 1035 1656 121 121 2070 2615 79 127 2350 2784 7 9 2646 2695 4 4 2703 2718 
13 22 207 32 655 80 90 93 542 5 8 216 249 61 126 419 819 63 81 1741 2033 143 151 1835 2473 75 192 2102 2656 51 91 2230 2549 17 17 2393 2458 24 32 2463 2574 77 77 2552 2823 7 11 2774 2819 17 23 3276 3355 
9 143 177 400 968 48 48 943 1227 174 174 1057 1711 38 43 1207 1440 48 68 1925 2195 171 254 2332 3008 64 94 2489 2905 12 14 2562 2619 6 10 3357 3392 
8 154 154 16 659 105 134 830 1379 96 130 1054 1665 43 43 1189 1378 196 204 1280 1931 37 78 1751 1985 129 129 2755 3350 9 9 2890 2932 
13 19 40 496 644 69 69 611 897 18 18 676 760 114 114 710 1170 76 148 777 1225 98 104 1006 1552 44 44 1562 1809 53 82 1629 1974 23 23 2396 2482 22 28 2534 2639 46 60 2830 3003 23 26 3277 3411 4 6 3324 3349 
12 113 113 412 1009 10 19 414 478 33 35 711 862 58 58 1047 1231 52 72 1363 1608 175 192 1380 1982 19 35 1785 1912 88 114 2632 2995 66 66 2692 3291 54 55 2734 3018 28 28 3156 3285 7 19 3160 3241 
