10 195
19 19 157 14 376 18 180 131 453 29 72 286 869 9 59 287 452 8 82 358 533 4 38 369 472 6 36 408 532 11 52 462 634 16 249 504 1048 21 275 527 1017 37 238 622 1165 12 123 874 1165 18 231 897 1289 17 98 1886 2190 8 80 2098 2344 27 182 2151 2664 4 47 2439 2539 15 121 2578 2896 28 279 2593 3114 
20 16 119 155 430 14 91 246 537 13 102 660 903 14 96 971 1235 32 258 1296 1825 11 78 1382 1651 21 277 1386 1967 25 110 1677 2072 39 210 1892 2487 9 215 1905 2310 6 57 2226 2347 15 64 2361 2566 8 63 2419 2598 12 143 2478 2843 25 104 2601 2910 11 85 2821 3061 4 107 2826 3026 4 74 2828 3036 1 7 2963 2990 1 14 2968 2999 
20 19 138 128 447 12 141 428 677 19 174 584 967 16 171 585 988 11 61 747 1025 14 150 1018 1330 1 6 1130 1145 25 276 1290 1886 20 247 1453 1824 25 284 1480 2005 13 42 1839 2059 29 314 1844 2428 5 64 1915 2049 23 167 1969 2364 8 74 1996 2191 7 62 2245 2451 30 185 2472 2929 7 74 2730 2911 8 46 2828 2972 1 17 3064 3106 
19 23 188 316 724 22 148 373 753 27 233 711 1166 16 120 1009 1261 7 67 1673 1831 24 153 1687 2154 4 27 1866 1942 22 162 2017 2390 17 152 2080 2481 12 147 2109 2438 2 20 2187 2246 19 198 2195 2585 6 67 2247 2384 13 79 2406 2646 23 194 2521 3094 21 228 2524 2948 17 165 2645 2996 10 93 2867 3063 1 2 3105 3110 
19 23 130 11 576 1 3 122 131 5 63 214 346 15 169 294 576 13 119 544 1071 25 188 704 1116 20 130 1195 1520 4 99 1301 1503 35 162 1582 2208 36 266 1667 2284 18 115 1810 2185 15 45 1811 2112 30 178 2310 2896 21 36 2714 3045 16 115 2731 3006 3 37 2871 2967 15 80 2889 3130 9 56 2924 3080 2 21 3009 3071 
22 31 201 116 606 21 77 118 530 6 76 127 313 32 172 167 751 6 48 462 592 23 310 535 945 1 1 846 852 24 151 864 1204 15 138 1438 1792 1 31 1899 1956 21 132 1899 2204 3 43 1926 2018 14 149 1945 2234 22 193 1983 2425 10 177 2251 2591 4 22 2258 2324 20 283 2335 2877 17 137 2397 2793 7 55 2605 2738 10 131 2740 3002 1 4 2961 2968 4 29 3015 3086 
18 25 266 19 509 7 58 127 288 23 288 210 725 22 123 369 735 26 266 560 1067 7 51 675 851 19 212 1011 1634 1 7 1338 1363 21 183 1393 1863 29 246 1582 2119 11 58 2021 2198 31 246 2031 2645 22 152 2143 2549 26 275 2508 3088 7 63 2637 2787 3 24 2671 2728 5 82 2969 3131 1 5 3097 3111 
21 39 299 213 834 5 29 260 342 2 14 269 300 21 139 424 901 17 154 490 977 3 83 502 665 30 169 513 1044 10 83 735 937 1 11 1254 1278 26 285 1542 2021 2 42 1577 1712 34 173 1797 2363 10 39 1874 2078 17 142 1939 2242 6 94 2034 2226 1 6 2068 2080 12 125 2217 2447 23 152 2565 3129 20 212 2673 3043 1 2 2854 2862 2 19 3090 3135 
19 4 32 124 247 31 140 374 880 7 30 419 530 18 171 848 1213 23 254 851 1337 11 83 907 1101 17 133 1299 1587 31 182 1299 1873 19 142 1529 1858 2 25 1834 1889 12 101 1878 2097 31 234 1878 2432 19 201 2052 2481 13 58 2321 2495 15 192 2515 2892 26 304 2621 3070 4 30 3042 3114 3 15 3079 3135 1 6 3101 3119 
18 11 67 309 555 14 139 890 1154 17 110 1136 1394 12 91 1140 1485 6 29 1141 1239 15 125 1243 1553 16 65 1509 1727 31 149 1512 2057 7 157 1647 2117 20 187 1685 2164 13 134 1839 2279 30 252 1909 2429 30 133 2008 2380 29 226 2093 2699 8 108 2115 2323 10 119 2324 2627 20 158 2513 2959 1 1 3063 3066 
