10 189
23 2 27 28 128 5 37 158 284 13 138 225 464 9 74 294 495 26 201 356 854 8 85 507 847 10 47 698 866 13 80 889 1161 7 130 988 1297 3 29 1063 1130 29 158 1129 1647 20 228 1251 1632 1 12 1425 1467 19 233 1462 2021 14 137 1576 1992 24 242 1581 2123 13 86 2527 2749 7 182 2568 2842 9 95 2570 2831 26 161 2622 3094 14 141 2684 3084 3 16 2828 2898 1 1 3112 3115 
21 22 212 98 692 30 251 195 682 18 131 570 936 1 5 579 594 29 230 664 1226 14 76 918 1171 11 89 1014 1229 7 50 1156 1320 30 141 1278 1765 14 170 1461 1774 11 87 1530 1722 15 136 1712 2062 16 181 1865 2207 1 4 1888 1898 21 127 1957 2307 3 26 1963 2044 17 240 2055 2505 15 240 2592 3058 15 119 2716 3097 3 20 2852 2916 1 2 3028 3035 
20 27 154 223 724 15 219 693 1184 8 51 957 1092 5 41 1037 1141 9 110 1146 1379 16 130 1276 1662 3 48 1301 1406 26 194 1391 1927 37 249 1658 2242 7 39 1661 1790 30 218 1734 2335 10 142 1741 1975 24 200 1806 2352 1 17 1894 1924 38 313 2079 2663 22 209 2302 2625 3 43 2540 2631 13 156 2646 3008 2 26 2714 2784 5 56 2998 3123 
18 27 245 592 1109 16 128 874 1283 26 177 1050 1574 18 205 1154 1581 37 182 1326 1914 8 142 1349 1593 30 224 1470 2013 6 55 1848 1966 23 160 1961 2331 12 194 1974 2385 2 12 2418 2454 12 83 2472 2697 25 202 2553 3062 8 93 2609 2806 23 142 2662 3105 8 34 2695 2825 3 31 2729 2785 5 43 2981 3082 
20 4 28 138 204 32 144 460 1014 10 119 465 691 15 168 861 1272 13 152 1314 1665 10 204 1407 1937 8 54 1479 1673 12 68 1840 2034 6 74 1899 2034 10 100 1942 2161 3 14 1971 2015 25 91 2006 2416 28 134 2214 2684 19 122 2221 2498 30 266 2253 2847 27 149 2388 2793 16 115 2686 3020 6 70 2786 2927 15 96 2816 3117 7 94 2864 3015 
17 17 249 79 564 21 132 125 479 26 291 245 781 15 97 337 710 11 118 537 769 40 263 654 1251 32 188 705 1199 11 79 888 1093 21 144 1289 1635 3 19 1384 1447 21 247 1572 2092 1 7 1642 1662 13 147 1778 2140 25 214 1785 2209 9 66 1812 1975 9 57 1995 2156 12 63 2310 2516 
15 25 187 99 506 13 47 109 334 29 245 150 696 20 106 385 725 26 264 750 1309 24 226 1038 1604 19 200 1084 1523 9 93 1164 1409 21 203 1363 1898 27 220 1943 2431 28 177 2101 2491 20 150 2336 2874 8 66 2377 2568 3 45 2723 2825 8 31 2946 3103 
20 35 266 105 676 39 327 404 1018 19 148 421 770 16 135 435 858 9 99 454 654 8 63 463 651 25 174 583 1139 1 11 590 609 13 91 604 918 23 70 875 1372 9 51 1033 1188 6 50 1116 1252 11 169 1133 1548 6 63 1637 1833 9 56 1640 1791 10 121 1646 1919 10 75 1973 2155 18 180 2473 2819 21 199 2619 3047 1 16 2735 2786 
16 20 190 36 580 19 169 92 608 28 168 98 630 17 165 99 573 21 120 329 739 25 158 493 869 16 165 835 1291 20 234 1009 1446 9 88 1116 1338 4 35 1342 1443 9 91 1752 2002 26 200 2065 2555 10 84 2114 2331 19 138 2471 2964 16 134 2627 2926 16 113 2655 2904 
19 7 61 188 365 9 133 359 653 32 282 923 1529 5 30 1146 1220 20 176 1296 1617 16 206 1431 1834 28 175 1695 2240 13 148 1786 2097 1 156 1819 2218 44 87 1821 2440 17 109 1844 2230 3 31 2004 2075 12 156 2156 2560 24 230 2262 2712 19 126 2478 2835 5 95 2630 2896 17 202 2648 3024 1 6 2976 2987 1 1 3117 3124 
