10 61
6 59 85 688 983 43 91 1348 1570 87 109 1905 2322 90 154 2688 3161 31 31 3083 3237 13 18 3183 3235 
4 122 129 534 1026 54 54 939 1171 136 173 2501 3141 6 7 3214 3249 
9 16 17 55 161 38 67 420 742 33 53 1316 1466 55 65 1531 1885 122 122 2117 2701 77 87 2382 2798 52 58 2574 2879 5 5 3004 3038 11 14 3183 3264 
4 105 127 978 1439 17 17 1242 1333 78 94 1960 2345 132 132 2036 2467 
5 124 124 229 643 32 65 322 555 107 144 1197 1664 26 31 2968 3079 23 25 3146 3252 
11 17 30 167 299 17 31 603 704 92 158 1487 2018 113 133 1630 2139 6 15 1751 1812 55 102 2334 2732 23 35 2405 2643 25 42 2408 2597 9 19 2712 2761 11 11 3129 3173 12 18 3129 3200 
6 14 16 459 540 111 135 1335 1772 58 79 1475 1814 78 78 1694 1975 61 110 2429 2817 1 3 3183 3194 
5 100 184 7 524 114 114 69 579 95 139 522 1015 65 142 833 1220 4 4 3124 3147 
6 4 10 666 730 86 125 736 1159 88 126 1485 1837 41 47 1654 1844 99 195 2195 2736 78 78 2864 3178 
5 141 161 0 573 87 87 149 711 52 52 191 377 23 23 1291 1372 85 85 2837 3238 
