10 65
6 60 119 267 636 71 71 753 1102 67 91 788 1101 105 145 1321 1781 117 117 2519 2920 12 29 2823 2901 
6 113 113 1715 2230 40 89 1865 2137 92 136 2457 3061 75 83 2643 3111 28 42 2952 3164 11 33 2964 3056 
6 120 154 821 1443 8 11 1097 1141 42 106 1590 2036 55 55 2246 2533 190 190 2521 3154 26 29 3035 3191 
6 78 78 57 413 5 10 95 129 85 85 119 509 54 94 962 1270 106 185 1271 1878 14 21 1897 1978 
3 181 181 924 1549 94 94 2030 2503 94 122 2183 2713 
7 60 60 945 1169 33 37 1340 1522 48 57 1529 1817 71 114 1535 1858 58 132 1705 2120 29 51 2267 2444 37 76 2271 2457 
8 69 85 434 831 72 100 712 1064 119 162 1012 1503 77 121 1927 2464 18 28 2317 2428 12 19 2685 2764 2 2 2746 2756 2 3 3061 3077 
6 14 20 429 536 139 139 1232 1817 3 11 1695 1730 112 112 2317 2820 122 151 2457 2925 64 97 2571 2899 
8 26 37 368 517 70 74 679 1034 149 149 859 1486 4 8 1109 1140 25 37 1506 1648 116 124 1625 2066 52 90 2635 2915 28 32 3025 3138 
9 3 3 396 414 52 68 909 1121 11 19 951 1013 71 123 1004 1468 66 109 2016 2476 63 94 2318 2744 95 95 2379 2800 32 32 2931 3135 1 1 3005 3011 
