10 112
9 9 10 114 150 87 117 129 543 32 57 220 461 48 82 482 965 196 201 493 1116 72 72 1182 1507 63 119 2524 2980 52 76 2745 3006 64 72 2798 3111 
8 107 112 6 603 106 220 96 702 91 96 410 948 112 116 1436 1870 102 111 1991 2546 114 114 2036 2492 26 40 2801 3087 8 10 3222 3258 
9 44 73 39 371 75 75 43 326 32 33 209 383 86 214 341 897 89 89 840 1144 78 83 1082 1512 64 83 1270 1644 101 115 1982 2363 33 45 3077 3262 
11 107 107 77 497 55 55 729 949 23 28 1056 1171 104 104 1295 1793 20 53 1727 1906 46 65 2193 2383 72 88 2362 2681 19 30 2531 2667 16 18 2538 2615 49 71 2689 2894 91 91 2898 3318 
13 28 50 116 260 5 5 317 343 93 93 748 1136 119 125 1297 1818 44 56 1324 1499 78 100 1508 1880 67 67 1519 1923 24 47 1712 1901 20 36 1740 1913 2 3 1855 1869 20 20 2898 2970 61 68 3079 3407 59 59 3131 3330 
6 155 171 672 1268 110 110 737 1271 14 20 847 953 101 104 2183 2650 184 184 2308 2990 44 56 3199 3386 
19 32 52 105 334 37 79 249 511 11 21 295 422 71 105 1109 1551 14 16 1247 1298 43 43 1352 1632 26 50 1510 1675 162 234 1699 2325 27 27 2181 2297 66 72 2440 2768 86 108 2538 2969 47 90 2704 3022 30 43 2713 2870 76 195 2841 3401 6 7 2969 3001 2 4 2974 2988 8 13 3096 3150 5 5 3321 3339 1 2 3407 3414 
10 142 142 614 1161 65 114 738 1269 179 179 1126 1778 8 14 1739 1797 27 32 1754 1863 37 41 1769 1925 12 18 2739 2802 39 39 2754 2933 95 95 3016 3368 44 47 3138 3342 
14 54 56 418 704 8 11 425 469 78 78 797 1153 53 53 1078 1339 53 88 1282 1665 67 104 1625 1976 65 68 1955 2281 103 131 2011 2420 102 105 2023 2370 26 26 2181 2289 30 34 3024 3187 34 50 3043 3248 12 16 3138 3206 1 2 3306 3321 
13 27 39 31 156 25 32 640 758 139 193 999 1650 136 136 1010 1484 46 50 1084 1268 168 168 1487 2109 86 153 1627 2085 28 28 2258 2439 18 29 3217 3330 4 5 3270 3301 29 35 3278 3408 9 14 3363 3415 1 1 3377 3388 
