10 149
12 74 268 962 1439 252 258 983 1613 162 272 1026 1716 68 107 1262 1585 50 155 1533 1920 50 77 1666 1910 143 196 1739 2269 20 64 2222 2402 67 181 2252 2630 32 63 2823 2982 48 72 2975 3211 119 210 3203 3693 
21 32 46 480 583 22 32 486 591 1 3 691 699 27 89 838 1039 35 70 955 1104 2 6 990 1004 156 282 1336 2014 120 120 1338 2018 16 22 1489 1558 89 158 1900 2300 124 266 1927 2597 41 271 1973 2501 67 308 2032 2596 37 65 2216 2385 12 35 2259 2319 14 30 2593 2658 49 108 2769 3089 102 198 2841 3358 37 92 3223 3501 1 2 3353 3360 20 29 3497 3589 
15 56 120 129 362 108 259 182 748 10 32 392 476 42 81 502 746 103 123 526 944 83 240 864 1488 31 31 1798 1936 111 242 2171 2758 31 50 2537 2689 162 255 2567 3064 22 32 2740 2812 76 200 3049 3584 95 197 3073 3453 62 124 3125 3430 68 129 3228 3597 
14 36 81 310 498 121 186 564 1121 160 386 1231 1910 138 254 1320 1943 134 318 1378 2109 228 291 1425 2149 44 128 2045 2282 43 63 2075 2264 128 193 2108 2607 44 61 2978 3173 15 23 3005 3073 23 52 3090 3192 5 13 3255 3283 1 4 3645 3655 
13 145 279 535 1193 89 124 557 902 74 209 1221 1604 1 2 1364 1369 128 128 1488 1957 100 196 1636 2130 80 160 1667 2103 56 170 1697 2073 112 199 1812 2320 150 216 2019 2579 16 33 2844 2931 34 43 3300 3424 20 21 3340 3420 
14 122 179 267 899 16 23 1042 1125 75 194 1234 1617 25 76 1339 1477 81 170 1624 2158 110 269 1978 2580 91 128 2157 2562 112 411 2313 3023 30 65 2679 2798 78 99 3113 3474 88 232 3160 3602 55 93 3238 3493 97 163 3270 3550 38 82 3473 3685 
14 62 218 1 478 144 176 586 1152 94 117 637 1034 88 156 660 1017 86 163 1053 1409 133 311 1217 1766 18 27 1726 1785 93 93 2026 2456 51 86 2442 2653 55 224 2999 3537 78 93 3017 3336 55 161 3188 3482 17 26 3550 3636 4 10 3626 3662 
13 17 33 5 104 51 61 298 504 9 59 409 569 161 283 450 1168 62 89 996 1309 117 227 1162 1774 49 204 1192 1649 132 263 1619 2290 119 219 1849 2466 51 82 2208 2442 115 282 2476 3120 2 3 2764 2776 90 185 3247 3564 
16 152 260 182 910 29 53 212 348 129 366 585 1277 98 159 1357 1816 63 100 1653 1897 89 198 1844 2372 4 6 1965 1980 78 159 2123 2507 68 165 2221 2909 79 79 2395 2894 35 294 2404 2928 72 155 2557 2952 43 117 2637 3040 11 31 3268 3339 59 89 3319 3603 7 12 3585 3622 
17 139 296 182 764 113 258 485 1122 24 46 686 833 31 72 947 1111 128 227 1027 1644 31 53 1109 1256 9 20 1538 1583 143 298 1764 2478 33 63 1781 1925 47 70 1888 2069 82 111 2084 2459 17 44 2292 2369 137 194 2399 2937 6 20 2547 2601 64 170 2785 3143 26 26 3044 3164 1 1 3689 3693 
