10 169
21 114 224 47 636 33 61 90 334 72 74 213 527 27 51 493 664 24 92 599 975 96 131 789 1226 63 136 1272 1732 27 35 1635 1783 59 111 1841 2165 19 26 1931 2008 49 65 2211 2494 98 118 2266 2879 63 63 2318 2601 63 92 2355 2660 20 23 2393 2498 56 120 2687 3234 80 104 2823 3273 28 60 2854 3045 88 127 3219 3611 38 101 3329 3628 6 11 3401 3434 
19 44 95 531 900 115 176 558 1155 6 9 676 710 98 160 733 1228 12 12 860 907 46 70 981 1225 43 59 1235 1517 90 109 1305 1865 74 120 1315 1737 16 18 1690 1802 134 134 2216 2871 97 97 2478 2805 79 137 2490 2874 19 45 2499 2710 8 8 2593 2623 101 168 2806 3500 85 171 2852 3508 9 16 3555 3600 18 18 3625 3698 
18 50 67 281 656 18 20 738 812 137 138 818 1544 51 62 1043 1358 77 115 1137 1527 15 38 1267 1389 60 87 1399 1668 110 204 1439 2093 182 182 1448 2179 84 84 1658 1966 121 178 1678 2296 16 17 2083 2150 73 86 2659 3079 43 104 2698 3018 27 27 3078 3174 16 18 3098 3178 25 30 3309 3437 2 2 3594 3605 
15 43 43 26 188 142 181 295 919 26 41 655 821 138 207 679 1370 4 10 862 893 145 145 949 1432 72 107 980 1454 88 126 1137 1662 89 90 1547 1903 129 129 1746 2431 80 84 2743 3128 110 207 2861 3425 18 38 2982 3115 20 35 3442 3572 3 4 3688 3702 
18 181 181 748 1426 140 140 763 1337 104 104 874 1287 56 96 957 1355 23 40 974 1144 72 72 1021 1308 7 7 1278 1309 101 188 2106 2621 30 33 2349 2532 107 107 2367 2909 35 50 2460 2707 8 15 2569 2624 45 45 2731 2951 78 122 3248 3598 35 35 3338 3514 27 76 3403 3660 11 11 3551 3597 13 35 3591 3703 
15 67 70 204 620 153 163 669 1160 109 152 874 1528 1 2 1123 1130 32 35 1317 1447 88 124 1652 2013 46 46 1972 2164 64 101 2075 2586 171 244 2125 2818 59 68 2319 2575 78 78 2348 2960 86 141 2918 3323 71 107 3067 3496 36 39 3165 3334 85 106 3267 3672 
13 171 171 64 697 40 84 188 470 123 123 314 793 151 151 391 1121 40 44 445 680 45 45 477 679 198 198 657 1370 140 209 1903 2511 15 16 1976 2040 31 31 2373 2524 73 115 2823 3273 177 177 2904 3584 24 41 3344 3485 
16 93 93 222 672 77 77 265 557 46 68 561 912 165 165 1121 1789 57 57 1131 1521 102 102 1179 1774 21 21 1762 1870 93 129 1874 2530 69 102 2003 2418 21 63 2266 2580 5 104 2932 3330 125 147 3116 3575 28 78 3127 3393 62 78 3212 3625 101 101 3237 3688 46 73 3454 3687 
17 139 139 4 683 102 167 117 740 89 110 230 766 24 24 255 337 121 121 286 829 42 53 590 838 31 40 620 785 48 52 970 1197 13 14 1576 1709 119 227 1588 2252 22 28 1615 1731 34 54 1873 2069 133 217 1990 2625 80 260 2035 2645 7 11 2328 2382 62 210 2462 3197 44 87 3163 3439 
17 62 88 56 360 43 50 456 732 62 62 496 809 31 37 889 1056 62 101 1075 1512 118 133 1378 2066 90 90 1679 2174 93 137 1772 2342 81 158 1793 2241 96 130 1794 2363 59 113 1888 2329 26 39 1948 2081 34 86 2013 2259 53 132 2567 2983 15 20 2702 2777 65 65 3072 3330 131 173 3102 3666 
