10 109
9 121 155 105 673 29 72 914 1082 145 145 1402 1916 50 101 2085 2282 105 227 2243 2843 52 123 2400 2625 78 177 2529 2974 93 228 2563 2941 49 109 2677 2878 
14 39 178 340 674 32 72 399 565 4 6 928 945 14 22 1039 1099 13 25 1059 1132 45 55 1118 1346 14 30 1199 1248 110 236 1643 2082 94 204 2013 2485 99 195 2132 2469 83 136 2283 2620 8 8 2335 2373 79 235 2799 3271 85 203 2853 3207 
12 144 280 21 623 11 20 134 184 79 109 299 708 100 217 356 854 23 99 424 603 119 304 555 1086 4 7 1437 1472 11 32 1609 1685 28 49 1739 1855 5 5 1817 1845 105 151 1937 2443 49 56 2018 2220 
10 88 209 549 1022 25 45 1272 1381 106 209 1409 1815 36 107 1421 1631 59 140 1450 1845 113 283 1532 2132 86 280 1563 2104 12 18 1886 1931 28 59 2215 2363 84 225 2369 2825 
9 78 215 422 884 54 177 798 1116 116 274 937 1545 92 269 1336 1913 84 136 1528 1939 28 133 1614 2012 22 41 2061 2163 95 98 2374 2724 88 254 2755 3212 
13 41 82 133 379 60 133 286 569 3 3 302 317 66 160 374 680 24 53 441 551 80 108 528 894 15 59 708 831 17 45 1139 1245 47 131 1513 1816 117 203 1926 2449 78 132 2002 2459 80 148 2631 2976 3 12 3255 3274 
14 3 10 280 303 9 22 425 469 42 113 789 1109 124 326 956 1571 129 166 1029 1662 37 126 1482 1716 142 182 1783 2349 26 72 2156 2365 82 101 2612 2937 15 37 2638 2726 13 32 2716 2785 10 10 3113 3161 12 41 3206 3284 1 1 3309 3312 
10 66 96 105 494 91 218 1157 1636 156 268 1386 1988 94 218 1448 1891 25 81 1790 1934 60 90 1993 2320 45 63 2141 2325 33 112 2179 2422 72 104 3012 3269 5 6 3157 3182 
8 84 165 89 484 27 40 327 417 38 100 1080 1324 80 183 1347 1645 113 293 1815 2468 131 276 2155 2750 46 107 2669 2968 108 264 2674 3264 
10 33 61 282 470 62 101 357 694 34 97 454 649 117 314 677 1323 167 298 766 1373 118 118 922 1383 6 12 1070 1109 161 190 1476 2023 51 158 2784 3214 22 32 3081 3161 
