10 151
16 97 175 64 566 29 33 68 211 6 13 539 587 11 11 734 799 166 166 893 1422 133 166 1037 1602 82 82 1073 1445 28 74 1083 1422 69 212 1286 2000 36 68 1608 1886 114 161 1853 2523 20 41 1899 2025 28 39 2357 2521 79 79 2498 2985 29 75 3286 3519 18 27 3468 3584 
14 69 75 280 545 73 78 498 841 42 59 794 1104 111 111 1202 1594 88 96 1235 1718 89 161 1276 1877 105 105 1457 2022 123 202 1501 2198 21 32 1774 1887 106 160 1788 2270 9 18 2049 2141 16 17 2285 2382 77 113 2323 2696 47 59 2853 3103 
11 114 171 608 1284 122 122 677 1321 109 154 1413 1920 110 142 1610 2113 72 161 2003 2703 79 86 2059 2529 78 144 2247 2672 11 11 2277 2329 93 106 2471 3129 61 81 2577 2871 108 142 2636 3250 
18 11 11 157 215 79 115 211 657 73 181 288 880 27 30 538 664 55 95 594 990 32 40 647 787 101 141 699 1185 37 37 812 964 13 21 817 915 60 71 821 1039 37 37 1081 1252 6 6 1437 1465 82 128 1508 1931 105 105 2849 3316 33 33 2932 3072 103 121 2955 3511 108 108 2976 3404 1 1 3575 3579 
18 108 132 124 600 21 27 176 263 87 139 628 1266 74 99 1298 1666 12 17 1348 1419 171 171 1511 2208 140 140 1621 2276 38 98 1817 2141 36 66 1819 1999 70 152 1858 2538 43 61 1899 2107 99 102 2594 3043 56 119 2661 3104 44 44 2835 3030 21 24 3419 3544 5 5 3448 3467 12 21 3448 3551 3 4 3541 3559 
14 7 18 130 189 28 29 423 563 145 158 573 1193 135 174 680 1267 152 229 1152 1862 189 189 1528 2099 1 1 2329 2336 21 21 2451 2547 76 121 2507 2901 49 49 2884 3075 40 66 3031 3215 26 64 3168 3459 71 71 3220 3519 13 13 3487 3542 
16 48 76 320 676 83 151 348 909 12 37 662 795 31 127 795 1218 130 167 1135 1830 119 130 1170 1715 71 71 1388 1714 159 159 1399 2098 1 1 1453 1458 70 101 1610 2053 14 14 1940 1988 11 19 2246 2357 78 142 2742 3239 85 148 2831 3234 28 60 2898 3086 11 18 3490 3561 
13 127 219 710 1406 87 137 760 1186 70 168 823 1360 54 211 1082 1722 68 94 1239 1617 5 11 1254 1299 93 93 1858 2167 182 192 2501 3157 123 123 2582 3112 46 88 3041 3353 76 94 3112 3423 12 12 3463 3515 10 10 3537 3576 
14 21 31 21 184 125 145 252 780 49 63 593 971 157 181 814 1454 48 76 886 1187 169 169 1080 1739 53 91 1458 1791 49 49 1612 1808 29 29 1981 2119 88 88 2394 2920 103 219 2920 3539 60 81 3206 3554 14 32 3230 3332 9 11 3380 3428 
17 113 113 383 837 81 117 394 899 16 27 831 914 59 111 1116 1416 158 158 1706 2346 18 18 1909 1987 51 78 1966 2255 100 110 2218 2600 49 49 2243 2436 54 54 2546 2871 117 127 2619 3149 72 140 3055 3579 43 59 3144 3390 24 24 3403 3497 13 15 3413 3462 10 10 3437 3485 3 3 3572 3590 
