10 136
11 96 167 385 797 25 51 421 574 55 206 475 911 122 207 724 1284 128 152 861 1409 22 73 1380 1515 45 102 2383 2662 89 270 2413 3019 109 225 2645 3237 35 71 2952 3071 8 30 3307 3369 
14 157 242 18 582 36 60 140 324 66 69 390 612 5 12 632 672 70 221 699 1042 6 15 966 1008 45 86 1360 1586 110 205 1475 1928 55 98 1904 2178 44 105 1965 2186 82 128 2613 2917 1 2 2747 2751 66 98 2763 3067 2 2 3166 3178 
9 120 309 332 884 90 132 344 661 113 238 378 992 105 122 694 1086 44 176 729 1220 68 122 1396 1772 34 122 1696 1993 82 198 1879 2270 60 141 2558 2990 
16 78 184 198 724 51 80 285 498 69 158 494 927 60 104 626 835 33 57 627 819 5 5 793 810 95 175 1261 1745 15 27 1397 1463 21 51 1743 1878 61 182 1915 2270 84 155 2089 2461 57 188 2872 3370 72 109 2982 3374 5 7 3047 3073 2 5 3209 3220 19 46 3270 3373 
13 39 115 88 318 170 327 259 862 69 77 807 1118 44 112 900 1123 17 55 1448 1642 17 36 1918 2016 76 270 2122 2733 21 25 2332 2418 75 184 2666 3114 72 97 2800 3072 59 89 2863 3067 48 76 3003 3212 41 151 3039 3369 
14 73 100 255 521 129 247 1104 1563 67 67 1695 1982 75 138 1764 2322 33 79 1818 1988 45 57 2015 2210 69 158 2032 2380 118 118 2165 2624 50 73 2330 2557 3 13 2421 2449 7 25 2732 2776 2 10 2751 2773 45 84 3098 3282 3 9 3253 3274 
18 28 53 223 380 11 24 323 391 15 23 690 745 133 217 699 1217 26 34 863 965 157 223 1535 2161 60 184 1709 2134 49 112 1741 1975 44 60 1901 2048 39 57 2200 2359 48 148 2268 2602 18 99 2611 2854 70 79 2633 2999 50 163 2804 3146 19 52 2945 3104 10 35 3000 3073 10 20 3012 3070 32 83 3039 3194 
14 17 44 1116 1229 30 73 1168 1309 141 240 1249 1772 19 48 1383 1498 119 232 1444 1875 93 138 1516 1859 110 198 2182 2718 3 15 2355 2387 67 208 2440 3004 106 151 2717 3110 23 45 2766 2872 19 24 2794 2961 27 48 2963 3090 7 9 3231 3257 
16 8 28 337 405 50 123 342 725 13 21 564 620 66 169 792 1193 32 66 1260 1454 19 45 1598 1713 138 261 1661 2288 22 93 1728 1923 84 205 1792 2362 123 331 2455 3031 53 125 2575 2917 51 196 2603 3149 3 3 2712 2731 24 24 2750 2848 53 117 3055 3329 8 11 3109 3158 
11 101 216 14 598 60 102 238 527 74 186 271 700 43 54 699 898 73 150 1071 1404 82 144 1602 2055 97 98 1925 2277 41 103 2055 2311 114 256 2251 2921 14 18 2708 2816 6 11 3271 3298 
