10 182
17 59 80 42 335 7 8 56 95 77 186 444 934 122 241 572 1108 37 184 679 1045 98 379 980 1695 12 27 1038 1112 51 126 1131 1431 141 141 1668 2216 54 119 1678 1933 114 175 2052 2563 116 257 2333 2994 103 210 2437 2892 134 243 2499 3041 32 63 2943 3092 26 49 3056 3201 33 112 3266 3476 
25 26 29 240 349 20 77 498 720 7 24 642 697 14 55 896 1002 58 135 986 1419 53 117 1103 1403 42 73 1201 1416 1 3 1397 1406 136 315 1638 2264 116 207 1819 2409 37 72 1889 2070 34 85 1971 2175 64 81 2177 2482 34 73 2191 2364 10 19 2278 2349 59 152 2292 2677 137 248 2302 2837 1 3 2353 2360 18 38 2462 2554 164 261 2746 3461 75 198 2993 3594 9 23 3132 3189 8 13 3134 3174 35 69 3193 3443 12 12 3327 3385 
15 111 258 167 771 174 186 676 1393 63 182 677 1007 90 193 710 1189 99 167 726 1293 124 242 1110 1670 87 291 1613 2182 66 325 2049 2625 149 166 2080 2780 47 66 2426 2623 40 114 2616 2796 13 25 2637 2716 87 248 2970 3588 1 1 3139 3148 41 41 3426 3592 
18 37 73 330 523 146 282 392 1013 88 242 659 1289 170 272 853 1555 166 284 1010 1602 107 216 1237 1789 49 106 1369 1602 99 221 1514 1988 1 2 1580 1587 34 139 1732 1949 44 44 1733 1973 76 108 2445 2820 103 103 2773 3155 90 263 2982 3643 40 78 3078 3289 34 59 3263 3414 7 12 3379 3412 1 1 3646 3650 
22 44 88 206 445 172 320 246 924 174 264 266 847 84 176 266 781 69 125 353 648 3 13 385 410 34 76 779 989 20 64 783 930 98 211 1574 2240 37 124 1618 1919 29 33 1765 1917 98 251 1921 2440 89 193 2341 2816 23 47 2553 2676 12 19 2565 2631 38 116 2965 3465 3 6 3094 3111 84 188 3231 3624 24 40 3380 3533 37 78 3427 3568 23 89 3489 3669 15 24 3532 3614 
16 81 140 2 347 51 104 50 329 199 240 137 863 112 247 175 714 17 38 268 360 102 143 311 738 28 67 346 608 121 245 951 1488 45 79 1044 1276 88 118 1935 2252 98 200 2049 2543 28 50 2335 2465 66 152 2340 2765 58 93 2726 3126 65 92 2906 3247 65 92 3360 3645 
14 135 258 397 1077 77 166 452 988 154 155 577 1247 102 203 1157 1609 159 263 1541 2092 13 43 1819 1900 74 107 2291 2511 43 49 2499 2728 120 292 2536 3149 79 272 2626 3045 50 151 3031 3370 95 167 3216 3666 10 14 3244 3287 75 124 3367 3666 
16 88 306 12 455 58 125 34 348 71 95 264 587 92 317 630 1337 76 153 700 1002 12 19 1344 1381 76 141 1715 2046 120 248 1764 2298 82 96 1828 2155 148 365 1961 2674 39 56 2272 2458 158 189 2946 3547 36 77 3019 3212 54 174 3047 3468 41 81 3206 3422 17 43 3526 3600 
19 130 226 6 683 93 217 261 694 59 112 313 674 38 52 505 651 36 155 627 1056 69 189 832 1250 18 38 861 949 24 84 1009 1169 17 28 1094 1171 73 126 1375 1699 61 190 1459 1961 129 314 2025 2719 84 282 2116 2722 49 153 2139 2571 33 83 2418 2627 77 105 2613 2995 53 88 2868 3089 101 122 2877 3347 3 5 3542 3561 
20 35 99 42 261 114 238 45 510 5 10 59 82 85 176 200 583 89 237 227 630 15 35 448 543 25 74 508 701 41 138 659 913 150 350 759 1487 23 74 942 1071 15 18 1101 1173 96 250 1638 2122 120 120 1974 2392 83 200 2547 2925 115 171 2678 3147 9 41 2718 2846 59 151 3069 3377 24 74 3241 3366 47 70 3349 3518 4 8 3585 3608 
