10 211
20 14 111 33 379 20 153 69 404 29 194 361 940 23 142 577 992 25 166 696 1191 24 211 737 1153 2 28 819 891 7 45 897 1032 39 275 921 1518 12 149 1397 1721 8 69 1397 1566 7 57 1662 1799 17 114 1997 2426 7 67 2008 2214 4 31 2178 2270 29 332 2470 3056 9 101 2691 2993 1 22 2961 2998 1 6 3050 3063 1 1 3100 3104 
26 6 52 20 149 26 239 182 784 5 36 223 298 9 93 310 529 1 5 380 425 4 64 532 693 18 159 582 897 24 112 583 1052 6 40 587 725 14 106 799 1010 14 130 982 1231 4 84 1085 1256 6 18 1125 1235 12 83 1219 1440 14 88 1454 1672 17 159 1603 1910 2 16 1768 1807 10 91 1771 1989 20 89 1817 2185 10 48 1854 2049 20 47 2138 2492 2 31 2459 2531 8 59 2568 2712 15 140 2607 2973 13 153 2757 3034 1 4 3050 3063 
25 6 102 103 418 5 53 212 317 9 83 239 478 4 35 593 664 20 104 615 1005 10 56 711 936 3 21 1037 1104 7 63 1079 1258 37 176 1203 1725 12 100 1277 1501 15 89 1403 1710 20 128 1585 1990 21 207 1593 2126 28 232 1777 2277 14 113 1874 2082 13 109 1968 2321 3 20 2149 2194 2 14 2206 2237 20 143 2397 2856 7 62 2559 2703 14 104 2628 2932 9 59 2865 2992 6 39 2885 3025 2 16 3015 3082 3 30 3015 3088 
20 18 114 144 393 22 362 188 745 16 164 333 670 2 24 548 586 20 229 929 1546 27 204 945 1474 21 203 1060 1575 26 264 1320 1882 5 63 1355 1525 15 294 1403 1943 28 177 1447 2052 4 34 1545 1633 26 71 1623 2106 13 156 1778 2152 11 231 2421 2832 21 204 2481 3054 9 135 2550 2895 15 201 2622 3076 1 19 2944 2993 1 17 3055 3105 
16 20 226 37 513 8 104 163 373 22 157 1141 1587 11 89 1286 1526 26 203 1299 1757 25 305 1299 1904 26 314 1422 1948 35 198 1922 2523 26 170 2056 2500 16 127 2063 2415 20 149 2068 2568 11 120 2231 2492 19 213 2252 2849 2 28 2391 2459 16 172 2485 2910 6 33 2967 3085 
27 1 7 71 89 5 64 132 278 1 9 372 405 9 86 650 869 25 190 812 1419 9 143 975 1233 4 15 1046 1123 3 37 1281 1353 32 220 1315 1774 14 109 1352 1683 1 3 1535 1547 5 40 1536 1646 18 92 1595 1836 11 152 1673 1965 2 28 1711 1772 18 95 1798 2041 30 183 1808 2346 20 309 2237 2771 16 233 2328 2942 1 3 2390 2396 6 14 2548 2664 16 123 2588 3056 9 163 2779 3056 12 62 2798 2970 5 72 2841 2978 2 21 2867 2935 2 38 2947 3011 
24 9 99 395 622 27 125 457 947 7 74 583 726 2 14 690 765 31 144 726 1284 1 10 852 877 1 5 901 919 23 216 1145 1739 6 88 1356 1505 19 90 1532 1869 16 156 1651 2045 11 83 1687 1853 7 92 1738 1934 2 17 1814 1870 3 19 1859 1938 25 121 1910 2352 25 174 1930 2438 14 231 1997 2561 28 225 2027 2507 16 89 2538 2848 5 77 2701 3007 6 83 2761 2964 1 14 2887 2940 1 10 3049 3072 
19 33 265 193 790 27 220 333 909 15 231 495 932 18 272 513 1048 34 314 623 1228 2 15 713 757 10 59 1251 1473 30 157 1620 2143 11 100 2127 2363 20 174 2135 2450 16 158 2393 2727 12 136 2412 2644 10 65 2424 2582 7 66 2492 2676 28 256 2510 3020 15 78 2545 2823 3 20 2918 2972 2 28 2975 3033 2 20 3036 3082 
15 25 193 254 662 15 171 696 1158 38 230 1000 1565 38 167 1006 1550 12 123 1012 1318 35 155 1082 1608 27 346 1317 1905 30 206 1426 1981 32 158 1612 2061 12 125 1825 2094 1 1 2206 2210 3 30 2244 2307 2 24 2529 2578 6 77 2832 3102 1 7 3020 3039 
19 27 198 332 876 21 181 374 852 11 75 431 619 11 127 441 687 27 178 466 999 1 4 482 490 25 136 614 1132 18 98 690 944 1 6 786 816 13 209 902 1259 13 115 1299 1570 15 157 1532 1854 19 269 1568 2110 41 209 2127 2739 4 40 2141 2235 12 92 2610 2813 6 31 2719 2807 7 51 2781 2975 8 27 2845 3018 
