10 82
12 118 118 1385 1684 72 72 1807 1997 7 7 1893 1908 36 101 2034 2236 55 68 2295 2431 37 37 2333 2419 147 219 2368 2888 176 194 2633 3033 52 97 3010 3206 3 5 3157 3169 28 28 3280 3367 8 10 3347 3372 
6 138 166 73 506 175 231 113 596 26 30 447 517 197 244 902 1536 106 192 1144 1588 163 235 1915 2423 
13 154 279 357 1023 48 110 475 735 66 158 973 1305 46 46 1453 1638 138 138 1877 2284 74 158 2490 2888 54 105 2641 2854 24 70 2816 2957 23 31 3117 3178 7 13 3278 3302 12 14 3330 3367 10 10 3357 3382 2 2 3380 3384 
6 125 247 31 444 99 99 174 439 202 208 1475 1960 167 167 1533 1966 93 105 2373 2609 28 36 2426 2531 
9 89 98 305 602 100 155 774 1083 118 178 988 1437 106 210 1733 2196 88 88 1994 2216 92 131 2551 2819 18 26 2872 2925 54 114 2903 3114 69 72 3211 3360 
7 3 3 43 51 21 37 201 321 90 111 1107 1396 175 177 1932 2359 20 35 2030 2101 164 200 2643 3212 236 287 2651 3307 
10 133 263 20 453 86 86 461 666 144 144 1408 1806 24 24 1633 1697 56 76 2195 2357 141 377 2337 2928 40 40 2849 2942 24 44 2948 3032 15 15 3107 3153 16 19 3123 3169 
5 138 138 677 1064 239 239 845 1441 86 131 979 1308 106 106 3006 3261 56 136 3024 3288 
7 161 161 624 921 49 49 865 1029 61 124 1528 1778 98 98 2085 2310 179 179 2317 2766 86 86 2589 2792 17 29 3148 3217 
7 136 295 872 1475 34 47 1400 1507 163 185 2116 2462 77 118 2318 2657 87 116 2323 2552 138 170 2380 2738 20 20 3291 3359 
