10 33
2 192 374 153 722 208 208 877 1376 
3 217 275 1813 2355 87 87 2480 2707 43 45 2897 3015 
4 148 163 2072 2456 101 156 2573 2810 48 57 2670 2822 29 29 2923 2993 
2 200 213 409 995 113 150 1053 1421 
2 166 255 2120 2706 139 139 2394 2723 
5 144 306 1078 1634 73 76 1653 1837 26 47 2795 2957 56 62 2826 2974 49 49 2976 3103 
4 259 259 837 1333 9 10 1740 1762 149 225 2431 2962 49 66 2801 2941 
4 20 28 902 958 253 253 1352 1775 24 46 1916 2026 43 43 2956 3086 
3 90 95 313 508 51 58 1515 1675 251 333 1893 2425 
4 2 4 377 387 168 203 1127 1616 90 90 1202 1488 47 47 2825 2951 
