10 128
15 141 202 306 949 41 54 917 1177 7 9 1188 1222 88 93 1359 1781 35 54 1365 1556 39 41 1811 1960 37 40 1990 2127 84 94 2329 2781 54 65 2375 2601 28 33 2555 2709 29 45 2893 3066 7 10 3167 3198 36 36 3174 3306 27 41 3177 3355 1 1 3381 3385 
13 22 22 282 393 37 60 540 798 127 127 628 1179 91 91 898 1230 56 56 1313 1526 111 136 1608 2103 2 2 1665 1674 92 152 1666 2081 1 1 2048 2052 37 37 2571 2748 78 78 2662 2926 24 45 2852 3022 11 13 3334 3383 
12 74 90 7 457 125 125 208 757 63 68 276 667 81 192 437 1021 6 9 968 1002 47 47 1229 1435 96 231 1248 1912 24 30 1694 1829 10 15 2195 2263 90 162 2265 2832 4 4 2935 2957 32 46 3161 3336 
15 42 58 64 366 71 89 181 543 63 106 400 851 21 27 717 810 34 51 885 1035 100 133 1385 1971 111 148 1736 2409 46 46 2104 2279 13 13 2460 2522 77 77 2593 2934 84 84 2611 2906 34 45 3068 3257 23 42 3149 3263 18 18 3181 3261 3 3 3367 3383 
10 55 105 534 1111 86 116 671 1074 112 195 1648 2220 109 109 1725 2105 87 141 1798 2266 21 21 1803 1920 97 97 2707 3280 36 39 2763 2929 75 93 2899 3383 66 76 3094 3374 
9 75 137 291 964 82 123 687 1110 28 47 1210 1453 71 71 1782 2203 132 132 1829 2269 107 138 2271 2721 106 121 2705 3321 66 90 2825 3186 4 7 3249 3274 
13 46 97 18 322 118 118 26 525 94 104 173 712 28 47 326 493 13 18 557 639 119 119 823 1411 57 67 1852 2114 86 143 1884 2410 112 146 2382 2813 51 77 2580 2806 25 37 3033 3182 4 15 3101 3143 2 7 3345 3363 
17 28 52 30 189 10 13 57 107 86 144 308 768 34 52 558 753 115 119 666 1265 12 19 869 944 15 40 927 1049 103 166 1516 2058 7 19 1548 1617 3 3 1697 1715 49 49 1785 2092 110 141 2273 2782 37 37 2428 2571 15 15 2942 3003 41 80 3095 3304 6 7 3232 3264 3 6 3306 3322 
12 65 77 150 554 141 184 254 835 136 145 413 1043 104 154 454 999 15 36 1364 1475 10 28 2149 2233 6 13 2337 2384 47 49 2489 2715 66 111 2624 2980 93 93 2837 3316 40 40 3046 3193 9 10 3262 3317 
12 46 85 109 375 14 17 594 695 194 194 1699 2185 1 2 1804 1816 24 35 1891 2022 104 104 1933 2348 53 88 2139 2526 118 167 2531 2979 63 84 2996 3268 39 46 3078 3264 1 2 3306 3314 1 3 3341 3350 
