10 67
6 92 224 237 557 8 12 247 295 23 35 1481 1565 146 249 1631 2243 67 94 1917 2245 27 54 2382 2562 
5 73 96 375 680 44 96 1804 2042 113 185 2119 2606 69 174 2637 2945 45 103 2664 2947 
7 43 87 1095 1368 54 91 1436 1715 41 237 1571 2058 19 37 1770 1859 89 264 2298 2900 115 149 2365 2911 6 115 2745 3046 
5 132 222 1586 2097 9 18 1837 1881 122 231 2336 2900 111 111 2342 2928 29 52 2691 2806 
6 111 244 194 609 3 7 225 243 131 212 251 859 41 88 479 700 42 92 734 960 95 151 1529 1869 
11 84 152 215 650 17 26 524 595 8 15 586 637 24 43 782 894 21 39 1013 1118 25 55 1163 1289 53 99 1615 1892 41 102 2161 2431 55 114 2331 2635 8 12 2348 2394 3 10 2871 2890 
8 7 19 572 614 47 91 802 1075 29 37 1309 1446 81 203 1657 2231 59 159 2135 2577 35 44 2336 2499 48 124 2461 2729 45 147 2645 2994 
6 89 296 338 912 24 45 385 482 11 34 745 843 83 207 852 1369 50 171 1827 2099 66 204 1891 2298 
5 68 200 987 1419 50 138 1588 1874 51 114 1932 2163 95 95 2061 2592 74 182 2658 3060 
8 53 238 347 802 133 133 352 901 42 79 1382 1579 24 49 1714 1842 1 1 2076 2082 23 33 2338 2467 36 100 2775 2950 21 47 2880 2969 
