10 58
7 51 168 694 1114 27 43 796 955 65 65 1399 1661 23 52 1464 1583 72 97 1522 1961 29 55 1630 1853 4 5 2859 2887 
8 7 8 149 180 98 113 865 1292 77 183 1322 1925 17 47 1721 1882 24 58 1930 2136 1 3 2101 2114 4 4 2347 2362 64 100 2372 2683 
3 72 72 5 292 157 187 1978 2596 78 121 2457 2941 
6 73 126 533 1000 19 19 1125 1208 96 96 1249 1636 16 37 1310 1457 58 78 1416 1739 56 63 1517 1771 
5 40 69 85 328 101 159 935 1551 119 193 1613 2188 32 53 2077 2306 36 44 2827 2981 
4 94 177 448 976 77 119 886 1335 34 43 1216 1365 92 113 2403 2875 
6 6 7 91 131 86 126 151 690 90 158 960 1439 80 92 1007 1397 19 21 1508 1577 30 34 2540 2652 
4 84 84 435 854 100 160 501 1093 9 9 764 807 76 108 801 1233 
10 65 106 756 1144 8 12 814 859 16 27 1144 1230 16 33 1295 1421 2 3 1423 1435 16 29 1776 1911 58 85 2211 2506 74 146 2265 2773 24 31 2773 2926 1 1 3058 3062 
5 35 35 454 577 44 51 635 843 101 161 1477 2035 76 76 2410 2714 12 17 2575 2632 
