10 100
10 156 156 142 511 180 180 221 751 33 44 373 476 32 32 645 729 218 218 1893 2559 161 225 2238 2652 149 211 2502 3214 147 204 2752 3210 79 104 3311 3528 34 43 3410 3509 
12 30 49 316 439 94 94 431 688 110 110 479 696 163 261 942 1531 57 59 1832 2056 202 308 2022 2709 214 333 2300 2984 20 24 2434 2479 133 133 2684 3027 4 4 2886 2898 71 71 2966 3162 50 56 3419 3543 
7 72 122 384 634 219 219 420 933 191 363 446 1071 115 143 1936 2404 48 48 2109 2245 278 278 2257 2750 204 227 2905 3391 
8 45 196 475 839 207 207 1336 1887 236 396 2328 3042 280 286 2538 3157 243 310 2663 3289 121 121 2906 3213 97 97 3108 3349 22 36 3129 3213 
10 94 99 118 339 258 267 973 1605 103 212 993 1494 69 80 1628 1797 74 74 1924 2138 189 189 2333 2846 136 146 2401 2790 75 97 2952 3132 116 183 2996 3395 71 71 3028 3250 
10 27 28 15 80 211 311 143 825 238 334 1290 1973 97 97 1687 1953 66 66 2363 2556 203 203 2622 3186 98 152 3040 3421 105 124 3377 3651 37 44 3399 3465 39 81 3514 3663 
11 198 198 223 676 76 76 1364 1607 50 50 1425 1564 152 165 1723 2072 204 204 2323 2794 178 178 2822 3268 95 111 2908 3123 20 30 2959 3036 136 136 3047 3507 57 111 3400 3648 7 9 3546 3565 
9 57 59 154 276 178 197 294 753 124 132 1050 1455 58 59 1444 1540 307 316 1887 2581 101 272 2606 3263 69 83 2741 2949 242 345 2840 3444 43 43 3563 3669 
12 14 24 264 313 119 119 434 689 68 109 942 1171 47 75 1139 1308 268 346 1409 2124 8 19 1495 1531 30 41 1745 1839 221 221 1769 2264 110 145 2074 2375 122 122 2166 2476 91 91 3223 3440 52 80 3244 3484 
11 21 21 377 426 317 317 399 976 131 131 528 787 247 247 1125 1781 257 257 1418 2036 50 51 1960 2116 120 120 2169 2526 19 19 3110 3158 44 59 3142 3338 35 94 3464 3658 13 13 3511 3547 
