10 170
17 5 16 341 395 48 51 451 677 61 61 688 877 63 112 744 1114 90 202 1026 1600 127 166 1124 1671 108 127 1405 1878 15 50 1456 1642 53 83 1628 1922 139 192 1677 2268 1 1 1680 1684 203 216 1934 2639 97 129 2079 2466 30 57 3022 3270 54 96 3122 3531 48 58 3196 3477 10 17 3380 3428 
16 60 143 269 913 118 118 303 785 58 58 494 699 35 43 761 938 5 11 1242 1270 138 138 1293 1845 111 111 1671 2171 61 63 1727 1934 78 78 1733 2132 51 75 1835 2093 54 88 2109 2401 127 183 2140 2748 15 16 2387 2446 115 138 3011 3443 72 126 3219 3619 2 6 3281 3310 
18 15 15 396 457 44 55 764 975 61 69 1192 1535 97 104 2250 2625 155 229 2414 3116 142 181 2435 3036 110 222 2445 2945 89 139 2616 3081 86 146 2620 3292 85 87 2629 3083 65 109 2854 3378 35 58 2929 3199 90 182 3126 3607 84 84 3180 3446 5 7 3253 3279 10 13 3342 3390 2 4 3654 3667 1 1 3664 3667 
21 37 51 86 237 12 25 114 223 85 107 222 674 130 130 320 815 113 113 834 1346 7 9 961 991 144 144 1055 1690 7 7 1194 1225 38 38 1195 1342 98 102 1339 1750 57 74 1468 1769 5 5 1854 1871 94 226 1903 2483 79 86 2503 2816 96 96 2627 3008 16 16 2986 3044 5 7 3157 3180 38 62 3205 3429 60 63 3340 3667 4 4 3345 3360 13 23 3362 3420 
13 28 49 248 454 52 128 525 1000 29 47 929 1135 65 149 1102 1560 40 71 1155 1388 75 133 1331 1700 117 120 1389 1776 166 166 1437 1989 46 46 1745 1949 127 263 1908 2589 98 98 2389 2753 133 215 2607 3254 122 134 2901 3450 
19 5 13 111 152 43 59 122 357 101 126 407 886 89 89 1100 1683 67 67 1353 1632 82 90 1428 1747 53 53 1534 1757 7 25 1632 1702 101 126 1720 2136 174 225 2242 2895 28 45 2428 2549 76 76 2449 2787 128 181 2467 3034 40 95 2559 2963 118 118 2934 3385 6 12 3282 3331 18 28 3512 3653 7 15 3573 3626 1 1 3665 3669 
19 89 124 59 677 140 140 171 903 100 100 531 1030 86 110 543 1012 1 1 556 564 27 27 627 773 80 121 791 1327 22 78 1688 1938 47 57 1728 1929 150 150 2206 2721 63 63 2331 2625 97 110 2675 3171 60 60 2988 3206 10 14 3119 3167 4 4 3153 3175 35 46 3259 3470 72 92 3285 3571 75 75 3349 3665 5 7 3510 3540 
19 97 165 228 931 69 103 258 629 55 63 414 667 110 157 442 1098 41 69 518 725 29 56 650 882 70 73 793 1148 32 79 839 1204 90 147 1501 1918 1 1 2041 2045 180 180 2190 2890 70 71 2284 2639 77 88 2356 2667 19 28 2524 2667 178 178 2782 3470 11 15 3381 3432 14 17 3416 3474 3 7 3454 3475 1 1 3572 3576 
12 56 85 907 1180 114 284 1016 1749 141 178 1298 1905 88 125 1638 2032 94 165 1731 2343 120 125 1854 2426 56 56 2017 2247 110 110 2225 2695 105 154 2496 3161 86 93 2612 3039 101 101 2814 3164 26 26 3404 3520 
16 51 63 11 213 155 200 212 916 132 162 239 782 79 104 282 650 66 66 331 548 108 108 343 753 12 12 415 476 106 106 664 1189 14 20 778 845 143 225 836 1500 81 81 1475 1849 87 118 2185 2564 18 38 2598 2708 24 50 2732 2921 33 33 2869 3029 8 11 3525 3569 
